Chip#2
103 116 103 118 108 110 107 106 106 107 96 107 0
101 116 136 134 133 126 118 118 106 107 100 107 1
107 116 152 134 126 110 112 116 106 107 109 107 2
101 116 122 182 216 110 145 198 106 155 240 123 3
133 132 123 166 200 126 145 166 122 155 192 123 4
149 132 116 134 109 126 110 116 122 123 106 123 5
133 116 113 134 144 110 110 118 106 107 112 107 6
133 100 107 134 152 94 109 111 106 107 110 91 7
117 116 111 102 105 110 107 108 106 107 107 107 8
101 100 114 102 99 94 113 118 106 107 122 91 9
101 100 111 102 100 94 110 123 106 107 116 107 10
101 100 114 102 95 94 111 108 106 91 107 15000 11

Chip#2
117 116 123 118 121 126 125 119 122 107 111 107 0
104 100 123 134 124 126 110 103 106 107 97 107 1
105 116 152 118 113 110 106 100 106 107 96 91 2
101 116 122 150 184 110 131 150 106 139 192 107 3
117 116 113 150 164 110 124 134 106 123 160 107 4
133 100 104 102 100 94 102 102 106 107 96 91 5
117 100 101 102 126 94 98 106 90 91 104 91 6
117 100 109 118 144 110 110 119 106 107 112 107 7
117 100 109 102 99 94 103 108 106 91 106 91 8
117 100 107 102 99 110 107 120 106 107 113 107 9
117 116 118 118 106 126 115 134 122 123 120 123 10
117 100 120 102 107 110 110 115 106 107 110 15000 11

Chip#2
105 100 109 102 111 110 109 108 106 91 97 91 0
101 100 124 118 133 110 115 116 106 107 105 107 1
101 100 136 118 118 110 111 111 106 91 104 91 2
101 116 121 150 168 110 126 150 106 139 176 107 3
117 116 115 134 161 110 125 134 106 123 144 107 4
133 116 112 118 105 110 109 110 106 107 101 107 5
133 116 118 118 133 110 114 118 106 107 121 107 6
133 116 116 134 144 126 116 118 106 123 118 107 7
117 100 107 102 96 110 103 103 106 91 99 91 8
105 100 108 97 93 110 106 117 106 107 111 107 9
107 100 110 102 104 110 112 122 106 107 112 107 10
101 100 114 102 100 110 106 105 106 107 106 15000 11

Chip#2
99 84 101 96 102 110 103 100 90 91 92 91 0
96 100 117 118 123 126 110 107 106 91 96 107 1
104 100 136 118 115 110 106 108 90 107 102 91 2
105 116 115 150 156 126 112 150 106 139 176 107 3
117 116 107 134 151 110 116 118 90 123 144 91 4
133 116 108 118 107 110 109 108 106 107 105 107 5
133 116 112 118 126 110 107 114 106 107 111 107 6
117 100 111 118 140 110 110 116 106 107 115 107 7
101 100 101 97 92 94 100 101 106 91 99 91 8
101 100 110 102 95 110 108 123 106 107 112 107 9
101 100 102 102 96 110 106 119 106 107 113 107 10
101 100 110 102 101 94 103 107 106 91 100 15000 11

Chip#2
103 100 103 102 108 110 110 105 106 107 102 107 0
101 100 120 134 127 126 115 113 106 107 106 107 1
101 100 120 118 112 110 105 105 106 91 101 91 2
105 100 114 134 159 110 119 134 90 123 160 91 3
117 116 108 134 151 126 120 134 106 123 160 107 4
133 116 109 102 104 110 107 106 106 107 102 91 5
117 100 108 118 124 110 106 112 106 107 108 107 6
117 100 107 118 133 110 107 115 106 107 117 91 7
117 100 105 102 98 110 103 107 106 107 106 107 8
101 100 108 102 100 94 110 123 106 107 117 91 9
117 116 112 118 100 110 108 123 106 107 120 107 10
101 100 109 102 104 110 110 110 106 107 106 15000 11

Chip#2
101 100 115 118 117 126 119 115 106 107 110 107 0
104 100 121 118 130 126 114 108 106 91 105 107 1
117 116 136 134 121 126 113 114 106 107 103 107 2
101 100 111 134 158 110 116 150 106 123 160 91 3
117 100 109 118 155 110 122 118 90 107 144 91 4
133 116 105 102 100 94 100 105 106 91 95 91 5
133 116 108 118 125 110 106 114 106 107 106 107 6
117 100 107 118 134 94 105 116 106 107 107 91 7
117 116 106 102 98 110 106 106 106 107 100 107 8
117 116 109 118 96 110 110 119 106 107 115 107 9
104 100 110 102 98 110 108 119 106 107 111 107 10
101 100 110 102 101 110 104 108 106 91 101 15000 11

Chip#2
117 116 109 118 114 126 113 109 106 107 103 107 0
101 116 136 134 132 126 115 111 106 91 101 107 1
101 132 168 134 124 110 116 112 106 107 112 107 2
117 116 119 166 216 126 137 182 106 155 240 107 3
117 116 118 150 200 110 140 150 106 139 176 107 4
149 132 119 118 111 110 112 108 106 107 105 107 5
133 100 110 134 144 110 112 112 106 107 112 107 6
133 100 114 134 155 110 114 118 106 107 108 91 7
117 100 104 102 98 94 102 104 90 91 96 91 8
101 100 107 102 95 94 107 117 106 107 113 107 9
117 116 117 118 104 110 112 118 106 107 122 107 10
101 100 114 102 100 110 107 107 106 107 104 15000 11

Chip#2
107 100 104 102 111 110 104 106 90 91 93 91 0
101 116 136 134 132 126 118 112 106 107 100 107 1
103 116 152 134 115 110 104 102 90 91 97 91 2
101 100 120 166 200 110 135 182 106 155 224 107 3
133 116 116 150 200 110 136 150 106 139 192 107 4
149 132 114 118 108 110 112 109 106 107 102 107 5
133 116 113 118 140 94 103 116 90 91 110 91 6
133 100 102 134 149 94 100 108 106 107 101 91 7
117 116 110 102 94 110 106 101 106 107 104 107 8
101 100 116 102 98 94 109 118 106 107 121 91 9
117 116 112 102 96 110 108 118 106 107 118 107 10
101 100 101 95 90 94 94 99 90 91 95 15000 11

Chip#2
101 100 105 118 117 126 109 105 106 107 101 107 0
101 116 136 134 133 126 113 111 106 107 102 107 1
95 116 168 134 120 110 99 105 106 91 94 91 2
117 116 122 182 216 126 139 182 106 155 240 107 3
133 132 116 166 200 126 136 166 106 139 192 107 4
149 132 110 118 108 110 107 107 106 107 102 91 5
133 116 110 134 148 110 104 116 106 107 107 91 6
133 116 107 134 153 110 101 111 106 107 108 107 7
117 116 103 102 100 110 103 102 106 91 101 91 8
117 116 112 118 99 110 115 118 106 107 124 107 9
103 100 104 86 96 94 104 119 90 91 112 91 10
101 100 105 102 99 110 102 102 106 107 100 15000 11

Chip#2
101 100 115 102 117 126 110 111 106 107 105 107 0
101 116 136 134 138 126 113 112 106 91 111 107 1
99 116 168 134 117 126 104 105 106 107 104 107 2
101 100 123 166 216 110 139 182 106 155 224 107 3
133 116 117 150 200 110 138 166 106 139 192 107 4
165 132 120 118 112 126 113 113 122 123 108 123 5
133 116 103 118 140 94 103 111 106 107 104 91 6
117 100 105 118 152 94 103 109 90 91 107 91 7
117 100 109 102 104 94 102 110 90 107 102 91 8
101 100 111 86 99 94 108 122 90 107 118 91 9
105 100 110 102 101 110 108 120 106 107 121 107 10
101 100 113 102 100 110 106 107 106 107 103 15000 11

Chip#2
117 116 115 118 115 126 112 111 106 107 107 107 0
103 116 152 150 131 142 110 108 106 107 100 123 1
101 132 168 150 117 126 100 101 106 107 98 107 2
117 116 123 182 216 110 141 182 106 155 240 107 3
133 116 117 150 200 110 136 150 106 139 192 107 4
133 116 110 102 100 94 100 102 90 91 100 91 5
149 116 105 134 145 110 104 111 106 107 108 107 6
117 100 104 134 152 94 100 105 90 91 104 91 7
117 100 105 102 102 94 102 104 106 91 100 91 8
117 116 109 97 95 110 107 114 106 123 112 107 9
101 100 110 102 98 110 112 119 106 91 115 107 10
101 116 115 102 107 110 108 108 106 107 108 15000 11

Chip#2
101 116 113 118 118 126 112 108 122 107 102 107 0
105 116 136 134 137 126 113 110 106 91 104 107 1
101 132 168 134 124 110 113 113 106 107 103 107 2
117 116 122 166 216 126 142 182 122 155 240 107 3
133 132 117 150 200 110 137 166 106 139 192 107 4
133 116 107 102 101 94 100 103 106 91 95 91 5
133 116 116 134 149 94 112 116 106 107 112 91 6
133 100 105 134 152 110 100 110 106 91 107 107 7
117 116 102 95 93 110 100 101 106 107 96 107 8
107 100 105 102 93 94 105 117 106 107 111 107 9
101 100 115 102 101 94 112 118 106 107 118 107 10
101 100 115 102 102 110 108 107 106 107 102 15000 11

Chip#2
117 116 121 118 118 126 119 116 106 107 111 107 0
101 116 136 134 132 126 112 106 106 107 104 107 1
101 132 168 134 120 126 113 107 106 107 106 107 2
117 116 120 182 216 126 143 198 106 171 240 123 3
117 116 111 150 200 110 126 150 106 139 192 107 4
133 116 114 102 107 110 109 111 90 107 106 91 5
149 116 117 134 156 110 119 117 106 123 122 107 6
117 100 114 134 161 110 105 112 106 91 112 91 7
101 100 108 102 101 94 104 105 90 91 99 91 8
101 100 104 91 93 94 103 112 90 107 108 91 9
105 100 108 102 96 110 107 117 106 107 112 107 10
117 116 109 102 99 110 102 103 106 107 105 15000 11

Chip#2
117 116 117 118 123 126 119 111 106 107 111 123 0
101 116 152 134 134 126 119 110 106 107 104 107 1
101 132 168 150 123 126 113 108 106 107 107 107 2
117 116 122 182 216 126 141 182 106 155 240 107 3
133 132 119 166 200 126 142 166 106 139 192 107 4
149 132 114 118 105 110 107 103 106 107 105 107 5
149 116 116 134 150 110 114 118 106 107 117 107 6
133 116 115 150 164 110 112 122 106 107 116 107 7
133 116 110 102 96 110 108 107 106 107 107 107 8
101 100 113 102 102 94 115 15 106 107 121 107 9
101 116 113 102 104 110 112 118 106 107 118 107 10
105 100 110 102 98 110 101 99 106 107 101 15000 11

Chip#2
101 100 110 118 115 126 113 111 106 107 101 107 0
117 116 152 150 133 142 116 109 106 107 101 107 1
101 132 168 134 126 126 112 116 106 107 108 107 2
117 116 120 182 216 126 141 182 106 155 240 107 3
133 116 117 150 200 110 134 166 106 139 192 107 4
149 116 110 102 108 110 103 103 106 107 100 107 5
133 116 108 134 149 110 109 110 106 107 112 91 6
133 100 100 134 153 94 99 101 106 107 102 91 7
117 100 104 102 94 110 97 100 106 107 97 107 8
105 100 107 102 92 110 104 116 106 107 107 107 9
101 116 111 102 102 110 112 122 106 107 116 107 10
101 100 103 102 98 94 100 99 90 91 96 15000 11

Chip#2
101 100 111 102 113 126 109 108 106 91 99 107 0
105 100 136 134 130 126 109 107 90 91 99 91 1
101 132 168 150 124 126 110 107 106 107 107 107 2
117 116 121 166 216 126 147 182 106 155 240 107 3
133 116 113 150 200 110 134 166 106 139 192 107 4
133 116 110 102 107 94 110 112 90 91 100 91 5
133 116 113 118 146 94 113 115 106 91 112 91 6
149 132 119 150 170 126 121 121 122 123 118 123 7
117 100 109 102 101 94 106 105 90 91 104 91 8
101 100 105 102 96 110 112 119 106 107 116 107 9
101 116 107 118 98 110 112 123 106 107 115 107 10
117 116 113 118 99 110 108 105 106 107 102 15000 11

Chip#2
105 100 104 102 108 110 106 101 106 107 99 91 0
101 116 136 134 137 126 116 112 106 107 104 107 1
101 132 168 134 119 110 110 108 106 107 110 107 2
117 116 120 182 232 126 139 198 122 171 240 107 3
117 116 110 150 200 110 127 150 106 139 192 107 4
149 116 115 102 106 110 112 111 106 107 104 91 5
133 100 111 118 145 110 109 108 106 107 112 91 6
117 100 102 134 149 94 96 100 90 91 101 91 7
133 116 108 102 102 110 106 105 106 107 103 107 8
101 100 108 102 102 94 110 119 90 107 116 91 9
117 116 110 118 100 110 115 119 106 107 123 107 10
101 100 110 102 96 94 104 97 106 91 101 15000 11

Chip#2
103 100 110 118 112 126 108 105 106 107 102 107 0
101 116 136 134 138 126 115 113 106 91 105 107 1
107 132 184 150 126 126 107 110 106 107 102 107 2
101 116 120 166 216 110 139 182 106 155 224 107 3
133 116 124 150 200 110 140 166 106 139 192 107 4
149 132 119 118 112 110 114 107 106 107 107 107 5
149 116 110 134 145 110 110 111 106 107 108 107 6
117 100 105 134 150 94 103 106 90 91 106 91 7
117 116 113 102 100 110 109 108 106 107 106 91 8
117 116 117 118 104 110 119 118 122 123 122 107 9
117 116 114 102 98 110 116 118 106 107 120 107 10
117 116 115 118 105 110 108 111 106 107 109 15000 11

Chip#2
101 100 109 102 113 110 109 99 106 91 105 107 0
101 116 136 134 131 126 110 102 106 91 95 107 1
101 116 152 134 117 110 105 102 106 91 104 91 2
101 100 123 166 216 110 138 166 106 155 224 107 3
117 116 111 150 200 110 130 150 106 139 176 107 4
149 132 116 102 109 110 116 111 106 107 106 107 5
149 116 117 134 155 110 109 117 106 107 117 107 6
133 116 115 134 158 110 108 111 106 107 112 107 7
117 100 110 102 98 110 104 107 106 107 104 91 8
117 116 114 102 90 110 108 119 106 107 117 107 9
101 100 116 102 99 110 113 118 106 107 118 107 10
103 100 111 96 94 110 96 100 106 107 104 15000 11

Chip#2
107 100 105 102 112 110 107 105 106 91 105 91 0
117 116 136 134 134 126 117 110 106 107 102 107 1
101 132 168 134 123 126 114 113 106 107 111 107 2
117 116 120 166 200 126 132 166 122 155 208 107 3
117 116 115 134 168 110 122 134 90 123 160 107 4
133 116 102 86 102 94 98 99 90 91 95 91 5
149 116 110 134 138 110 112 112 106 107 115 107 6
117 116 104 118 142 94 102 105 106 107 104 91 7
117 116 109 102 101 110 102 102 106 107 104 107 8
101 116 105 102 95 110 108 118 106 107 113 107 9
101 116 113 102 104 110 112 118 106 107 120 107 10
117 116 116 118 101 110 108 107 122 107 105 15000 11

