Chip#2
148 155 123 94 0 127 105 16 190 98 79 189 0 0
132 139 119 94 1 111 101 15 174 98 75 189 1 0
148 155 167 110 17 127 111 25 190 114 86 189 2 0
148 155 133 317 337 143 272 389 206 281 376 205 3 0
148 155 127 298 337 143 272 373 206 283 360 205 4 0
132 139 123 94 1 111 119 30 190 98 90 173 5 0
132 139 118 257 289 127 407 805 222 485 952 221 6 0
132 123 106 265 289 127 374 738 206 370 728 205 7 0
132 139 117 94 1 127 113 27 190 98 89 189 8 0
148 139 124 94 1 127 437 837 222 566 1000 237 9 0
132 139 120 78 0 127 382 748 222 418 787 221 10 0
116 123 114 78 0 111 98 23 174 98 79 15000 11 0
Chip#2
148 139 123 78 0 111 99 13 174 82 77 173 0 50
148 139 125 94 1 127 103 15 190 114 73 189 1 0
132 155 167 110 17 127 111 26 190 114 92 189 2 0
132 139 114 295 337 127 261 373 190 270 360 189 3 0
132 139 114 282 366 111 261 341 190 275 241 189 4 0
132 139 110 94 0 111 101 20 174 114 80 173 5 0
132 139 118 250 289 127 405 805 206 489 936 205 6 0
148 139 112 265 357 143 372 741 222 386 744 221 7 0
132 139 115 94 1 111 113 23 190 114 85 189 8 0
132 139 114 78 1 127 421 821 222 554 984 221 9 0
132 123 120 78 0 111 377 746 206 402 786 221 10 0
132 139 121 94 0 127 110 32 190 98 85 15000 11 0
Chip#2
132 139 117 78 0 111 102 10 174 98 76 189 0 51
132 139 123 94 60 127 100 15 174 98 69 189 1 0
148 155 167 110 17 127 117 26 190 114 84 189 2 0
132 139 124 300 337 127 261 373 190 276 360 189 3 0
148 139 127 291 321 143 270 357 206 279 344 205 4 0
132 139 127 94 1 111 115 27 190 98 85 173 5 0
132 139 123 262 289 127 411 805 206 488 936 221 6 0
132 139 123 271 357 127 375 743 222 370 728 205 7 0
116 123 113 78 0 111 110 27 174 98 88 173 8 0
132 139 118 78 0 111 421 821 222 558 968 221 9 0
132 139 128 94 0 127 386 755 222 418 792 221 10 0
132 123 113 105 0 111 99 25 174 98 81 15000 11 0
Chip#2
148 155 127 78 0 111 107 18 174 98 83 189 0 51
132 139 125 94 1 111 99 15 174 98 75 189 1 0
132 139 167 94 17 127 113 27 190 114 84 189 2 0
132 139 118 307 337 127 261 373 190 276 360 189 3 0
148 155 128 286 337 143 270 373 206 283 360 205 4 0
132 139 114 78 1 111 103 25 174 98 81 173 5 0
148 139 118 250 348 127 406 805 222 484 952 221 6 0
132 139 113 263 351 127 374 738 206 386 744 221 7 0
132 123 113 78 351 95 105 19 174 98 81 173 8 0
132 139 113 78 351 127 420 837 222 558 984 221 9 0
132 139 118 94 0 127 387 737 222 418 787 221 10 0
132 139 115 94 0 111 103 23 190 98 82 15000 11 0
Chip#2
132 139 125 78 0 111 106 12 174 98 79 189 0 51
132 139 128 94 17 127 110 22 190 114 82 189 1 0
148 139 131 94 1 127 101 17 190 114 78 189 2 0
116 123 119 301 321 111 261 373 190 273 344 189 3 0
132 123 118 280 365 127 261 341 190 270 241 189 4 0
132 139 113 94 0 111 103 16 174 98 81 173 5 0
132 139 114 250 289 127 403 805 206 480 936 221 6 0
132 139 117 270 289 127 378 738 206 370 728 205 7 0
116 123 112 78 0 111 105 19 174 98 86 173 8 0
132 139 114 94 0 127 418 837 222 557 984 221 9 0
132 139 115 94 0 127 382 743 222 402 791 221 10 0
116 123 114 78 0 111 98 20 174 98 83 15000 11 0
Chip#2
132 139 112 78 0 111 94 10 174 98 73 173 0 51
132 139 120 94 1 111 97 9 174 98 73 189 1 0
116 123 151 94 0 111 103 12 174 98 24 173 2 0
116 139 123 308 321 127 261 373 190 277 360 189 3 0
132 139 125 287 321 127 270 357 206 283 344 189 4 0
132 139 114 78 0 111 105 23 174 98 79 173 5 0
132 139 123 255 350 127 409 805 222 490 952 221 6 0
132 139 120 274 360 127 378 743 206 370 728 205 7 0
132 123 112 78 360 111 102 23 174 98 86 173 8 0
132 139 113 78 360 111 418 821 222 556 984 221 9 0
132 139 121 94 0 127 384 752 222 418 790 221 10 0
148 139 118 94 1 127 103 25 190 114 85 15000 11 0
Chip#2
148 155 121 94 1 127 107 12 190 114 77 205 0 51
132 139 121 94 1 111 105 13 174 98 75 173 1 0
132 155 167 110 1 127 103 17 190 114 76 189 2 0
132 139 127 306 337 127 261 389 190 276 360 189 3 0
132 139 118 287 321 127 261 357 190 278 344 189 4 0
132 139 113 94 1 127 110 26 174 114 80 173 5 0
148 139 114 246 340 127 406 805 222 476 952 221 6 0
132 139 124 276 359 127 386 748 206 370 744 221 7 0
132 139 113 94 0 127 106 23 190 114 84 173 8 0
132 139 118 78 0 111 421 821 206 556 968 221 9 0
116 123 112 104 0 111 379 739 206 402 786 205 10 0
132 123 112 78 0 111 102 20 174 98 79 15000 11 0
Chip#2
132 139 115 78 0 111 102 9 174 98 71 173 0 52
132 139 127 94 1 111 103 13 174 98 77 173 1 0
132 139 167 110 1 127 107 26 190 114 85 189 2 0
132 139 123 306 337 127 261 373 190 278 360 189 3 0
132 139 115 283 366 127 261 357 190 274 344 189 4 0
148 139 120 94 1 127 118 33 190 114 88 189 5 0
132 139 117 254 289 127 411 805 206 484 952 221 6 0
148 139 122 271 355 143 380 739 222 386 744 221 7 0
132 139 124 78 0 127 117 33 190 114 97 189 8 0
132 139 113 78 0 111 421 837 206 552 984 221 9 0
132 139 124 78 0 111 390 749 206 402 796 221 10 0
132 139 117 94 0 111 103 25 190 114 86 15000 11 0
Chip#2
148 155 128 94 1 127 110 19 190 98 81 189 0 52
148 155 131 94 1 127 105 17 174 98 76 189 1 0
132 139 167 110 17 127 109 16 190 114 81 189 2 0
132 139 114 294 321 127 261 373 190 274 360 189 3 0
132 139 151 284 366 127 261 341 206 280 344 189 4 0
148 139 121 94 1 127 110 20 190 114 80 189 5 0
132 139 120 253 340 127 407 805 206 478 936 221 6 0
132 123 120 268 289 111 376 734 206 370 728 205 7 0
132 139 120 94 1 127 111 26 190 114 89 189 8 0
116 123 109 102 39 111 413 821 206 547 968 205 9 0
116 123 128 94 0 111 384 743 222 402 788 221 10 0
132 123 121 78 0 111 109 30 174 98 84 15000 11 0
Chip#2
148 139 118 78 0 111 97 8 174 98 69 189 0 52
148 155 131 110 17 143 109 22 190 114 76 205 1 0
132 139 151 94 1 127 114 27 190 98 86 189 2 0
148 139 131 316 353 143 277 389 206 281 376 205 3 0
132 139 120 286 321 127 277 341 190 280 344 189 4 0
132 139 118 94 1 111 110 23 190 114 81 173 5 0
148 139 127 261 350 127 411 821 222 490 952 221 6 0
116 123 106 258 289 111 369 736 206 354 728 205 7 0
132 139 120 78 0 111 115 26 190 98 90 189 8 0
132 139 121 78 0 127 421 821 222 558 984 221 9 0
132 139 120 78 0 127 384 747 222 402 787 221 10 0
132 123 108 105 0 111 99 15 174 98 73 15000 11 0
Chip#2
148 155 124 94 1 127 109 25 190 114 85 189 0 52
132 139 123 94 1 127 103 18 174 98 72 189 1 0
132 139 133 94 1 127 103 18 190 98 77 189 2 0
132 139 125 307 337 143 277 389 190 274 360 189 3 0
132 139 115 283 362 127 261 341 190 270 241 189 4 0
132 139 116 78 1 111 102 22 174 98 80 173 5 0
132 139 114 253 289 127 402 805 222 480 936 205 6 0
132 123 110 263 352 127 377 736 206 370 728 205 7 0
132 139 113 105 0 127 106 22 190 98 88 189 8 0
132 123 112 104 0 111 417 821 206 555 968 221 9 0
132 139 114 78 0 111 380 741 206 402 782 205 10 0
132 139 115 78 0 127 109 25 190 98 86 15000 11 0
Chip#2
148 155 121 94 1 127 101 10 190 98 68 189 0 53
132 139 130 94 1 127 105 19 174 98 77 189 1 0
132 139 131 94 1 127 105 16 190 98 76 173 2 0
116 123 118 296 321 127 261 373 190 271 360 189 3 0
132 139 123 286 321 143 270 357 190 280 344 189 4 0
132 139 120 94 1 127 110 22 190 98 86 189 5 0
132 123 109 245 335 111 397 789 206 474 936 205 6 0
148 139 118 275 355 127 380 738 222 386 744 221 7 0
132 139 115 78 0 127 100 12 190 114 85 173 8 0
132 139 120 78 0 111 421 821 206 555 984 221 9 0
132 139 123 78 0 111 387 750 206 402 790 221 10 0
148 155 118 94 50 127 101 20 190 114 86 15000 11 0
Chip#2
132 139 124 78 0 111 101 13 174 98 77 189 0 53
132 139 127 94 1 127 102 22 174 98 77 189 1 0
148 155 167 110 17 127 111 22 190 114 86 189 2 0
132 139 127 308 353 143 277 389 206 275 376 205 3 0
148 139 114 284 365 143 277 357 206 276 344 189 4 0
132 139 117 78 0 111 114 22 174 98 83 173 5 0
148 139 127 262 350 143 412 805 222 485 952 221 6 0
132 123 114 265 289 127 372 736 222 370 728 205 7 0
132 123 119 78 0 111 106 27 174 98 88 173 8 0
132 139 113 78 0 111 421 837 206 557 984 221 9 0
132 123 112 105 0 111 378 742 206 402 780 221 10 0
132 139 117 94 0 127 107 20 190 114 82 15000 11 0
Chip#2
132 139 130 78 0 111 107 20 174 98 80 189 0 53
132 139 130 94 1 127 106 17 190 98 77 189 1 0
132 139 151 94 1 111 113 29 174 98 86 173 2 0
116 139 125 299 321 127 261 373 190 271 360 189 3 0
132 139 124 283 321 127 270 357 206 280 344 205 4 0
148 155 125 94 64 127 114 30 190 114 84 189 5 0
132 139 118 254 289 127 409 805 206 480 936 221 6 0
132 139 123 271 357 127 380 741 222 386 728 221 7 0
132 123 119 78 0 111 113 25 174 98 92 173 8 0
116 123 116 78 0 111 416 821 206 555 968 221 9 0
116 123 118 105 0 111 387 745 206 402 782 205 10 0
132 139 115 78 0 111 106 19 190 98 77 15000 11 0
Chip#2
148 155 130 94 1 127 110 20 174 98 85 189 0 54
132 139 121 94 1 127 99 10 174 98 75 189 1 0
132 155 167 94 67 127 107 25 190 114 74 189 2 0
148 155 124 308 353 143 274 389 206 275 376 205 3 0
148 139 133 296 337 143 273 357 206 288 344 205 4 0
132 139 117 94 1 127 110 29 174 114 81 173 5 0
132 123 128 260 289 127 414 805 206 481 936 205 6 0
132 139 118 267 354 127 384 743 222 370 728 205 7 0
132 139 117 94 1 111 107 19 190 98 82 189 8 0
148 155 123 94 51 127 437 853 222 564 1000 237 9 0
132 123 118 78 0 127 388 746 222 418 792 221 10 0
132 139 123 94 0 127 105 22 190 114 84 15000 11 0
Chip#2
148 155 120 78 0 127 99 3 174 98 75 189 0 54
148 155 167 110 17 143 117 25 190 114 88 205 1 0
132 139 167 110 1 127 109 22 190 114 81 189 2 0
116 139 127 306 337 127 261 373 190 279 360 189 3 0
132 123 120 288 305 127 261 357 190 273 241 189 4 0
148 155 121 94 68 127 109 26 190 114 86 189 5 0
148 139 121 257 355 127 411 805 222 480 936 221 6 0
132 123 119 268 289 127 377 737 206 370 728 205 7 0
132 139 112 78 1 127 106 25 190 114 86 189 8 0
132 139 121 78 1 111 421 837 222 563 984 221 9 0
132 123 116 78 0 111 390 753 206 402 801 221 10 0
132 123 113 78 0 111 102 19 174 98 80 15000 11 0
Chip#2
148 155 128 94 1 127 110 20 190 98 85 189 0 54
132 139 130 94 1 127 103 23 174 98 80 189 1 0
132 139 167 94 17 127 111 23 190 98 80 189 2 0
148 139 125 312 353 143 293 389 206 284 376 205 3 0
132 123 122 280 365 127 261 341 190 273 241 189 4 0
132 139 118 94 1 127 117 29 190 98 88 189 5 0
132 139 121 254 343 127 411 805 222 480 936 221 6 0
148 139 122 265 356 143 384 743 222 386 744 221 7 0
132 123 117 78 0 111 105 25 174 98 85 173 8 0
132 139 120 94 1 127 437 837 222 557 984 221 9 0
132 139 117 78 1 127 387 744 222 402 784 221 10 0
116 123 112 104 44 111 105 12 174 98 79 15000 11 0
Chip#2
148 155 130 94 1 127 111 19 190 98 84 189 0 54
132 139 131 94 1 127 110 19 190 98 83 189 1 0
148 139 133 110 17 127 107 22 190 114 78 189 2 0
132 139 121 309 337 127 277 373 190 269 360 189 3 0
132 123 113 283 366 127 261 357 190 269 241 189 4 0
148 155 127 94 17 127 114 30 190 114 89 189 5 0
148 139 124 259 347 127 411 805 222 485 936 221 6 0
132 155 115 267 352 127 374 741 222 386 744 221 7 0
132 123 120 78 0 111 113 29 174 98 88 173 8 0
132 139 130 94 0 127 437 837 222 563 984 221 9 0
132 139 125 94 1 127 392 755 222 418 791 221 10 0
132 139 118 94 53 127 103 20 190 98 81 15000 11 0
Chip#2
148 155 125 94 1 127 114 13 174 98 77 189 0 55
132 139 133 94 17 127 106 13 190 98 76 189 1 0
132 139 167 110 1 127 107 22 190 114 82 189 2 0
132 139 121 299 337 127 277 389 190 265 360 189 3 0
132 139 123 291 321 127 261 357 190 279 344 189 4 0
148 139 125 94 1 127 114 30 190 114 89 189 5 0
132 123 113 250 341 111 401 805 206 478 920 221 6 0
132 139 121 271 361 127 382 747 206 386 728 221 7 0
132 123 112 78 0 111 106 20 190 98 81 173 8 0
132 139 112 94 0 127 421 837 222 556 984 221 9 0
132 123 118 78 0 111 386 750 222 402 791 221 10 0
132 123 111 104 0 111 98 13 174 98 75 15000 11 0
Chip#2
132 139 128 94 0 127 105 15 190 98 84 189 0 55
132 139 124 94 1 127 102 13 174 98 72 189 1 0
132 139 167 94 65 127 109 20 190 114 81 189 2 0
132 139 124 307 337 143 277 389 206 273 360 205 3 0
132 139 123 288 321 143 277 373 206 279 344 205 4 0
132 139 105 94 1 111 102 19 174 98 75 173 5 0
132 123 114 257 289 127 401 805 206 479 936 221 6 0
132 139 118 261 357 127 381 737 222 386 744 221 7 0
116 123 116 78 357 111 111 15 174 98 80 173 8 0
116 123 111 102 357 111 418 837 206 552 968 221 9 0
132 139 117 94 0 127 387 750 222 418 796 221 10 0
132 139 128 94 1 127 113 27 190 114 86 15000 11 0
Chip#2
132 139 124 78 0 111 101 15 174 98 77 173 0 55
132 139 167 94 17 127 110 16 190 98 77 189 1 0
132 139 167 110 17 127 114 20 190 114 82 189 2 0
116 123 123 300 321 127 261 373 190 271 344 189 3 0
132 139 127 283 305 127 261 341 190 226 241 189 4 0
148 139 125 94 1 127 118 30 190 114 90 189 5 0
132 139 118 253 289 127 409 805 206 478 936 221 6 0
132 139 120 262 289 127 381 738 206 354 728 205 7 0
132 139 120 78 0 111 113 26 174 98 85 189 8 0
132 139 117 78 0 111 421 821 222 551 968 221 9 0
132 139 120 94 1 127 386 750 222 418 787 221 10 0
132 139 120 94 0 127 106 20 190 98 80 15000 11 0
Chip#2
132 139 128 78 0 111 103 15 174 98 80 189 0 55
132 139 121 94 1 111 102 9 174 98 68 173 1 0
132 139 167 94 1 127 111 26 190 114 85 189 2 0
132 139 125 304 337 127 277 389 190 273 360 189 3 0
132 139 118 282 321 127 261 341 190 274 344 189 4 0
148 139 115 94 1 127 107 19 190 98 74 189 5 0
148 139 120 252 289 127 403 805 222 478 936 221 6 0
132 139 118 266 350 127 382 735 206 370 728 221 7 0
132 139 115 78 0 127 106 23 174 98 82 189 8 0
132 139 118 94 0 127 416 837 222 551 984 237 9 0
116 123 121 78 0 111 388 747 206 402 787 221 10 0
132 139 120 78 0 127 109 22 190 98 85 15000 11 0
Chip#2
148 155 127 94 1 127 107 16 190 114 80 189 0 56
132 139 114 94 1 111 101 8 174 98 68 189 1 0
132 139 167 94 1 127 106 20 190 98 81 173 2 0
132 139 127 313 337 127 277 389 190 276 360 189 3 0
132 139 121 286 321 127 261 357 190 279 344 189 4 0
148 139 125 94 1 127 119 36 190 114 90 189 5 0
148 139 120 254 338 127 405 805 222 474 952 221 6 0
132 139 118 271 351 127 380 744 206 370 728 205 7 0
148 139 110 105 0 127 105 22 190 114 85 189 8 0
132 139 117 78 0 127 421 837 222 557 984 221 9 0
132 139 120 78 1 127 390 748 222 418 795 221 10 0
132 139 128 78 0 127 117 26 190 114 93 15000 11 0
Chip#2
148 155 124 94 1 127 106 16 190 98 81 189 0 56
132 139 128 94 17 111 107 18 174 98 80 189 1 0
132 139 151 94 1 111 103 16 174 98 77 173 2 0
132 139 125 304 321 127 261 373 190 271 360 189 3 0
132 139 123 283 365 127 261 357 190 278 344 189 4 0
132 139 121 78 1 111 110 23 190 98 84 173 5 0
132 139 121 258 289 127 405 805 206 483 936 205 6 0
148 139 127 276 360 127 386 748 222 386 744 221 7 0
132 139 115 78 1 127 111 25 190 114 88 189 8 0
116 123 124 78 0 111 421 821 206 557 984 221 9 0
132 139 117 78 0 111 391 754 222 402 794 221 10 0
116 123 117 104 0 111 105 16 174 98 75 15000 11 0
Chip#2
148 139 114 105 0 111 97 8 174 98 75 189 0 56
132 139 151 94 1 127 111 26 190 98 83 189 1 0
132 139 130 94 1 127 98 12 190 98 69 189 2 0
148 155 127 308 353 143 293 389 206 274 376 205 3 0
148 139 123 287 321 143 277 357 206 274 344 205 4 0
132 139 117 94 0 127 106 29 174 98 77 173 5 0
148 139 127 259 342 127 406 821 222 483 952 221 6 0
132 123 121 267 289 127 375 737 206 370 728 205 7 0
132 139 109 94 289 111 106 19 190 98 82 189 8 0
132 139 114 78 0 111 421 821 222 557 984 221 9 0
132 139 125 94 0 127 392 757 222 418 800 221 10 0
132 123 116 78 0 111 101 19 174 98 79 15000 11 0
Chip#2
148 139 130 78 0 111 102 9 174 98 76 173 0 57
132 139 130 94 1 127 111 22 174 98 79 189 1 0
132 155 167 110 1 127 111 19 190 114 82 189 2 0
132 139 123 301 337 127 277 389 206 267 360 189 3 0
148 139 123 286 361 143 277 357 206 274 344 189 4 0
148 139 115 94 1 127 105 20 190 114 77 189 5 0
132 123 122 260 289 127 416 805 206 484 936 205 6 0
132 123 111 261 289 127 376 740 206 370 728 205 7 0
132 139 117 94 53 127 107 23 190 114 84 189 8 0
148 139 121 94 1 127 437 853 222 553 984 237 9 0
132 139 121 94 1 127 391 748 222 418 791 221 10 0
132 139 121 78 0 111 107 26 190 98 89 15000 11 0
Chip#2
148 155 151 94 1 127 107 22 190 98 92 189 0 57
132 139 128 94 17 127 109 20 190 98 81 189 1 0
132 139 127 94 1 127 103 13 174 98 79 173 2 0
132 139 127 300 321 127 277 373 190 271 360 189 3 0
132 139 123 283 361 127 261 341 190 278 350 189 4 0
132 123 122 78 0 111 115 30 174 98 83 173 5 0
132 139 117 254 338 143 409 805 222 475 952 221 6 0
132 139 118 261 346 127 376 738 222 370 744 205 7 0
132 139 117 78 346 111 107 25 190 98 86 189 8 0
132 139 117 94 0 127 437 837 222 559 984 221 9 0
132 139 121 78 0 111 391 750 222 402 794 221 10 0
132 139 120 94 0 127 107 20 190 114 80 15000 11 0
Chip#2
148 155 123 94 1 127 109 20 190 98 80 189 0 57
132 123 126 78 1 111 103 18 174 82 75 173 1 0
132 139 131 94 1 111 105 19 174 98 80 173 2 0
132 139 127 300 321 127 261 373 190 269 360 205 3 0
132 139 118 284 359 127 261 341 190 273 351 189 4 0
148 139 120 94 1 127 115 32 190 98 86 189 5 0
132 139 115 249 289 127 405 805 206 479 936 205 6 0
132 139 151 275 359 127 382 744 222 370 728 221 7 0
132 123 122 78 0 111 109 29 174 98 90 173 8 0
132 139 124 94 0 127 421 837 222 560 984 221 9 0
132 139 123 94 0 111 388 749 222 418 791 221 10 0
132 139 114 94 0 111 102 10 190 114 76 15000 11 0
Chip#2
132 139 128 78 0 111 106 9 174 98 76 173 0 58
148 139 124 110 17 127 105 15 190 114 71 189 1 0
132 139 125 94 1 127 109 25 190 98 75 189 2 0
132 139 124 301 337 127 277 373 190 270 344 189 3 0
132 139 125 291 366 127 261 341 206 280 241 189 4 0
132 139 124 78 1 127 114 29 190 98 86 173 5 0
148 139 133 258 350 143 416 821 222 489 936 221 6 0
148 139 130 268 354 127 381 747 222 370 728 221 7 0
132 139 110 78 0 111 111 17 190 98 84 173 8 0
132 139 123 94 0 111 421 821 222 559 984 221 9 0
132 139 124 94 1 127 392 753 222 418 790 221 10 0
116 123 113 78 50 111 101 25 174 98 72 15000 11 0
Chip#2
132 139 123 78 0 111 102 9 174 98 75 173 0 58
132 139 131 94 1 127 113 19 174 98 81 189 1 0
132 123 127 94 1 111 99 15 174 98 73 173 2 0
132 123 125 299 337 127 261 373 190 277 344 189 3 0
132 139 123 283 365 127 261 341 190 273 241 189 4 0
132 139 112 94 1 127 105 19 190 98 76 173 5 0
132 139 121 252 337 127 406 805 206 478 936 221 6 0
132 139 120 268 352 127 377 747 222 386 744 221 7 0
132 139 124 94 0 127 117 27 174 114 96 173 8 0
132 139 115 78 0 111 421 837 222 555 984 221 9 0
132 139 117 78 0 111 384 748 222 402 790 221 10 0
132 123 112 78 0 111 99 15 174 98 80 15000 11 0
Chip#2
132 139 122 78 0 111 105 12 174 98 76 173 0 58
132 139 123 94 1 127 109 13 174 98 72 173 1 0
132 139 167 94 1 127 113 25 174 98 85 173 2 0
132 139 131 309 337 127 277 389 206 274 360 189 3 0
148 139 114 284 359 143 277 357 206 273 344 205 4 0
132 139 113 94 1 127 114 20 174 114 84 173 5 0
132 139 120 249 289 127 407 805 206 484 936 221 6 0
132 139 114 265 289 127 382 743 206 370 728 221 7 0
132 139 113 94 289 127 105 23 190 114 89 189 8 0
116 123 116 78 289 111 421 821 206 557 984 205 9 0
132 139 124 94 1 127 392 753 222 418 792 221 10 0
132 139 114 94 53 127 101 19 190 98 81 15000 11 0
Chip#2
148 155 124 94 1 111 105 15 190 98 76 189 0 58
148 155 125 94 17 143 110 19 190 114 80 205 1 0
132 139 167 94 1 127 106 25 190 98 84 189 2 0
132 139 133 309 337 127 277 373 206 275 360 205 3 0
132 139 114 280 352 127 261 341 190 268 241 189 4 0
132 139 124 94 1 127 113 22 190 98 82 173 5 0
132 123 120 254 273 111 406 805 206 484 936 205 6 0
132 139 114 262 348 127 376 743 222 386 744 221 7 0
132 139 112 78 348 111 101 17 190 98 81 173 8 0
132 139 118 94 0 127 421 837 222 557 984 221 9 0
132 139 117 94 0 127 384 743 222 418 789 221 10 0
132 139 115 78 0 111 107 25 190 98 84 15000 11 0
Chip#2
132 139 131 78 0 111 107 13 174 98 77 189 0 59
132 139 130 94 1 127 109 20 174 98 77 189 1 0
132 139 128 94 1 127 103 19 174 98 73 173 2 0
132 123 124 303 321 127 261 373 190 274 344 189 3 0
132 139 118 279 354 127 270 341 190 267 352 189 4 0
148 139 118 94 1 127 110 22 190 114 82 173 5 0
132 139 123 251 340 127 414 805 206 480 936 205 6 0
132 139 113 266 289 127 378 735 206 370 728 205 7 0
116 123 113 78 289 111 106 19 174 98 85 173 8 0
116 139 115 94 289 111 437 837 222 558 984 221 9 0
132 139 117 94 0 111 391 753 222 418 796 221 10 0
132 139 124 94 1 127 109 25 190 98 89 15000 11 0
Chip#2
148 139 125 78 0 127 106 15 174 98 81 189 0 59
132 139 118 94 0 111 99 9 174 98 67 173 1 0
132 139 123 94 0 127 97 13 190 98 73 173 2 0
132 139 121 308 321 127 261 373 190 264 344 189 3 0
132 139 124 284 366 127 261 341 190 276 351 189 4 0
132 123 119 78 0 111 110 26 174 98 83 173 5 0
132 123 120 257 273 127 405 789 206 481 920 205 6 0
132 123 114 262 338 127 367 730 206 370 728 205 7 0
132 139 121 94 1 111 111 23 190 114 85 189 8 0
132 123 112 105 47 111 417 821 206 554 968 221 9 0
132 139 117 94 53 127 379 750 222 418 787 221 10 0
132 139 115 78 1 111 103 19 190 98 81 15000 11 0
Chip#2
148 155 128 94 1 127 113 20 190 114 85 189 0 59
132 139 124 94 60 127 105 10 190 98 69 189 1 0
132 123 117 94 1 111 99 13 174 98 76 173 2 0
132 123 121 300 321 127 261 373 190 261 344 173 3 0
132 139 117 279 357 127 261 341 190 268 347 189 4 0
148 139 121 94 1 127 113 29 190 114 85 189 5 0
148 139 120 253 336 143 411 821 222 481 952 221 6 0
132 139 123 267 347 127 384 748 206 370 728 221 7 0
132 139 116 78 0 111 114 32 190 98 88 173 8 0
116 123 115 78 0 111 420 837 222 552 968 221 9 0
132 123 117 78 0 111 381 748 206 402 787 205 10 0
132 139 120 94 1 127 105 16 190 114 82 15000 11 0
Chip#2
148 155 131 94 1 127 109 19 190 98 82 189 0 60
132 139 123 94 1 127 106 18 174 98 72 189 1 0
132 123 128 94 1 111 107 19 174 98 80 173 2 0
132 139 124 297 321 127 277 373 206 267 360 205 3 0
132 139 125 279 360 127 261 341 190 269 349 189 4 0
148 139 113 94 1 127 102 20 190 114 74 189 5 0
148 139 128 262 348 143 417 805 222 490 936 221 6 0
132 139 117 270 289 127 382 747 222 370 728 205 7 0
116 123 112 78 289 111 103 16 174 98 79 173 8 0
116 123 117 78 0 111 421 821 206 555 968 221 9 0
132 139 124 94 1 127 387 754 222 418 794 221 10 0
132 123 111 78 45 111 107 22 174 98 81 15000 11 0
Chip#2
148 155 125 94 1 127 107 20 190 114 85 205 0 60
148 155 133 110 17 143 113 27 190 114 80 205 1 0
132 139 125 110 1 127 103 22 190 114 80 189 2 0
132 139 118 295 366 127 261 373 190 265 344 189 3 0
132 139 120 287 360 127 261 341 190 275 241 189 4 0
132 139 124 94 1 127 113 32 190 114 88 189 5 0
132 139 118 249 337 127 409 821 222 478 952 221 6 0
132 139 117 262 289 127 380 732 206 370 728 221 7 0
132 139 118 94 0 111 107 25 190 114 86 173 8 0
116 123 111 104 37 111 415 821 206 551 968 205 9 0
116 123 113 78 0 111 386 748 206 402 789 205 10 0
132 139 114 78 0 111 105 20 190 98 86 15000 11 0
Chip#2
148 155 123 94 1 127 103 15 174 98 81 189 0 60
148 139 120 94 1 127 107 9 190 98 73 189 1 0
132 139 118 94 1 111 100 5 190 98 69 189 2 0
132 139 117 292 321 127 277 373 190 261 344 189 3 0
132 139 125 286 360 143 277 357 206 279 350 205 4 0
132 139 117 78 1 111 111 25 174 98 83 173 5 0
132 139 118 254 336 127 403 805 222 479 936 205 6 0
132 139 127 272 289 127 386 752 222 370 728 221 7 0
132 139 117 78 1 111 109 32 190 98 89 173 8 0
132 139 119 78 44 111 421 837 206 561 984 221 9 0
132 139 118 94 0 127 385 750 222 402 790 221 10 0
132 139 121 78 1 127 107 26 190 98 84 15000 11 0
Chip#2
132 139 112 78 0 111 101 9 174 98 72 173 0 60
148 139 123 110 1 127 105 17 190 114 76 189 1 0
132 139 130 94 1 111 107 20 190 98 78 189 2 0
132 139 121 304 337 143 277 373 206 267 360 205 3 0
132 139 120 279 364 127 277 341 206 273 344 205 4 0
132 139 117 94 1 111 110 23 174 98 89 173 5 0
132 139 113 246 333 127 406 805 222 476 936 221 6 0
132 139 112 262 289 127 378 738 206 370 728 205 7 0
116 123 106 105 289 95 102 18 174 98 83 173 8 0
132 139 117 78 289 127 437 837 222 560 984 221 9 0
132 155 118 94 1 127 387 755 222 418 792 237 10 0
116 123 116 62 51 111 103 19 174 98 81 15000 11 0
Chip#2
148 155 130 94 1 127 107 17 190 114 82 189 0 61
148 155 121 94 1 127 110 16 190 98 75 189 1 0
132 139 130 110 17 127 110 29 190 114 86 189 2 0
132 139 121 301 337 127 277 373 190 270 360 189 3 0
132 139 125 280 360 127 261 341 190 274 347 189 4 0
148 155 124 110 1 127 117 26 190 114 88 189 5 0
132 139 120 249 333 127 403 805 222 476 936 221 6 0
148 139 130 274 355 127 385 746 222 386 728 221 7 0
116 123 109 104 355 111 101 16 174 98 81 173 8 0
132 139 123 94 1 127 437 837 222 562 1000 221 9 0
132 139 120 78 0 111 391 747 206 402 794 221 10 0
132 139 127 94 1 127 121 30 190 114 89 15000 11 0
Chip#2
132 139 128 94 0 127 109 15 174 98 81 173 0 61
132 139 124 94 1 127 110 18 174 98 80 189 1 0
132 155 167 110 17 127 107 20 190 114 78 189 2 0
132 139 120 301 321 127 261 373 190 265 344 189 3 0
132 139 115 274 355 127 261 341 190 271 347 189 4 0
132 123 116 78 0 111 109 18 174 82 76 157 5 0
132 139 120 251 335 127 409 805 206 480 936 205 6 0
132 139 118 261 340 127 377 738 206 370 728 205 7 0
132 139 112 94 340 127 107 20 190 114 85 189 8 0
132 139 121 94 51 127 422 853 222 561 984 237 9 0
148 155 125 94 68 127 396 755 222 418 796 237 10 0
132 139 120 94 0 127 114 25 190 114 84 15000 11 0
Chip#2
148 155 128 94 1 127 109 17 190 114 82 189 0 62
132 139 127 94 1 127 102 15 190 114 79 189 1 0
116 139 127 94 0 111 99 12 174 98 76 189 2 0
132 139 117 295 337 127 277 373 190 267 360 189 3 0
132 123 118 279 366 127 261 341 190 274 350 189 4 0
132 139 106 94 1 111 102 12 174 98 78 173 5 0
148 139 117 254 342 127 411 805 222 483 936 221 6 0
132 139 115 263 346 127 374 735 222 370 744 221 7 0
132 139 115 94 0 127 103 22 190 98 86 173 8 0
132 139 120 78 0 127 421 837 222 557 984 221 9 0
132 139 117 94 1 127 391 753 222 418 792 221 10 0
132 139 121 94 0 111 109 27 174 114 82 15000 11 0
Chip#2
132 139 120 78 0 111 106 15 174 98 77 173 0 62
132 139 124 94 1 127 107 18 174 98 77 189 1 0
148 155 167 110 68 127 109 17 190 114 78 189 2 0
132 139 124 304 321 127 261 373 190 271 344 189 3 0
132 123 122 286 364 111 245 341 174 277 241 189 4 0
132 139 123 94 1 127 113 23 190 114 84 173 5 0
148 139 122 258 289 127 411 821 222 485 952 221 6 0
148 155 130 270 355 143 384 749 222 386 744 221 7 0
132 139 117 94 1 111 107 23 190 114 89 189 8 0
132 123 105 100 39 111 412 821 206 549 984 221 9 0
132 139 123 94 1 127 388 757 222 418 796 221 10 0
132 139 118 94 1 127 109 23 190 114 88 15000 11 0
Chip#2
148 139 121 94 0 127 106 16 174 98 76 189 0 62
132 139 121 94 0 111 98 6 174 82 67 173 1 0
132 139 131 110 1 127 105 19 190 98 81 189 2 0
132 139 120 298 337 127 277 373 206 269 360 189 3 0
116 123 122 282 362 111 261 341 190 273 241 189 4 0
148 139 125 94 1 127 113 27 190 114 82 189 5 0
148 139 120 253 342 127 409 805 222 481 936 221 6 0
132 139 118 268 351 127 385 745 206 370 728 221 7 0
148 139 114 94 1 127 109 20 190 114 85 189 8 0
132 139 114 78 48 127 437 853 222 557 984 221 9 0
132 139 114 78 0 111 390 747 222 418 794 221 10 0
132 139 106 78 0 111 101 16 190 98 76 15000 11 0
Chip#2
148 155 115 94 1 127 105 13 190 98 76 189 0 62
132 139 131 94 1 127 110 19 174 98 81 189 1 0
132 139 151 94 1 111 105 20 174 98 86 173 2 0
116 123 117 301 321 111 261 357 190 270 344 173 3 0
132 139 112 278 357 127 261 341 190 270 350 189 4 0
148 139 131 94 17 127 115 32 190 114 86 189 5 0
132 139 121 253 341 127 406 805 206 479 936 221 6 0
148 139 124 274 354 143 387 747 222 386 728 221 7 0
132 139 120 94 1 111 115 27 190 114 89 173 8 0
116 139 121 94 0 111 421 837 222 566 984 221 9 0
116 123 112 62 0 95 386 751 206 386 794 205 10 0
132 139 125 78 0 111 106 26 174 98 85 15000 11 0
Chip#2
148 155 123 94 1 127 103 15 190 98 78 189 0 63
132 139 121 94 1 127 97 13 174 98 65 189 1 0
132 139 167 110 1 127 110 27 174 98 88 189 2 0
132 139 123 301 337 127 261 373 190 277 344 189 3 0
132 139 121 286 321 127 261 357 206 276 344 189 4 0
132 139 115 78 1 111 105 20 174 98 77 173 5 0
132 123 114 249 333 127 398 789 206 475 920 205 6 0
132 123 116 267 289 127 375 743 206 370 728 205 7 0
148 139 121 94 1 127 113 22 190 114 94 189 8 0
132 139 114 78 48 111 421 837 222 556 984 221 9 0
132 139 110 94 1 127 385 749 222 418 790 221 10 0
148 155 127 94 1 127 111 29 190 114 92 15000 11 0
Chip#2
148 155 131 94 0 127 110 13 174 98 77 189 0 63
132 155 128 94 17 127 109 19 190 98 77 189 1 0
132 139 167 110 1 127 103 25 174 98 77 173 2 0
132 139 118 301 321 127 277 373 190 269 360 189 3 0
132 139 118 284 361 127 277 357 206 276 344 189 4 0
148 155 123 94 1 127 117 29 190 114 86 189 5 0
132 139 115 245 338 127 403 805 206 476 936 221 6 0
132 123 111 262 289 111 372 737 206 370 728 205 7 0
132 139 124 94 1 127 115 34 190 114 93 189 8 0
132 139 117 78 50 111 421 837 222 559 984 221 9 0
132 139 118 78 0 127 387 757 222 402 789 205 10 0
132 139 118 78 0 111 102 25 174 98 79 15000 11 0
Chip#2
132 139 123 94 1 127 106 13 174 98 80 189 0 63
132 139 128 94 67 127 105 19 190 98 75 189 1 0
132 139 167 94 1 127 114 26 190 98 89 189 2 0
132 139 131 308 321 127 261 373 190 273 360 189 3 0
132 123 119 283 364 127 261 341 190 271 241 189 4 0
132 139 120 94 0 111 109 25 174 98 83 173 5 0
148 139 123 254 341 127 409 805 222 483 936 221 6 0
132 139 117 266 347 127 382 741 222 386 728 221 7 0
132 139 113 78 0 111 111 22 190 98 90 173 8 0
132 139 113 78 0 111 421 837 206 558 984 221 9 0
132 139 111 94 1 127 379 748 206 402 791 221 10 0
132 139 121 94 0 127 109 27 190 98 85 15000 11 0
Chip#2
132 139 117 94 0 111 97 13 174 98 73 189 0 64
132 139 133 94 17 127 107 23 190 98 79 189 1 0
132 139 167 110 17 127 109 19 190 114 84 189 2 0
132 139 125 304 337 127 277 373 190 276 360 189 3 0
132 139 120 279 364 127 261 341 190 270 241 189 4 0
132 139 118 94 1 127 111 20 190 98 76 173 5 0
148 155 127 258 347 143 415 821 222 485 952 221 6 0
132 139 120 269 345 143 385 743 222 370 744 221 7 0
132 139 114 78 0 127 106 20 190 98 82 173 8 0
132 139 115 94 0 127 437 837 222 558 984 237 9 0
132 139 117 78 0 111 386 752 222 402 791 205 10 0
132 139 114 94 0 127 102 22 190 98 77 15000 11 0
Chip#2
132 139 131 78 0 111 115 18 174 98 86 173 0 64
132 139 121 94 1 127 105 10 174 98 67 189 1 0
132 139 167 94 17 127 106 16 190 114 80 189 2 0
132 139 128 306 337 127 261 373 190 275 360 189 3 0
148 139 122 287 364 143 270 357 206 278 344 205 4 0
148 155 114 94 1 127 109 23 190 114 82 189 5 0
116 123 120 206 273 111 406 789 190 478 920 205 6 0
132 139 118 263 348 127 382 739 222 386 728 221 7 0
132 139 108 78 348 127 107 16 190 98 88 173 8 0
132 139 118 94 0 111 421 837 222 562 984 221 9 0
132 139 123 94 1 127 388 757 222 418 799 221 10 0
132 139 118 78 0 127 105 27 190 98 82 15000 11 0
Chip#2
148 155 124 94 1 127 107 12 190 98 81 189 0 64
132 139 131 94 1 127 106 17 190 98 80 189 1 0
132 139 151 94 1 111 102 18 174 98 77 173 2 0
132 139 125 303 337 127 261 373 190 273 360 189 3 0
132 139 112 273 360 127 261 341 190 268 344 189 4 0
132 123 120 78 1 111 115 30 174 98 91 173 5 0
148 155 115 250 336 143 406 821 222 477 952 221 6 0
132 139 123 266 289 127 380 745 222 370 728 205 7 0
132 139 117 94 1 127 111 22 190 114 89 189 8 0
116 123 114 78 50 111 421 837 206 556 968 221 9 0
116 123 115 78 0 111 384 754 206 402 789 205 10 0
132 139 114 94 0 111 102 20 190 98 81 15000 11 0
Chip#2
148 155 151 94 1 127 114 22 190 98 84 189 0 65
148 155 167 110 17 143 107 17 190 114 80 205 1 0
132 139 133 94 1 127 106 19 174 98 81 189 2 0
132 139 124 304 337 127 261 373 190 269 360 189 3 0
132 155 127 282 365 127 270 357 206 275 344 189 4 0
132 139 123 94 1 127 111 27 190 114 81 173 5 0
132 139 127 257 289 127 412 821 222 480 936 221 6 0
132 139 121 262 289 127 375 738 222 370 728 205 7 0
132 139 118 94 1 127 110 17 190 98 82 189 8 0
132 123 115 78 1 111 437 837 206 557 984 221 9 0
132 139 115 94 1 127 385 750 222 418 787 221 10 0
132 139 115 78 50 127 98 22 190 98 80 15000 11 0
Chip#2
148 155 123 94 0 111 101 16 174 98 76 189 0 65
148 139 131 94 17 127 113 16 190 98 80 189 1 0
148 155 167 110 17 127 115 23 190 114 88 189 2 0
132 139 125 304 321 127 261 373 190 268 344 189 3 0
132 139 121 283 366 143 270 357 190 269 349 189 4 0
148 139 123 94 1 127 111 32 190 98 86 173 5 0
148 139 118 253 338 143 410 821 222 475 936 237 6 0
132 139 123 270 346 127 377 743 206 370 728 221 7 0
132 139 121 94 0 127 113 29 190 98 94 189 8 0
132 139 120 94 0 127 437 853 222 562 984 237 9 0
132 139 114 94 0 127 386 747 222 418 789 221 10 0
132 139 128 94 1 127 113 30 190 114 92 15000 11 0
Chip#2
148 155 130 94 1 127 113 13 190 114 80 205 0 65
148 155 131 110 17 143 115 16 190 114 81 205 1 0
132 139 167 110 17 127 113 19 190 98 82 189 2 0
132 139 124 305 337 127 277 373 190 275 360 189 3 0
132 139 123 282 362 127 261 341 190 275 241 189 4 0
148 139 118 94 1 127 114 25 190 114 82 189 5 0
116 123 120 249 273 111 404 789 190 476 920 205 6 0
132 139 121 269 351 127 382 746 222 370 744 221 7 0
132 139 114 105 351 127 106 22 190 114 82 189 8 0
116 139 115 78 0 111 421 837 206 554 968 221 9 0
132 139 119 94 1 127 392 758 222 418 796 221 10 0
132 139 120 78 0 111 102 20 174 98 84 15000 11 0
Chip#2
132 139 123 78 0 127 102 13 174 98 77 189 0 66
148 155 125 94 1 127 102 15 190 98 73 189 1 0
132 139 167 110 1 127 117 32 190 98 90 189 2 0
132 139 133 311 337 143 277 373 206 274 360 205 3 0
132 139 128 292 366 143 261 357 206 278 351 189 4 0
132 139 114 94 1 127 107 22 190 98 82 189 5 0
148 139 124 256 341 127 411 805 222 480 936 221 6 0
148 139 117 262 347 127 372 741 222 370 728 221 7 0
132 123 117 78 0 111 109 23 174 98 86 173 8 0
132 139 120 78 0 127 422 837 222 559 984 221 9 0
132 139 115 78 0 127 387 749 222 402 785 221 10 0
132 139 120 94 0 127 107 25 190 114 81 15000 11 0
Chip#2
148 155 127 94 1 127 107 20 190 98 81 189 0 66
132 139 123 94 1 111 102 16 174 82 69 173 1 0
132 139 151 94 1 111 113 23 174 98 86 173 2 0
132 139 130 311 337 127 261 373 206 275 360 189 3 0
132 139 125 280 366 127 261 357 190 273 241 189 4 0
132 139 108 78 0 111 103 15 174 98 77 173 5 0
132 139 113 248 273 127 401 805 206 475 920 205 6 0
148 139 125 266 354 143 377 746 222 386 744 221 7 0
132 139 114 94 1 127 113 23 190 114 90 189 8 0
132 139 114 78 1 111 421 837 222 556 968 221 9 0
132 139 127 94 0 127 391 757 222 402 790 221 10 0
116 123 119 78 0 111 103 19 174 98 81 15000 11 0
Chip#2
148 155 128 94 1 127 107 20 174 114 84 189 0 66
132 139 130 94 1 127 109 16 174 98 75 189 1 0
148 139 167 110 1 127 109 22 190 114 80 189 2 0
148 155 127 305 337 143 277 373 206 273 360 205 3 0
132 139 118 280 356 127 261 341 190 268 349 189 4 0
148 139 121 94 1 127 111 22 190 114 85 189 5 0
132 139 121 253 341 127 407 805 206 480 936 221 6 0
132 139 123 265 289 127 382 741 206 370 728 205 7 0
132 139 120 94 1 127 113 32 190 114 90 189 8 0
132 139 121 94 0 127 421 837 222 562 984 221 9 0
116 123 116 78 0 111 391 750 206 402 790 205 10 0
132 139 115 78 0 111 105 22 174 98 80 15000 11 0
Chip#2
148 155 127 94 0 127 113 19 174 98 84 189 0 67
148 155 127 110 17 127 110 25 190 114 79 189 1 0
132 139 167 110 1 127 107 23 190 98 85 189 2 0
132 123 124 305 321 127 277 357 190 274 344 189 3 0
132 139 127 288 362 127 261 341 206 275 241 189 4 0
132 139 117 94 1 127 109 25 190 98 82 173 5 0
148 139 115 248 328 127 404 821 222 479 936 221 6 0
132 123 116 263 341 127 376 743 206 370 712 205 7 0
148 139 117 94 1 127 113 26 190 114 89 189 8 0
132 139 117 78 48 111 421 837 222 559 984 221 9 0
132 139 112 78 51 111 381 750 222 402 785 205 10 0
116 123 113 78 47 111 99 19 174 98 75 15000 11 0
Chip#2
148 155 125 94 1 127 114 18 190 98 81 189 0 67
132 139 133 94 17 127 110 19 190 98 82 189 1 0
148 155 183 110 68 143 108 19 190 114 79 205 2 0
132 139 125 307 337 143 277 373 206 273 360 205 3 0
132 139 124 280 360 127 261 341 190 271 351 189 4 0
132 139 116 94 0 127 109 20 174 98 83 173 5 0
132 139 118 250 336 127 409 821 206 480 936 221 6 0
148 139 123 269 354 143 386 744 222 386 728 221 7 0
132 139 117 94 1 127 111 23 190 114 82 189 8 0
116 123 114 78 44 111 421 837 206 556 968 205 9 0
132 139 117 94 1 127 387 755 222 418 792 221 10 0
132 139 115 78 51 111 98 22 174 98 73 15000 11 0
Chip#2
148 139 124 78 0 111 107 15 174 98 77 173 0 67
148 155 127 110 17 127 109 22 190 114 74 189 1 0
132 139 167 110 1 127 106 22 190 114 80 189 2 0
132 139 115 295 321 127 261 357 190 265 344 189 3 0
132 139 121 282 355 127 261 341 190 271 351 189 4 0
132 139 118 94 1 111 106 19 190 98 80 173 5 0
132 139 119 253 273 127 402 805 206 475 920 221 6 0
132 139 114 266 289 127 383 741 206 370 728 205 7 0
132 123 120 78 0 111 109 27 174 98 92 173 8 0
132 139 114 94 0 127 437 853 222 556 984 221 9 0
132 139 123 94 1 127 392 759 222 402 795 221 10 0
116 139 113 78 0 111 107 25 174 98 84 15000 11 0
Chip#2
148 139 131 94 0 127 113 18 190 98 86 189 0 68
148 139 128 94 17 127 109 19 190 98 73 189 1 0
132 139 167 94 1 127 106 19 190 98 81 189 2 0
116 123 125 298 321 127 261 357 190 270 344 189 3 0
132 139 123 278 361 127 261 341 206 271 349 189 4 0
132 139 120 94 1 127 118 25 190 114 84 189 5 0
132 139 112 248 324 127 402 805 206 469 920 205 6 0
132 139 114 263 289 111 376 738 206 370 728 221 7 0
132 123 114 78 0 111 110 20 190 98 90 173 8 0
116 123 117 78 0 111 421 837 206 555 968 221 9 0
116 139 120 78 0 111 391 753 222 402 794 221 10 0
132 139 118 78 0 111 101 17 190 98 81 15000 11 0
Chip#2
132 139 130 78 0 111 107 18 174 98 76 189 0 68
132 139 131 94 1 127 106 13 174 98 72 189 1 0
132 139 167 94 1 111 110 26 190 98 89 189 2 0
132 139 120 297 321 127 277 373 190 267 360 189 3 0
132 139 117 273 355 127 261 325 190 265 344 189 4 0
132 139 118 94 1 127 105 20 174 114 78 173 5 0
148 155 125 256 339 143 406 821 222 481 936 221 6 0
132 139 117 259 289 127 381 735 206 370 728 221 7 0
148 139 125 94 1 127 115 29 190 114 96 189 8 0
132 139 115 78 0 111 437 837 222 557 984 221 9 0
116 123 120 78 0 111 386 750 206 402 787 205 10 0
132 139 114 78 0 111 106 15 174 98 83 15000 11 0
Chip#2
132 139 123 78 0 127 107 15 174 98 80 189 0 68
148 155 127 94 1 127 109 19 190 114 79 189 1 0
132 139 167 94 1 127 113 19 190 114 84 189 2 0
116 123 122 292 321 111 245 357 174 266 344 173 3 0
148 155 122 284 361 143 270 357 206 274 344 205 4 0
132 123 121 94 1 111 113 25 174 98 88 173 5 0
132 123 120 248 338 127 409 805 206 484 936 221 6 0
132 139 120 265 289 127 380 741 206 370 728 205 7 0
148 139 125 94 1 127 118 26 190 114 96 189 8 0
132 139 120 78 0 111 421 837 222 561 984 221 9 0
132 139 117 94 0 127 390 752 222 418 786 221 10 0
116 123 106 78 0 111 102 10 174 98 75 15000 11 0
Chip#2
132 139 125 78 0 111 103 16 174 98 79 189 0 69
132 139 128 94 1 127 109 19 174 98 77 189 1 0
132 139 167 94 1 111 109 23 174 98 79 173 2 0
132 139 113 291 366 127 261 357 190 256 344 189 3 0
132 139 123 280 357 127 261 341 190 270 349 189 4 0
148 139 124 94 1 127 114 27 190 114 82 189 5 0
132 123 123 250 333 127 407 805 206 478 936 221 6 0
148 139 124 268 347 127 377 747 222 370 728 221 7 0
132 139 112 78 0 111 102 17 190 98 80 173 8 0
132 139 120 94 0 127 421 837 222 557 968 221 9 0
132 139 118 78 0 111 387 747 222 402 782 221 10 0
132 123 115 94 0 111 98 15 174 98 79 15000 11 0
Chip#2
148 139 128 94 0 127 106 15 174 98 81 189 0 69
132 139 127 94 1 127 103 12 174 98 76 189 1 0
132 139 131 94 0 127 98 16 174 98 71 173 2 0
132 139 124 300 321 127 261 357 190 270 344 189 3 0
132 139 115 274 351 127 261 341 190 264 341 189 4 0
132 139 112 94 1 127 111 20 190 98 80 189 5 0
148 139 120 249 337 127 407 805 222 478 936 221 6 0
132 123 119 268 289 127 375 745 206 370 728 205 7 0
132 139 121 78 0 111 111 29 174 98 89 173 8 0
132 139 115 94 0 127 420 837 222 558 984 221 9 0
132 139 120 78 0 127 387 749 222 418 784 221 10 0
132 139 123 78 0 111 103 19 190 98 83 15000 11 0
Chip#2
148 155 123 94 1 127 107 15 190 98 77 189 0 69
148 155 130 110 17 127 110 17 190 114 77 189 1 0
132 139 151 94 1 127 106 19 190 98 77 189 2 0
132 123 117 301 321 127 261 357 190 265 344 189 3 0
132 123 113 275 289 127 261 341 190 271 345 189 4 0
132 139 117 94 1 127 109 22 190 98 81 189 5 0
132 139 123 253 289 127 407 805 206 485 920 221 6 0
132 123 116 265 340 127 378 736 206 370 728 205 7 0
116 107 106 101 340 95 98 19 158 82 79 157 8 0
116 123 111 104 340 111 418 821 206 550 968 205 9 0
132 139 115 94 0 127 387 750 222 418 795 221 10 0
116 123 115 78 0 111 99 19 174 98 80 15000 11 0
Chip#2
132 139 124 94 1 127 106 15 174 98 79 189 0 69
132 139 125 94 1 127 103 12 174 98 72 189 1 0
132 139 128 94 1 127 110 18 174 98 76 173 2 0
132 139 123 300 321 127 277 373 190 269 360 189 3 0
132 139 117 274 352 143 261 341 206 269 344 205 4 0
132 139 115 94 1 127 113 26 174 98 82 189 5 0
132 139 114 245 273 127 408 805 206 476 920 221 6 0
132 139 117 265 345 127 378 742 206 370 728 221 7 0
132 139 113 78 0 127 109 19 174 98 84 173 8 0
132 139 123 94 1 127 437 837 222 570 984 221 9 0
132 123 117 78 0 111 387 757 206 402 790 205 10 0
132 139 121 94 53 127 106 26 190 98 78 15000 11 0
Chip#2
148 139 124 78 0 127 106 13 174 98 77 173 0 70
132 139 127 94 1 127 107 19 190 98 77 189 1 0
132 139 167 110 1 127 109 20 190 114 84 189 2 0
132 139 128 296 337 143 277 373 206 274 360 205 3 0
148 139 124 287 362 143 261 341 206 274 344 189 4 0
148 139 123 94 67 127 113 25 190 114 82 189 5 0
132 123 117 254 273 127 405 805 206 476 920 205 6 0
132 139 123 266 346 127 381 746 206 370 728 221 7 0
132 139 124 94 1 127 113 32 190 114 94 189 8 0
132 139 123 78 0 111 421 837 206 561 984 221 9 0
132 123 123 78 0 111 392 762 206 402 790 205 10 0
116 123 117 78 0 111 102 16 174 98 80 15000 11 0
Chip#2
132 139 127 78 0 111 109 12 174 98 79 189 0 70
132 139 133 94 1 127 110 23 174 98 73 189 1 0
116 123 123 94 0 111 97 9 174 98 67 173 2 0
132 139 118 299 321 127 261 373 190 262 344 189 3 0
132 123 120 272 289 127 261 341 190 269 347 189 4 0
132 139 113 94 1 127 103 19 190 114 84 173 5 0
132 139 132 268 273 127 417 805 206 489 920 205 6 0
132 139 117 267 289 127 380 742 206 370 728 221 7 0
132 139 117 78 289 111 106 19 174 98 84 173 8 0
132 139 121 94 289 127 437 837 222 560 984 221 9 0
132 139 116 78 0 111 387 753 222 402 784 205 10 0
132 139 123 94 1 127 109 26 190 114 85 15000 11 0
Chip#2
132 155 123 94 1 127 107 16 174 98 81 189 0 70
132 139 123 94 1 111 102 9 174 98 69 173 1 0
148 155 183 110 17 143 115 32 190 114 90 205 2 0
132 155 125 308 337 143 277 373 206 271 360 205 3 0
132 139 121 282 359 127 261 341 206 275 347 205 4 0
132 139 114 78 0 111 110 20 174 98 77 173 5 0
132 139 118 244 331 127 405 821 206 472 920 205 6 0
148 139 123 264 347 143 382 747 222 386 728 221 7 0
116 123 116 78 0 111 110 22 174 98 90 173 8 0
132 139 120 94 53 127 437 837 222 556 984 221 9 0
132 139 110 94 42 111 380 747 222 418 785 221 10 0
132 139 117 94 48 127 102 25 190 114 78 15000 11 0
Chip#2
132 139 124 94 0 127 105 12 190 98 76 189 0 70
132 139 131 94 68 127 111 15 190 98 74 189 1 0
132 139 151 94 1 127 113 18 174 98 81 173 2 0
132 139 127 301 321 127 261 357 190 271 344 189 3 0
132 139 127 280 364 127 261 341 190 270 347 189 4 0
132 139 120 94 1 111 113 19 190 98 80 173 5 0
132 139 115 241 331 127 403 805 206 470 936 221 6 0
148 139 114 261 341 127 376 742 222 370 728 221 7 0
132 139 115 78 1 111 111 22 190 114 86 189 8 0
132 139 118 78 0 111 437 837 222 558 984 221 9 0
132 139 123 78 0 111 391 750 222 418 794 221 10 0
132 139 125 94 0 127 111 27 190 114 85 15000 11 0
Chip#2
148 155 130 94 1 127 106 10 174 98 75 189 0 71
132 139 130 94 1 127 107 20 174 98 76 189 1 0
132 139 167 110 17 127 109 26 190 114 76 189 2 0
132 139 125 300 321 127 261 357 190 271 344 189 3 0
148 155 123 279 359 143 261 341 206 273 350 189 4 0
148 139 125 94 1 127 114 22 190 114 80 189 5 0
132 123 114 244 273 127 403 789 206 470 920 205 6 0
148 155 122 265 342 143 382 742 222 386 744 221 7 0
132 139 117 94 1 127 109 27 190 114 89 189 8 0
132 139 124 94 0 127 437 837 222 562 984 221 9 0
132 139 124 94 1 127 390 759 222 418 789 221 10 0
132 139 109 105 39 127 100 10 190 98 73 15000 11 0
Chip#2
148 155 121 94 61 127 106 17 190 114 81 205 0 71
132 139 117 78 1 111 97 8 174 98 69 173 1 0
132 139 133 94 17 127 103 20 190 114 81 189 2 0
132 139 125 294 321 127 261 373 190 266 344 189 3 0
132 139 130 280 357 143 261 341 206 273 345 205 4 0
148 139 130 94 1 127 119 29 190 114 88 189 5 0
132 139 118 253 331 127 407 805 206 479 920 221 6 0
148 139 118 266 342 127 377 739 222 370 728 221 7 0
148 139 123 94 1 127 111 29 190 114 94 189 8 0
116 123 111 105 45 111 421 821 206 556 968 205 9 0
132 139 118 94 0 111 388 757 222 402 792 221 10 0
132 139 113 104 0 127 101 19 190 114 80 15000 11 0
Chip#2
132 139 123 78 0 111 102 9 174 98 72 189 0 71
132 139 151 94 17 127 110 25 190 98 80 189 1 0
132 139 167 94 1 111 105 15 190 98 76 173 2 0
148 139 122 298 366 143 277 373 206 267 360 205 3 0
132 139 133 278 356 127 261 341 190 276 350 189 4 0
132 139 115 94 1 127 109 23 174 98 80 173 5 0
132 123 116 241 273 111 401 789 206 473 920 205 6 0
132 139 121 259 340 127 372 737 222 370 728 221 7 0
132 139 118 78 0 127 111 25 190 98 90 173 8 0
132 139 112 78 0 111 421 837 206 552 968 221 9 0
116 123 111 62 0 111 380 742 206 402 779 205 10 0
132 139 122 78 0 111 109 19 174 98 81 15000 11 0
Chip#2
148 155 120 94 1 127 102 13 190 98 78 189 0 72
148 139 127 94 1 127 115 20 190 98 78 189 1 0
132 139 167 94 1 127 105 16 190 98 81 189 2 0
132 139 167 308 337 143 277 373 206 275 360 205 3 0
132 139 125 276 356 127 261 341 190 275 342 189 4 0
148 139 123 94 17 127 115 25 190 98 81 189 5 0
148 139 113 243 322 143 404 805 222 468 936 221 6 0
148 139 121 270 289 127 386 744 222 370 728 221 7 0
132 123 117 78 0 111 111 26 174 98 90 173 8 0
132 123 114 78 0 111 421 821 206 555 968 221 9 0
116 123 111 104 0 111 378 741 206 402 780 205 10 0
132 123 117 78 0 111 109 23 174 98 80 15000 11 0
Chip#2
132 139 115 78 0 111 102 15 174 98 83 189 0 72
132 139 128 94 1 127 110 20 190 98 77 189 1 0
132 139 128 94 1 111 103 8 174 98 79 173 2 0
132 139 113 291 321 127 261 357 190 259 344 189 3 0
132 123 118 275 289 127 261 341 190 265 344 189 4 0
148 139 124 94 1 127 114 30 190 114 85 189 5 0
132 123 117 250 273 127 405 805 206 473 920 205 6 0
132 139 110 262 338 127 375 736 206 370 712 221 7 0
132 123 111 78 0 111 102 16 190 98 81 173 8 0
132 139 114 78 0 111 421 837 206 560 984 221 9 0
132 139 112 78 0 111 380 741 222 402 777 221 10 0
132 123 107 78 0 111 95 13 174 98 72 15000 11 0
Chip#2
148 155 125 94 1 127 106 16 190 98 76 189 0 72
132 155 131 94 1 127 109 17 190 114 74 189 1 0
132 139 151 94 1 127 111 25 174 98 80 173 2 0
132 139 121 291 321 127 261 357 190 264 344 189 3 0
132 123 115 272 289 127 245 325 190 268 340 189 4 0
132 123 120 94 0 111 109 20 174 98 80 173 5 0
148 139 121 243 328 143 400 821 222 470 936 221 6 0
132 123 125 265 340 127 377 738 206 370 712 205 7 0
132 139 115 78 1 111 110 19 190 114 88 189 8 0
132 123 117 78 48 111 421 837 206 556 984 221 9 0
132 139 120 94 1 127 389 752 222 418 791 221 10 0
132 139 118 78 0 111 103 19 174 98 81 15000 11 0
Chip#2
132 139 117 78 0 111 102 13 174 98 79 173 0 72
132 139 124 94 1 127 98 10 190 98 69 189 1 0
132 139 167 110 1 127 109 20 174 114 84 189 2 0
116 123 125 300 305 127 245 357 190 271 344 189 3 0
132 139 112 272 289 127 261 325 190 261 344 189 4 0
132 139 118 94 1 111 110 25 174 98 85 173 5 0
148 139 114 240 323 143 402 821 222 472 936 221 6 0
132 139 112 253 333 127 369 734 206 370 728 205 7 0
132 139 113 94 1 127 110 25 190 114 88 189 8 0
132 139 120 94 0 111 421 837 222 562 984 221 9 0
132 139 106 94 0 127 379 748 222 418 777 221 10 0
132 139 125 94 1 127 114 29 190 114 89 15000 11 0
Chip#2
148 139 125 94 1 127 105 15 190 98 73 189 0 73
132 139 125 94 1 127 99 9 190 98 65 189 1 0
132 139 167 94 1 127 114 27 190 114 86 189 2 0
132 139 118 288 321 127 261 357 190 262 344 189 3 0
116 123 114 267 289 111 245 325 190 262 332 173 4 0
148 139 115 94 1 127 111 22 190 114 84 189 5 0
148 139 123 250 335 127 411 805 222 483 936 221 6 0
132 139 121 268 289 127 384 746 222 370 728 221 7 0
132 139 112 78 0 111 106 13 190 114 85 173 8 0
116 123 113 78 0 111 422 837 206 555 968 221 9 0
132 139 127 94 1 127 388 750 222 418 787 221 10 0
132 123 124 78 0 111 109 27 174 98 86 15000 11 0
Chip#2
132 139 121 78 0 127 103 13 174 98 77 173 0 73
132 139 125 94 1 127 106 20 190 114 75 189 1 0
132 139 123 94 0 111 101 13 174 98 76 173 2 0
132 139 119 292 321 127 261 357 190 266 344 189 3 0
148 155 120 279 350 143 261 341 206 273 342 189 4 0
132 139 125 94 1 127 115 23 190 98 88 189 5 0
132 123 108 242 323 111 402 789 206 475 920 205 6 0
148 139 123 263 341 127 377 737 222 386 728 221 7 0
132 123 113 78 0 111 107 17 190 98 82 173 8 0
132 123 116 78 0 111 421 837 206 559 968 221 9 0
132 139 112 78 0 127 384 748 222 418 781 221 10 0
132 123 111 78 0 111 101 18 174 98 81 15000 11 0
Chip#2
148 155 125 94 1 127 110 16 190 114 81 189 0 73
148 139 133 94 17 127 111 20 190 114 80 189 1 0
132 139 133 94 1 127 110 18 190 114 81 189 2 0
132 139 123 292 305 127 261 357 190 270 344 189 3 0
132 139 118 271 350 127 261 341 190 265 341 205 4 0
148 139 113 94 1 127 103 20 190 114 79 189 5 0
148 139 121 251 333 127 407 805 222 479 920 221 6 0
132 139 117 261 289 127 371 737 206 370 712 205 7 0
132 139 117 78 1 111 111 25 174 114 85 189 8 0
132 139 123 94 1 127 437 853 222 563 984 237 9 0
132 139 118 94 48 127 386 752 222 418 785 221 10 0
132 123 116 78 48 111 101 19 174 98 80 15000 11 0
Chip#2
148 155 130 94 1 127 109 15 190 114 81 189 0 74
132 139 127 94 1 127 109 15 190 98 76 189 1 0
132 139 167 94 1 127 105 20 190 114 74 189 2 0
132 123 124 292 305 127 261 341 190 271 344 189 3 0
132 139 121 282 289 127 261 325 190 274 344 189 4 0
148 139 121 94 1 127 111 20 190 114 81 189 5 0
148 139 124 253 331 143 406 821 222 480 936 221 6 0
148 139 127 266 289 127 384 742 206 370 728 221 7 0
132 123 118 78 0 111 110 30 190 98 90 173 8 0
132 139 117 94 1 127 421 837 222 551 984 221 9 0
132 139 124 94 0 127 396 750 222 418 791 221 10 0
116 123 123 78 0 111 107 22 174 98 87 15000 11 0
Chip#2
148 155 128 94 1 127 102 17 190 114 80 189 0 74
132 139 123 94 1 127 102 8 174 98 73 173 1 0
116 123 151 94 1 111 106 12 174 98 77 173 2 0
132 139 121 293 362 127 261 357 190 266 344 189 3 0
132 139 124 283 352 127 261 341 190 270 344 189 4 0
132 139 112 78 1 127 102 12 174 98 76 173 5 0
132 123 116 241 324 127 406 789 206 473 920 205 6 0
132 139 123 262 289 127 380 746 206 370 712 205 7 0
132 139 120 94 1 127 106 25 190 114 94 189 8 0
132 139 118 94 1 127 437 837 222 558 984 221 9 0
132 139 120 78 0 111 386 749 222 402 786 221 10 0
132 139 114 78 0 111 101 18 174 98 81 15000 11 0
Chip#2
148 139 127 94 1 127 102 13 190 114 72 189 0 74
132 123 124 94 1 127 103 12 174 98 75 173 1 0
132 139 167 110 17 127 114 26 190 114 88 189 2 0
132 139 130 301 321 143 277 373 206 267 344 189 3 0
132 139 125 274 348 143 261 341 206 271 346 189 4 0
132 139 117 94 1 127 106 20 190 114 79 173 5 0
132 139 128 254 273 127 409 805 222 483 936 205 6 0
148 139 128 270 289 127 385 744 222 386 728 221 7 0
132 139 115 78 0 127 107 19 190 114 82 189 8 0
132 139 120 94 1 127 437 837 222 558 984 221 9 0
132 139 114 94 51 127 381 744 222 418 781 221 10 0
132 139 127 78 0 127 113 29 174 98 90 15000 11 0
Chip#2
148 139 118 94 1 127 105 10 174 98 76 189 0 75
132 139 124 94 1 127 101 16 174 98 75 189 1 0
132 139 133 94 1 127 106 13 174 98 81 189 2 0
132 139 125 300 366 127 261 357 190 270 344 189 3 0
132 139 120 272 289 127 261 341 190 268 342 189 4 0
148 139 117 94 1 127 103 20 174 98 81 173 5 0
148 139 115 248 273 127 405 821 206 476 920 221 6 0
132 123 119 260 273 111 377 742 206 354 712 205 7 0
132 139 115 94 0 127 111 25 190 114 89 189 8 0
132 123 114 78 0 111 421 821 206 555 968 221 9 0
132 139 124 94 0 127 392 752 222 402 787 221 10 0
132 139 115 78 0 127 109 19 190 98 80 15000 11 0
Chip#2
148 139 125 94 0 127 101 15 174 98 79 189 0 75
148 155 167 110 17 143 113 23 190 114 84 205 1 0
132 139 131 94 0 111 101 16 190 98 73 173 2 0
132 139 114 284 359 127 261 357 190 264 344 189 3 0
132 139 113 265 337 127 261 325 190 260 329 189 4 0
132 139 124 94 1 127 114 26 190 98 86 173 5 0
132 123 120 249 273 127 407 805 206 476 920 221 6 0
132 139 123 263 289 127 382 743 222 370 728 221 7 0
148 139 123 94 0 127 117 29 190 114 89 189 8 0
132 139 118 78 0 111 437 837 206 556 968 221 9 0
116 123 106 78 0 111 379 746 206 402 775 205 10 0
132 139 127 78 0 127 114 27 190 98 88 15000 11 0
Chip#2
132 139 117 78 0 111 102 8 174 98 73 189 0 75
132 123 129 78 1 111 103 12 174 82 73 173 1 0
132 139 130 94 1 127 102 19 190 114 78 189 2 0
132 139 130 300 321 127 277 357 206 270 360 189 3 0
148 155 127 279 355 143 277 341 206 281 345 205 4 0
132 139 125 94 0 127 114 30 190 114 88 173 5 0
148 139 121 245 327 127 408 805 222 476 920 221 6 0
148 139 117 261 335 143 377 737 222 386 728 221 7 0
132 123 114 78 335 111 102 20 174 98 86 173 8 0
116 123 114 78 335 111 421 821 206 555 968 205 9 0
132 123 116 78 0 111 384 748 222 402 776 205 10 0
116 123 116 78 0 111 106 26 174 98 84 15000 11 0
Chip#2
148 139 113 78 50 127 101 8 174 98 71 189 0 76
132 139 127 94 1 127 98 15 174 98 69 189 1 0
132 139 151 94 1 127 106 13 190 98 77 173 2 0
132 139 120 292 365 127 261 357 190 262 344 205 3 0
132 139 127 278 348 127 245 325 206 270 340 189 4 0
132 139 124 94 1 127 110 27 190 114 84 173 5 0
132 139 121 244 273 127 406 805 206 475 920 205 6 0
132 139 123 256 335 127 374 738 206 354 712 205 7 0
132 123 114 78 0 111 107 19 174 98 88 173 8 0
132 123 113 78 0 111 421 821 206 551 968 221 9 0
132 139 110 105 0 111 385 752 222 402 777 221 10 0
116 123 109 104 0 111 101 18 174 98 72 15000 11 0
Chip#2
148 139 128 94 1 127 111 18 174 98 80 189 0 76
132 139 124 94 65 127 101 10 190 98 73 189 1 0
132 139 167 94 1 127 109 16 190 114 85 189 2 0
132 139 123 288 360 127 245 341 190 262 344 189 3 0
132 139 124 276 342 127 261 325 206 271 340 189 4 0
148 155 122 94 67 143 113 30 190 114 82 189 5 0
132 123 126 206 273 111 409 789 190 475 904 205 6 0
132 139 130 271 289 127 385 749 222 370 728 221 7 0
132 123 113 78 0 111 109 26 174 98 85 173 8 0
132 139 118 94 0 127 437 837 222 553 984 221 9 0
116 139 115 78 0 111 385 743 222 402 780 221 10 0
132 139 112 78 0 111 105 15 174 98 77 15000 11 0
Chip#2
132 139 128 78 0 111 106 6 174 98 80 189 0 76
132 139 128 94 1 127 105 13 174 98 76 189 1 0
132 139 167 110 64 127 113 19 190 114 82 189 2 0
132 139 118 287 366 127 261 357 190 265 344 205 3 0
132 139 121 275 340 127 245 325 190 270 337 189 4 0
132 139 117 94 1 127 113 25 190 114 81 173 5 0
116 123 120 242 323 111 403 789 206 470 904 205 6 0
148 139 123 256 330 143 374 735 222 386 728 221 7 0
132 139 115 78 0 127 111 17 190 114 89 189 8 0
116 123 112 105 0 111 417 821 206 554 968 205 9 0
132 123 113 78 0 111 380 747 206 402 775 221 10 0
132 139 125 94 0 127 106 25 190 114 89 15000 11 0
Chip#2
132 139 120 78 0 111 103 15 174 98 76 189 0 77
132 139 133 94 67 127 107 17 190 98 78 189 1 0
148 155 167 110 17 127 113 22 190 114 82 189 2 0
132 139 117 288 362 127 261 357 206 261 344 189 3 0
116 123 117 266 273 127 245 309 174 261 328 173 4 0
148 139 121 94 1 127 114 25 190 114 84 189 5 0
132 139 119 245 273 127 406 805 222 472 920 221 6 0
148 139 123 262 338 127 377 744 222 370 728 221 7 0
132 123 115 78 0 111 109 23 190 98 86 173 8 0
132 139 120 94 0 127 437 837 222 553 984 221 9 0
132 139 118 78 0 111 386 746 206 402 775 221 10 0
132 139 117 78 0 111 98 16 190 98 81 15000 11 0
Chip#2
148 139 123 94 1 127 110 15 174 98 81 189 0 77
148 155 167 110 17 143 109 23 190 114 84 205 1 0
116 123 133 78 0 111 102 16 174 82 75 173 2 0
116 123 123 292 359 127 245 341 190 261 241 189 3 0
132 139 117 275 346 143 261 325 206 264 338 189 4 0
148 139 117 94 1 127 103 20 190 114 76 173 5 0
132 123 113 233 317 127 396 789 206 462 920 205 6 0
132 139 121 262 273 127 375 732 206 370 712 205 7 0
116 123 111 105 0 111 101 19 174 98 81 173 8 0
116 123 109 102 0 111 418 805 206 547 952 205 9 0
116 123 122 78 0 111 377 737 206 402 774 205 10 0
132 139 120 94 0 127 103 25 190 114 82 15000 11 0
Chip#2
148 155 167 94 1 127 113 25 190 114 85 189 0 77
132 123 120 78 1 111 102 10 174 98 72 173 1 0
132 139 130 94 1 111 101 16 174 98 76 189 2 0
116 123 111 282 352 127 261 341 190 255 350 189 3 0
132 139 117 268 336 127 261 325 190 261 332 189 4 0
148 139 121 94 1 127 115 25 174 98 86 173 5 0
132 139 113 242 273 127 400 805 206 471 920 205 6 0
132 139 124 261 332 127 379 743 222 370 728 221 7 0
132 123 117 78 0 111 114 25 190 98 85 173 8 0
132 123 114 78 0 111 422 837 222 546 968 221 9 0
132 123 114 78 0 111 382 736 206 402 773 205 10 0
132 123 115 94 0 127 106 25 190 98 85 15000 11 0
Chip#2
148 155 125 94 1 127 100 13 190 114 77 189 0 77
148 155 133 110 17 143 110 22 190 114 81 205 1 0
132 139 167 94 1 127 115 29 190 114 85 189 2 0
132 139 124 297 321 127 261 357 190 270 344 189 3 0
132 139 127 276 289 127 261 325 190 270 342 189 4 0
148 139 118 94 68 127 107 23 190 114 88 189 5 0
148 139 112 241 317 127 398 805 206 472 920 205 6 0
148 139 121 262 333 127 377 739 222 370 712 221 7 0
132 139 115 78 333 111 102 19 174 98 86 173 8 0
116 123 114 78 333 111 420 821 206 547 968 205 9 0
132 139 117 94 53 127 385 743 222 418 780 221 10 0
148 139 128 94 1 127 107 27 190 114 88 15000 11 0
Chip#2
164 155 130 110 1 143 111 20 190 114 86 205 0 78
132 139 127 94 1 127 109 20 174 98 84 189 1 0
132 139 133 94 0 111 109 23 174 98 79 173 2 0
132 139 125 295 361 143 261 357 206 264 344 205 3 0
132 123 123 272 273 111 245 309 190 265 330 189 4 0
132 139 123 94 1 127 115 27 190 114 86 189 5 0
148 139 118 245 273 127 405 805 222 473 920 221 6 0
116 123 113 254 324 111 372 730 206 354 712 205 7 0
132 123 113 78 324 111 105 25 174 98 80 173 8 0
132 139 123 94 1 127 421 837 222 554 984 237 9 0
132 139 121 78 0 111 388 750 222 402 780 221 10 0
132 139 114 94 0 127 101 17 190 98 77 15000 11 0
Chip#2
148 155 125 94 0 127 110 15 174 98 81 189 0 78
148 139 133 110 1 143 110 17 190 114 74 189 1 0
132 139 151 94 1 111 106 13 174 98 76 173 2 0
132 139 131 299 365 127 261 357 206 270 344 189 3 0
132 139 123 274 289 127 261 325 190 266 341 189 4 0
148 139 113 78 1 111 106 26 190 98 84 173 5 0
132 139 113 238 313 127 398 805 206 468 904 205 6 0
132 139 113 252 326 127 370 730 222 370 712 221 7 0
132 139 115 78 0 127 110 23 190 114 89 189 8 0
116 123 114 78 0 111 421 821 206 551 968 221 9 0
116 123 113 78 0 111 384 742 206 402 773 205 10 0
132 139 121 94 0 127 110 27 190 114 86 15000 11 0
Chip#2
132 139 120 78 0 111 101 12 174 98 75 189 0 78
132 139 117 94 1 127 95 12 174 98 72 173 1 0
116 123 125 94 0 111 99 6 174 82 69 173 2 0
132 139 128 294 365 143 261 357 190 269 344 189 3 0
132 139 118 271 289 127 261 325 190 262 335 189 4 0
148 155 118 94 1 127 113 25 190 114 85 189 5 0
148 139 123 248 324 127 409 805 222 474 920 221 6 0
148 139 124 262 333 143 376 735 222 370 728 221 7 0
132 123 112 78 333 111 101 20 190 98 86 173 8 0
132 123 108 78 333 111 420 821 206 545 968 205 9 0
116 123 116 78 0 111 386 746 206 402 774 205 10 0
132 123 114 78 0 111 103 15 190 98 78 15000 11 0
Chip#2
148 155 118 94 0 127 101 8 190 98 73 189 0 79
148 139 151 94 1 127 110 16 190 98 80 189 1 0
132 139 167 94 1 127 107 22 190 98 78 189 2 0
132 139 127 294 364 143 261 357 206 266 344 189 3 0
132 139 120 262 335 127 261 325 190 265 335 189 4 0
132 139 118 94 0 127 105 16 174 98 79 173 5 0
148 139 130 244 324 143 413 805 222 472 920 221 6 0
148 139 133 260 336 143 380 737 222 386 712 221 7 0
132 139 121 78 0 111 109 23 174 98 86 173 8 0
148 139 124 94 0 127 437 837 222 556 968 237 9 0
132 123 124 78 0 111 390 743 222 402 773 205 10 0
132 123 123 78 0 111 109 25 174 98 84 15000 11 0
Chip#2
132 139 125 78 0 111 103 13 174 98 83 189 0 79
132 139 133 110 17 127 109 15 190 114 74 189 1 0
132 139 151 94 1 111 103 18 174 98 79 173 2 0
116 123 117 284 359 127 261 341 190 258 241 189 3 0
116 123 116 265 273 111 245 309 190 260 332 189 4 0
132 139 117 94 1 111 110 25 174 98 84 173 5 0
132 123 116 245 317 127 402 789 206 470 904 205 6 0
132 139 115 248 324 127 377 727 206 354 712 205 7 0
132 139 120 94 1 127 110 32 190 114 96 189 8 0
132 139 118 78 1 111 421 837 222 554 968 221 9 0
132 139 120 94 0 127 387 749 222 402 776 221 10 0
132 123 118 94 0 111 99 19 190 98 84 15000 11 0
Chip#2
132 139 121 78 1 127 110 15 174 98 81 189 0 79
132 139 128 94 1 127 107 15 174 98 79 189 1 0
132 139 167 94 1 127 118 27 190 98 84 189 2 0
132 139 120 284 361 127 261 357 206 261 344 189 3 0
132 139 125 279 289 127 261 325 190 273 335 189 4 0
148 139 118 94 1 127 111 23 190 114 78 173 5 0
132 123 108 231 257 111 393 789 206 462 904 205 6 0
132 123 118 253 273 111 372 731 206 354 712 205 7 0
132 139 106 94 273 127 101 17 190 114 78 189 8 0
116 123 119 78 273 111 419 821 206 550 952 205 9 0
132 139 118 94 0 127 385 742 222 402 776 221 10 0
132 123 117 78 0 111 103 20 190 98 81 15000 11 0
Chip#2
148 139 123 78 0 111 106 16 174 98 81 189 0 79
148 155 130 110 17 143 113 17 206 114 85 205 1 0
132 123 131 94 1 111 102 12 174 98 76 173 2 0
132 139 130 289 361 127 261 341 190 266 241 189 3 0
132 139 109 265 331 127 245 325 190 259 327 189 4 0
148 139 125 94 1 127 115 27 190 114 81 173 5 0
148 139 123 246 324 143 407 805 222 471 920 221 6 0
132 139 118 253 273 127 372 730 222 370 712 205 7 0
116 123 114 78 0 111 106 16 174 98 84 173 8 0
132 139 120 94 0 127 421 837 222 551 968 221 9 0
116 123 114 78 0 111 377 737 206 402 770 205 10 0
132 139 120 78 0 111 102 26 174 98 79 15000 11 0
Chip#2
148 139 125 94 0 127 106 9 174 98 84 189 0 79
132 139 128 94 1 127 109 19 174 98 79 189 1 0
132 139 125 94 0 111 101 10 174 98 75 173 2 0
132 139 127 287 361 143 261 357 206 264 344 205 3 0
132 123 118 268 340 127 245 325 190 260 331 189 4 0
148 139 121 94 1 127 111 25 190 114 84 173 5 0
132 123 121 241 318 127 403 805 206 465 904 205 6 0
132 123 114 248 257 111 367 724 206 354 696 205 7 0
148 139 117 94 1 127 107 26 190 114 96 189 8 0
132 139 120 78 0 127 421 837 222 559 968 221 9 0
132 139 121 78 0 127 382 746 222 402 773 221 10 0
132 139 123 94 0 127 109 23 190 98 84 15000 11 0
Chip#2
132 139 125 78 0 111 109 19 174 98 87 173 0 80
132 139 127 94 1 127 106 13 174 98 75 189 1 0
148 139 167 110 1 127 113 22 190 114 84 189 2 0
132 139 125 296 360 143 261 357 206 262 344 189 3 0
132 139 121 273 336 127 261 325 206 262 330 189 4 0
132 139 114 94 1 127 111 20 190 98 76 173 5 0
132 123 114 238 257 127 400 789 206 466 904 205 6 0
132 139 112 246 317 127 369 722 206 370 712 221 7 0
132 139 121 94 0 127 113 26 190 98 88 189 8 0
132 139 114 78 0 111 416 821 222 549 968 221 9 0
132 123 106 78 0 111 376 735 206 402 764 205 10 0
132 139 113 78 0 111 103 15 190 98 78 15000 11 0
Chip#2
132 139 124 94 0 111 98 10 174 98 79 189 0 80
132 139 123 94 1 127 103 12 174 98 73 189 1 0
116 123 128 94 0 111 98 6 174 98 69 173 2 0
148 155 125 287 362 143 261 357 206 264 344 205 3 0
132 123 120 266 336 127 245 325 190 265 328 189 4 0
132 139 121 94 1 111 107 18 174 98 81 173 5 0
132 139 123 242 319 127 405 805 206 467 920 221 6 0
148 155 124 258 330 143 381 737 222 370 728 221 7 0
132 139 117 78 330 111 101 22 174 98 84 173 8 0
132 139 109 100 330 111 417 821 206 545 952 221 9 0
132 139 127 94 1 127 387 746 222 418 782 221 10 0
132 123 115 104 51 111 99 15 174 98 77 15000 11 0
Chip#2
148 155 151 94 1 127 105 22 174 98 81 189 0 80
148 155 130 110 17 143 110 17 190 114 76 205 1 0
132 139 167 94 1 111 105 19 174 98 81 173 2 0
132 139 127 294 361 127 261 341 190 260 241 189 3 0
148 139 127 273 345 143 261 325 206 266 336 189 4 0
148 155 124 110 64 127 111 27 190 114 86 189 5 0
132 139 124 249 322 127 407 805 222 472 920 221 6 0
148 139 124 258 324 127 370 730 222 370 712 221 7 0
132 139 118 78 0 127 106 25 174 98 90 173 8 0
132 123 115 78 0 111 421 821 206 551 968 221 9 0
116 139 121 78 0 111 382 742 206 402 771 221 10 0
132 139 118 94 0 127 109 25 174 98 84 15000 11 0
Chip#2
132 139 118 78 0 111 102 15 174 98 79 173 0 81
116 139 118 94 1 111 95 6 174 98 68 173 1 0
132 139 167 94 1 127 105 17 190 98 83 189 2 0
132 139 130 295 360 127 261 341 206 266 344 189 3 0
116 123 125 274 289 127 245 309 190 268 331 189 4 0
148 139 121 94 1 127 111 29 190 114 86 189 5 0
148 139 118 242 322 127 406 805 222 472 904 221 6 0
132 139 120 253 322 127 367 721 206 354 696 205 7 0
132 139 123 94 1 127 113 26 190 114 93 189 8 0
132 139 121 94 1 127 420 837 222 552 968 221 9 0
132 139 118 94 0 127 385 742 222 402 778 221 10 0
132 123 109 105 0 111 94 16 174 98 77 15000 11 0
Chip#2
148 155 127 94 61 143 110 19 190 114 86 205 0 81
132 139 131 94 17 127 110 19 190 98 79 189 1 0
132 139 167 94 1 127 107 26 174 98 84 189 2 0
132 139 124 287 355 127 261 341 190 264 344 189 3 0
132 139 118 271 332 127 245 325 190 259 331 189 4 0
132 139 120 94 1 127 102 20 174 114 78 173 5 0
116 123 108 235 307 127 391 789 206 434 904 205 6 0
132 139 121 253 273 127 377 729 222 370 712 205 7 0
132 139 115 94 1 127 111 26 190 114 84 189 8 0
132 139 115 78 48 111 421 821 206 541 952 221 9 0
116 123 121 78 0 111 378 736 206 402 768 205 10 0
132 139 121 94 0 111 103 22 190 114 84 15000 11 0
Chip#2
132 139 123 78 0 111 106 12 174 82 77 173 0 81
132 139 128 94 1 127 103 15 190 98 75 189 1 0
132 139 133 94 1 111 106 22 174 98 81 173 2 0
116 139 115 288 354 127 261 341 190 257 352 189 3 0
132 139 123 278 341 127 245 309 190 264 336 189 4 0
148 155 120 94 1 127 110 13 190 114 80 189 5 0
132 139 122 237 312 127 402 789 206 464 904 221 6 0
132 139 120 257 323 127 378 731 222 370 712 221 7 0
132 123 117 78 0 111 107 22 174 98 87 173 8 0
132 139 117 94 0 127 422 821 206 547 952 221 9 0
132 139 118 94 0 111 384 745 222 386 771 221 10 0
116 123 108 102 0 111 101 12 174 98 77 15000 11 0
Chip#2
148 155 124 94 1 127 103 16 190 114 76 189 0 82
132 139 120 94 1 127 102 9 190 98 72 189 1 0
132 139 125 94 1 111 105 15 174 98 71 173 2 0
132 139 118 279 341 127 261 341 190 252 344 189 3 0
148 155 121 257 327 143 261 325 206 257 318 205 4 0
132 139 120 94 1 127 106 22 190 98 85 189 5 0
132 139 125 234 257 127 405 805 206 466 904 221 6 0
132 123 112 249 257 127 371 730 206 354 696 205 7 0
132 139 114 94 0 127 105 20 190 98 80 189 8 0
132 139 118 78 0 127 421 821 222 541 952 221 9 0
132 139 127 94 1 127 392 743 222 418 776 221 10 0
132 139 125 94 1 127 110 29 190 114 85 15000 11 0
Chip#2
148 155 127 94 1 127 107 13 190 98 80 189 0 82
132 139 128 94 1 111 111 16 174 98 75 173 1 0
132 155 167 110 65 127 111 22 190 114 77 189 2 0
132 139 113 273 335 127 261 341 190 245 336 189 3 0
148 139 121 265 332 143 261 325 206 262 328 205 4 0
132 139 116 78 0 111 110 25 174 98 84 173 5 0
132 139 109 233 305 127 397 789 222 462 904 221 6 0
132 139 121 250 273 127 372 735 206 354 696 205 7 0
116 123 113 78 0 111 103 23 174 98 88 173 8 0
132 139 117 78 0 127 421 837 222 551 968 221 9 0
132 139 117 94 0 111 382 736 222 402 764 221 10 0
132 123 118 78 0 111 106 23 174 98 84 15000 11 0
Chip#2
148 155 118 94 0 127 105 12 174 98 78 189 0 82
132 139 120 94 1 127 103 9 174 98 73 189 1 0
132 139 133 94 1 127 105 18 174 98 79 173 2 0
132 123 115 282 351 127 261 341 190 256 350 189 3 0
132 139 120 263 273 127 261 309 190 265 328 189 4 0
148 139 125 94 1 127 114 17 190 114 85 173 5 0
132 123 112 238 257 111 401 789 206 466 904 205 6 0
132 139 117 255 273 127 371 726 206 354 696 205 7 0
132 139 113 78 273 111 106 22 174 114 85 173 8 0
132 139 110 104 273 111 417 821 206 546 952 221 9 0
116 123 117 78 273 111 380 731 206 386 744 205 10 0
132 139 118 94 273 111 103 23 190 114 77 15000 11 0
Chip#2
148 155 123 94 1 127 107 10 174 98 73 189 0 83
132 155 133 110 17 143 110 22 190 98 80 189 1 0
132 123 127 94 0 111 93 6 174 98 64 173 2 0
132 139 130 292 361 127 261 341 190 269 241 189 3 0
132 139 120 264 335 143 261 325 190 257 326 189 4 0
132 139 128 94 1 111 115 29 190 114 85 173 5 0
148 139 120 241 318 127 409 805 222 468 904 221 6 0
132 139 125 262 273 127 376 734 206 354 712 221 7 0
132 139 118 94 1 127 113 26 174 98 90 173 8 0
132 139 117 94 53 127 437 821 222 550 968 237 9 0
116 123 117 78 0 111 383 735 206 386 766 205 10 0
132 139 117 78 1 127 107 16 190 114 78 15000 11 0
Chip#2
132 139 127 78 0 111 103 12 174 98 77 189 0 83
132 139 130 94 1 127 107 13 190 98 84 189 1 0
132 139 167 110 68 127 105 20 190 114 81 189 2 0
132 139 120 290 354 127 261 341 190 256 350 189 3 0
132 139 124 270 336 127 261 325 190 262 328 189 4 0
132 139 112 94 0 127 107 10 190 98 77 173 5 0
148 155 125 241 315 143 403 805 222 471 920 221 6 0
132 139 114 250 317 127 369 719 206 354 696 205 7 0
132 139 117 94 317 127 103 17 190 114 82 189 8 0
132 139 115 78 317 111 417 821 222 549 952 221 9 0
132 123 120 94 0 111 377 741 222 402 768 205 10 0
132 139 124 78 0 127 109 22 190 98 86 15000 11 0
Chip#2
148 155 130 94 1 127 110 10 190 114 81 189 0 84
132 139 130 94 1 111 106 19 174 98 77 189 1 0
148 139 167 110 17 127 115 32 190 114 84 189 2 0
132 139 118 282 351 127 261 341 190 259 350 189 3 0
132 139 125 265 273 127 261 309 190 259 330 189 4 0
148 139 110 94 1 127 107 16 190 114 80 189 5 0
132 139 113 240 307 127 393 789 206 461 904 205 6 0
132 123 113 251 318 127 369 717 206 370 696 205 7 0
116 123 117 78 0 111 107 19 174 98 90 173 8 0
132 123 117 78 0 111 421 805 206 545 952 205 9 0
132 139 118 94 0 127 386 734 222 402 771 221 10 0
132 139 120 94 0 127 109 23 190 114 88 15000 11 0
Chip#2
148 139 121 94 1 127 105 8 174 98 76 189 0 84
132 139 115 78 0 111 94 5 174 98 65 173 1 0
132 139 123 94 1 127 105 9 190 98 76 189 2 0
132 123 125 281 289 127 245 325 190 257 332 189 3 0
132 139 123 265 273 127 245 309 190 260 322 189 4 0
132 139 113 94 1 127 113 23 190 114 82 189 5 0
132 139 113 232 300 127 395 789 222 462 904 205 6 0
132 139 114 248 309 127 366 719 222 370 712 221 7 0
132 139 120 94 1 127 110 25 190 114 88 189 8 0
116 123 111 105 41 111 413 805 206 531 936 205 9 0
132 123 127 78 0 111 392 738 222 402 774 221 10 0
116 123 109 105 0 111 99 13 174 98 72 15000 11 0
Chip#2
148 155 127 94 1 127 106 17 190 114 82 189 0 84
148 155 167 94 17 127 114 25 190 114 82 189 1 0
116 123 133 78 1 111 107 23 174 98 80 173 2 0
132 139 128 280 345 127 261 341 206 259 345 189 3 0
132 139 130 266 273 127 245 309 206 261 326 189 4 0
132 139 120 94 1 111 111 23 174 98 84 173 5 0
132 123 112 233 305 127 402 789 206 434 904 205 6 0
132 139 124 256 314 127 371 721 206 370 696 205 7 0
132 139 114 94 0 111 109 25 174 114 82 173 8 0
132 139 123 78 0 111 421 821 222 551 952 221 9 0
116 123 114 78 0 111 377 727 206 386 744 205 10 0
132 139 117 78 0 111 106 20 174 98 80 15000 11 0
Chip#2
148 139 115 78 0 127 101 10 174 98 72 189 0 85
148 139 125 94 17 127 113 17 190 114 82 205 1 0
132 139 127 94 1 127 109 17 174 98 77 189 2 0
132 139 167 287 352 143 261 341 206 265 342 189 3 0
132 139 124 266 328 127 245 325 190 265 322 189 4 0
132 139 113 94 1 111 111 22 174 98 78 173 5 0
132 139 121 238 307 127 400 805 206 462 904 221 6 0
132 123 114 242 257 111 365 717 206 354 696 205 7 0
132 123 115 104 257 127 101 15 190 98 84 173 8 0
132 123 113 105 257 111 416 821 206 540 952 221 9 0
132 139 118 94 257 127 381 736 222 402 761 221 10 0
116 123 116 78 257 111 105 20 174 98 83 15000 11 0
Chip#2
148 139 115 94 1 111 99 6 174 98 73 189 0 85
116 123 119 78 0 111 102 11 158 82 73 173 1 0
132 139 151 94 1 111 110 22 190 98 83 189 2 0
132 139 128 288 352 127 261 341 206 260 347 189 3 0
132 139 123 263 337 127 245 309 190 264 322 189 4 0
132 123 113 94 1 111 111 23 174 98 81 173 5 0
148 139 117 236 313 127 402 789 222 471 904 221 6 0
132 139 113 246 313 127 370 717 206 370 696 221 7 0
132 123 109 78 313 111 105 13 174 98 77 189 8 0
132 139 117 78 0 111 421 821 206 544 952 221 9 0
116 139 117 78 0 111 383 734 206 402 744 205 10 0
132 123 114 78 0 111 99 13 174 98 79 15000 11 0
Chip#2
148 155 124 94 1 127 111 15 190 98 86 189 0 85
132 139 123 94 1 127 109 19 174 98 79 173 1 0
132 139 121 94 1 127 105 18 190 98 77 173 2 0
132 139 124 279 350 143 261 341 206 257 341 205 3 0
132 139 115 259 323 127 245 309 190 256 317 189 4 0
132 139 120 94 1 127 109 17 190 98 82 173 5 0
132 123 117 231 241 111 403 773 206 434 888 205 6 0
132 139 116 244 314 127 369 719 206 354 696 205 7 0
116 123 112 101 314 111 102 13 174 98 80 173 8 0
132 139 112 78 0 127 420 821 206 543 952 221 9 0
116 123 109 105 0 95 372 729 206 386 744 205 10 0
132 139 114 78 0 111 106 10 174 98 77 15000 11 0
Chip#2
132 139 128 78 0 111 111 9 174 98 79 173 0 85
132 139 118 94 1 111 106 13 174 98 72 189 1 0
132 155 131 110 65 127 106 17 190 114 78 189 2 0
132 139 117 284 340 127 245 341 190 255 344 189 3 0
132 139 118 258 321 127 245 309 190 251 317 189 4 0
132 139 121 94 1 111 113 25 174 98 86 173 5 0
132 139 123 234 299 127 402 789 206 466 904 205 6 0
132 139 117 248 308 127 369 720 206 354 696 205 7 0
132 139 118 94 1 127 111 25 190 114 85 189 8 0
132 139 115 104 41 111 416 821 206 535 952 221 9 0
132 139 113 94 0 111 382 729 222 402 765 221 10 0
132 139 112 78 0 111 102 13 174 98 77 15000 11 0
Chip#2
148 155 121 94 1 127 103 15 190 98 74 189 0 86
132 139 121 94 1 127 105 18 174 98 77 189 1 0
132 139 124 94 0 111 101 15 174 98 75 173 2 0
132 139 119 273 334 127 261 341 206 250 337 205 3 0
132 139 114 256 314 127 261 309 190 252 310 189 4 0
132 139 112 94 1 127 106 19 174 98 80 173 5 0
132 123 119 234 241 127 395 789 206 434 888 205 6 0
132 139 115 250 308 127 374 724 222 354 696 205 7 0
132 139 109 78 308 111 102 20 174 114 86 173 8 0
116 123 128 78 0 111 421 821 206 542 952 221 9 0
132 139 119 78 0 111 381 734 222 402 761 221 10 0
116 123 109 104 35 111 98 8 174 98 75 15000 11 0
Chip#2
132 155 130 94 1 127 114 20 190 98 88 189 0 86
132 139 131 94 17 127 115 23 190 114 85 189 1 0
116 123 121 78 0 111 101 13 174 82 73 173 2 0
116 123 116 278 333 127 245 325 190 251 333 173 3 0
148 155 125 265 327 143 261 325 206 257 321 205 4 0
132 139 112 94 1 127 107 20 190 98 74 173 5 0
132 139 113 232 299 127 402 789 222 456 904 221 6 0
148 155 128 252 319 143 379 733 222 370 712 221 7 0
148 155 125 94 1 127 118 33 190 114 98 189 8 0
132 139 127 78 0 111 421 821 222 545 952 221 9 0
116 123 109 78 0 111 376 726 206 386 744 205 10 0
132 139 112 78 0 111 101 17 174 98 77 15000 11 0
Chip#2
132 139 117 78 0 111 106 9 174 98 76 173 0 86
132 139 130 94 17 127 110 15 190 98 74 189 1 0
132 139 130 110 17 127 110 16 190 114 80 189 2 0
132 139 128 278 338 127 261 325 190 250 336 189 3 0
132 139 120 261 319 127 245 309 190 255 312 189 4 0
132 139 117 94 1 127 107 25 174 114 82 173 5 0
132 139 118 235 303 127 401 789 206 461 888 221 6 0
132 123 120 244 301 111 370 715 206 354 696 205 7 0
116 139 105 102 301 111 105 13 174 98 78 173 8 0
132 139 117 94 0 111 421 821 206 542 952 221 9 0
132 139 114 78 0 111 376 735 222 386 758 221 10 0
116 123 118 78 0 111 109 26 174 98 84 15000 11 0
Chip#2
148 155 123 94 1 127 109 19 190 98 82 189 0 87
132 139 123 94 1 127 99 15 174 98 73 189 1 0
132 139 121 94 1 127 107 16 190 98 80 189 2 0
116 123 115 268 335 127 245 325 190 245 330 189 3 0
132 139 115 259 317 127 245 309 190 255 313 189 4 0
148 139 118 94 1 127 113 25 190 114 82 189 5 0
132 139 121 233 305 127 405 789 222 465 904 221 6 0
132 139 117 245 305 127 372 716 206 354 696 205 7 0
132 123 108 78 305 111 106 13 174 98 80 173 8 0
132 123 113 78 305 111 418 821 206 540 952 221 9 0
132 139 115 94 0 127 379 734 222 402 766 221 10 0
148 155 123 94 53 127 115 29 190 114 86 15000 11 0
Chip#2
132 139 119 78 0 111 106 15 174 82 79 173 0 87
132 139 115 94 1 111 103 13 174 98 75 189 1 0
132 139 124 94 1 111 102 13 174 98 75 189 2 0
132 123 120 270 332 127 245 325 190 250 330 189 3 0
132 139 123 254 319 127 245 309 190 255 311 189 4 0
132 139 109 94 0 111 107 10 174 98 76 173 5 0
132 123 113 228 241 111 396 773 206 434 872 205 6 0
132 139 118 241 304 127 369 715 206 354 696 205 7 0
132 123 117 78 304 111 99 19 174 98 80 173 8 0
116 123 108 105 304 111 413 805 206 536 936 205 9 0
132 139 124 94 1 127 381 732 222 402 760 221 10 0
132 139 124 78 0 127 110 27 190 98 85 15000 11 0
Chip#2
132 139 117 78 0 111 106 12 174 98 75 173 0 87
132 139 121 94 1 111 109 13 174 98 79 189 1 0
132 139 130 94 1 127 103 22 174 98 81 173 2 0
132 139 118 276 335 127 261 325 190 248 331 189 3 0
132 123 117 254 257 127 245 293 190 251 316 189 4 0
132 139 122 78 1 111 114 27 174 98 81 173 5 0
148 139 127 237 309 127 406 789 222 469 904 221 6 0
132 123 132 255 257 127 373 724 206 338 696 205 7 0
116 123 109 78 0 111 106 16 174 98 86 173 8 0
116 123 113 78 0 111 416 805 206 534 936 205 9 0
132 139 118 78 0 111 382 732 222 402 760 221 10 0
116 123 113 78 0 111 98 20 174 98 77 15000 11 0
Chip#2
148 139 124 78 1 111 107 18 190 98 81 189 0 88
132 155 131 94 17 127 119 26 190 98 86 189 1 0
132 139 121 94 1 111 106 15 174 98 76 173 2 0
132 139 118 266 332 127 261 325 190 247 323 189 3 0
132 139 121 257 321 143 261 309 190 255 309 205 4 0
132 123 119 78 0 111 117 23 174 98 80 173 5 0
148 139 118 237 307 127 407 789 222 460 888 221 6 0
148 139 118 249 312 127 374 716 222 370 712 221 7 0
116 123 116 78 312 95 105 19 174 98 83 173 8 0
116 123 111 78 312 111 417 805 206 536 936 205 9 0
132 139 121 78 0 111 381 727 222 402 744 221 10 0
132 139 121 78 0 111 110 26 190 98 85 15000 11 0
Chip#2
132 139 119 78 0 111 105 10 174 98 77 173 0 88
132 139 124 94 1 127 105 12 190 98 76 189 1 0
148 139 133 110 1 127 113 23 190 114 82 189 2 0
132 139 120 274 330 127 261 325 206 251 331 189 3 0
148 139 130 267 321 143 261 325 206 255 323 205 4 0
132 123 112 78 321 111 103 10 174 98 73 173 5 0
132 123 114 233 296 127 395 789 206 434 888 205 6 0
132 123 122 250 308 127 371 710 206 354 696 205 7 0
132 139 117 94 0 127 109 22 190 114 86 189 8 0
116 123 116 78 0 95 411 805 206 532 936 205 9 0
132 139 113 94 0 127 374 719 222 402 753 221 10 0
116 123 120 78 0 111 101 18 174 98 79 15000 11 0
Chip#2
132 139 115 78 0 111 93 8 174 98 65 173 0 88
132 139 130 94 1 111 110 19 174 98 77 173 1 0
132 139 127 94 1 111 105 19 190 98 81 173 2 0
132 139 121 274 331 127 261 325 206 246 324 189 3 0
132 139 115 257 314 127 245 309 190 252 314 189 4 0
132 139 113 78 0 111 107 13 174 98 76 173 5 0
132 123 113 230 292 111 396 789 206 434 888 205 6 0
116 123 125 206 309 111 366 710 206 338 680 205 7 0
132 123 114 78 0 111 106 15 174 98 86 173 8 0
116 123 112 105 0 111 408 805 206 531 936 205 9 0
132 139 123 94 0 127 386 729 222 386 760 221 10 0
116 123 119 78 0 111 110 18 174 98 79 15000 11 0
Chip#2
148 155 124 94 0 111 110 13 190 98 75 189 0 89
116 123 112 94 1 111 98 6 174 98 67 173 1 0
116 123 127 94 1 111 107 12 174 98 76 173 2 0
132 139 130 274 330 127 245 325 206 254 331 189 3 0
132 139 123 258 322 127 245 293 190 256 313 189 4 0
132 139 107 94 1 127 106 13 174 114 76 173 5 0
132 139 117 230 298 127 388 789 206 460 888 205 6 0
132 139 123 251 257 127 372 721 206 354 696 221 7 0
132 139 113 78 0 111 109 19 174 98 82 173 8 0
148 139 119 94 1 127 416 837 222 537 952 237 9 0
132 123 114 94 1 111 380 726 206 386 744 221 10 0
132 139 120 78 53 111 109 18 190 98 84 15000 11 0
Chip#2
132 139 116 78 0 111 103 6 174 82 71 173 0 89
116 123 119 78 0 111 105 12 174 82 68 173 1 0
132 139 128 94 1 127 105 17 174 98 77 189 2 0
132 139 125 275 333 127 245 325 190 250 327 189 3 0
116 123 120 255 257 127 245 293 190 246 313 189 4 0
132 139 119 94 0 127 111 25 174 98 91 173 5 0
132 123 112 228 241 127 395 773 206 434 872 205 6 0
132 139 121 245 308 127 374 715 206 354 680 205 7 0
148 155 125 110 1 127 122 33 206 114 98 189 8 0
132 139 121 94 1 127 421 821 222 543 952 221 9 0
132 139 121 78 0 111 386 730 206 386 744 221 10 0
132 123 114 94 0 111 106 16 190 98 78 15000 11 0
Chip#2
148 155 127 94 1 127 111 10 190 114 81 189 0 90
132 139 130 94 1 127 113 23 174 98 81 173 1 0
132 139 130 94 1 111 113 25 174 98 84 173 2 0
116 139 123 268 273 127 245 325 190 246 321 189 3 0
132 139 125 261 322 127 245 309 206 260 320 189 4 0
132 139 117 94 1 127 103 20 174 98 77 189 5 0
132 139 118 231 298 127 400 789 206 434 888 205 6 0
132 139 118 241 303 127 367 710 206 370 696 205 7 0
132 155 123 94 1 127 113 26 190 114 89 189 8 0
116 123 117 78 48 111 419 805 206 540 936 221 9 0
116 139 118 78 50 111 381 724 206 386 744 205 10 0
132 139 120 78 53 127 106 16 174 98 84 15000 11 0
Chip#2
132 139 125 78 0 111 106 9 174 98 79 173 0 90
132 139 125 94 17 127 101 18 190 98 71 189 1 0
116 123 125 78 0 111 99 13 174 98 76 173 2 0
132 139 125 276 333 127 245 325 190 254 332 189 3 0
132 139 120 255 315 127 245 293 190 256 314 189 4 0
132 139 113 94 1 127 107 20 190 114 78 189 5 0
132 139 123 237 301 127 393 773 206 434 888 205 6 0
132 139 123 248 307 127 369 708 206 354 696 205 7 0
132 139 118 94 1 127 111 23 190 114 84 189 8 0
132 139 124 94 0 127 421 821 222 540 952 221 9 0
132 139 123 94 0 111 378 735 222 386 744 221 10 0
132 123 115 78 0 127 110 22 190 98 80 15000 11 0
Chip#2
148 139 125 94 1 127 103 9 174 98 80 189 0 90
148 139 130 94 17 127 111 23 190 114 84 189 1 0
116 123 123 94 1 111 103 6 174 98 71 173 2 0
132 139 118 274 330 127 245 325 190 249 323 189 3 0
148 139 125 261 318 143 261 309 206 259 314 205 4 0
132 139 115 94 1 127 115 17 190 114 84 189 5 0
132 139 118 234 305 127 396 773 206 464 888 205 6 0
132 123 114 246 300 127 367 708 206 354 696 205 7 0
132 123 115 78 0 111 113 26 190 98 88 173 8 0
132 139 123 94 0 127 421 821 222 546 952 221 9 0
132 139 120 94 1 127 382 726 222 402 759 221 10 0
116 123 120 78 0 111 109 18 174 98 83 15000 11 0
Chip#2
148 155 167 94 17 127 121 26 190 114 96 205 0 91
132 139 128 94 1 127 111 19 190 98 75 189 1 0
132 139 121 94 1 127 102 12 190 98 73 189 2 0
132 139 127 274 338 127 245 325 206 255 331 189 3 0
132 139 117 254 310 127 245 293 190 250 305 189 4 0
132 139 131 94 1 127 118 29 190 98 89 173 5 0
132 139 128 238 301 127 405 789 206 465 888 221 6 0
132 123 123 244 303 127 369 705 206 354 696 205 7 0
132 123 123 78 303 111 111 26 174 98 92 173 8 0
132 123 117 78 303 127 420 805 206 537 936 221 9 0
116 123 111 78 303 95 374 719 206 386 728 205 10 0
116 123 117 78 0 111 105 23 174 98 81 15000 11 0
Chip#2
148 155 124 94 1 127 105 15 190 98 76 189 0 91
148 139 133 110 17 127 103 15 190 98 77 189 1 0
132 123 151 94 1 111 111 23 174 98 84 173 2 0
116 123 125 276 273 111 245 325 190 250 326 173 3 0
132 123 120 262 319 127 245 293 190 259 313 189 4 0
132 139 121 94 1 127 109 22 190 114 82 189 5 0
132 139 123 235 303 127 395 773 206 455 888 205 6 0
132 123 119 246 257 111 364 709 206 354 680 205 7 0
116 123 114 78 257 111 107 18 174 98 86 173 8 0
132 139 121 78 0 111 420 805 222 531 936 221 9 0
132 139 120 94 0 127 381 722 222 402 744 221 10 0
132 139 120 94 0 127 107 17 190 114 80 15000 11 0
Chip#2
132 139 120 78 0 111 99 8 174 98 72 173 0 91
132 123 121 94 1 111 107 15 174 98 72 173 1 0
132 139 167 94 1 127 113 25 190 98 84 189 2 0
116 139 127 270 273 127 245 325 190 250 324 189 3 0
132 139 121 254 314 127 245 309 190 251 307 205 4 0
132 139 112 78 1 127 109 16 174 98 79 173 5 0
132 123 117 229 241 127 396 773 206 434 872 205 6 0
116 123 112 239 241 111 366 713 206 354 680 205 7 0
132 123 112 78 0 111 110 20 174 98 86 189 8 0
132 139 117 94 0 127 420 821 222 541 952 221 9 0
132 139 123 94 0 111 378 730 206 386 744 221 10 0
132 139 112 94 0 127 101 19 190 114 81 15000 11 0
