Chip#1
100 104 98 102 99 97 102 96 103 103 98 102 0 50
107 110 107 109 106 104 110 111 112 112 111 104 1 0
92 97 110 124 95 117 129 101 127 118 94 95 2 0
107 105 118 123 105 128 130 109 124 122 106 105 3 0
102 103 104 105 102 107 111 105 108 106 98 100 4 0
96 102 1211 2308 110 1586 1908 108 137 125 101 102 5 0
97 105 507 875 111 566 702 112 124 116 101 101 6 0
96 100 105 118 100 107 111 109 105 106 102 98 7 0
107 112 1182 2632 108 1152 1410 108 110 109 108 103 8 0
101 98 363 677 99 314 394 98 101 102 95 92 9 0
137 119 99 98 96 98 98 96 98 96 93 95 10 0
150 152 111 101 105 99 107 102 105 106 105 15000 11 0

Chip#1
99 98 97 98 94 94 101 99 102 102 97 101 0 51
108 106 108 107 107 101 107 107 107 111 108 110 1 0
99 96 117 130 99 128 129 99 124 120 99 99 2 0
93 92 104 125 99 115 121 95 119 115 98 96 3 0
104 104 107 116 108 111 115 108 109 112 105 99 4 0
99 99 1227 2324 108 1596 1914 109 141 129 98 98 5 0
92 94 502 871 98 561 703 99 111 109 94 94 6 0
104 106 110 129 108 112 117 108 110 107 106 106 7 0
94 96 1173 2638 101 1144 1404 100 101 101 98 98 8 0
107 99 369 684 105 319 398 99 97 98 101 95 9 0
136 112 96 102 91 98 99 94 94 99 98 97 10 0
145 145 105 99 99 93 105 98 103 103 103 15000 11 0

Chip#1
103 104 99 101 99 101 104 105 101 106 100 104 0 51
97 97 98 94 94 96 101 103 97 101 98 98 1 0
97 102 114 126 96 128 135 105 128 120 104 97 2 0
106 104 113 127 103 128 127 106 126 119 106 103 3 0
99 102 100 108 98 106 109 108 103 106 103 102 4 0
101 116 1243 2324 114 1609 1921 116 147 133 107 105 5 0
95 102 504 874 102 562 708 107 116 114 98 97 6 0
94 105 105 120 102 108 113 108 105 108 103 98 7 0
102 109 1181 2642 111 1144 1410 109 108 108 106 108 8 0
108 110 366 685 104 320 401 103 105 103 98 103 9 0
142 118 98 97 93 98 101 99 94 98 101 100 10 0
144 142 103 99 98 94 102 101 101 106 103 15000 11 0

Chip#1
102 104 101 101 102 100 106 103 108 107 98 107 0 52
100 102 97 102 99 99 103 105 105 103 101 100 1 0
96 96 111 125 100 128 129 100 127 118 95 99 2 0
104 104 113 130 103 128 132 108 133 126 106 107 3 0
108 106 111 115 111 114 121 114 113 117 106 107 4 0
106 108 1227 2324 113 1609 1925 114 147 136 107 106 5 0
97 99 501 873 105 566 704 106 116 114 97 96 6 0
92 93 93 110 96 99 104 95 97 100 92 92 7 0
97 97 1179 2645 108 1139 1409 105 103 103 101 92 8 0
105 99 367 678 102 316 395 95 101 101 95 94 9 0
138 118 99 102 104 96 107 99 101 101 97 96 10 0
147 147 106 101 99 97 106 100 106 101 98 15000 11 0

Chip#1
102 104 95 96 95 91 102 95 96 102 93 101 0 52
100 99 98 96 99 96 99 98 96 99 99 99 1 0
100 103 118 126 96 128 133 103 130 123 104 103 2 0
96 103 108 121 104 117 125 100 121 117 100 98 3 0
96 92 95 98 94 101 107 93 102 98 94 96 4 0
97 99 1211 2314 107 1597 1915 107 140 126 98 103 5 0
96 104 508 872 104 566 703 105 119 115 100 99 6 0
99 96 101 118 98 103 110 100 99 103 92 97 7 0
93 97 1174 2634 101 1144 1399 95 100 103 97 97 8 0
102 100 365 676 93 316 391 93 101 100 94 94 9 0
142 118 100 103 98 100 102 99 102 104 101 99 10 0
145 142 107 98 98 96 103 100 102 106 98 15000 11 0

Chip#1
97 94 93 96 92 97 101 94 94 98 98 102 0 53
100 100 95 97 96 97 99 96 101 105 98 101 1 0
90 93 107 122 93 128 130 95 126 119 94 95 2 0
97 94 107 122 98 117 123 95 123 112 101 96 3 0
103 102 101 118 105 111 113 107 113 108 107 106 4 0
96 102 1213 2299 109 1589 1909 106 141 124 97 103 5 0
102 104 507 873 109 569 710 107 124 115 108 106 6 0
106 110 113 127 110 114 119 111 112 111 106 106 7 0
100 94 1171 2629 101 1137 1401 100 101 101 93 98 8 0
108 96 366 677 98 315 392 102 103 103 101 95 9 0
138 121 99 101 98 97 102 100 99 101 95 102 10 0
143 140 105 96 95 93 99 96 96 98 97 15000 11 0

Chip#1
107 102 101 105 104 99 104 100 108 105 103 102 0 53
97 93 98 96 95 92 92 96 97 98 94 99 1 0
97 103 112 127 98 128 132 100 133 122 98 102 2 0
104 103 112 128 105 120 129 105 129 120 107 103 3 0
100 102 105 110 104 106 111 103 107 104 101 98 4 0
95 94 1204 2303 109 1585 1901 103 136 129 93 97 5 0
96 100 501 865 103 557 702 103 121 116 99 101 6 0
101 105 106 122 102 107 111 107 105 108 102 102 7 0
103 111 1172 2631 109 1138 1391 106 109 113 101 104 8 0
107 105 366 682 106 318 394 100 105 108 101 98 9 0
136 121 96 96 98 99 102 101 99 104 98 96 10 0
147 147 107 102 104 103 106 101 104 107 102 15000 11 0

Chip#1
101 98 99 98 96 92 98 98 101 99 97 103 0 54
99 104 101 101 98 98 99 101 101 101 99 97 1 0
90 93 106 119 85 115 123 93 118 117 87 92 2 0
101 105 115 131 98 120 126 101 124 120 102 99 3 0
102 103 107 107 100 107 112 109 105 106 97 99 4 0
92 105 1201 2287 101 1582 1889 109 141 126 95 94 5 0
102 104 505 861 111 564 703 106 126 116 104 100 6 0
100 109 108 127 108 112 111 108 109 107 103 99 7 0
100 113 1174 2618 109 1135 1383 109 113 113 108 109 8 0
104 99 365 678 97 311 383 95 99 100 98 97 9 0
140 119 101 104 98 99 104 100 101 101 102 99 10 0
154 149 112 108 96 99 104 101 103 108 102 15000 11 0

Chip#1
103 106 101 105 102 100 104 101 107 108 103 103 0 54
103 109 105 105 103 105 106 105 108 108 107 109 1 0
97 98 113 125 95 128 127 94 129 118 98 99 2 0
100 102 109 124 96 114 122 101 123 117 102 102 3 0
93 90 94 101 92 99 103 96 101 97 92 91 4 0
102 107 1202 2285 113 1581 1887 109 145 133 106 104 5 0
97 105 498 861 102 559 696 107 118 114 103 102 6 0
99 99 107 122 101 101 110 107 103 104 94 103 7 0
103 102 1168 2606 107 1120 1374 101 104 101 106 101 8 0
110 98 363 670 98 307 389 99 98 101 97 96 9 0
142 119 100 103 94 94 97 95 95 103 99 98 10 0
146 144 106 101 96 92 101 95 98 104 101 15000 11 0

Chip#1
95 96 93 91 92 93 94 93 93 99 96 90 0 54
97 96 97 99 93 94 97 98 97 97 100 96 1 0
104 105 123 137 102 128 135 106 136 133 108 106 2 0
103 103 112 127 104 120 126 103 127 120 106 102 3 0
100 99 102 106 101 100 106 106 107 105 103 99 4 0
103 104 1195 2277 109 1571 1876 111 144 134 102 102 5 0
99 103 496 859 108 554 696 100 116 110 98 97 6 0
100 100 106 126 103 111 113 107 107 106 101 102 7 0
112 111 1165 2597 113 1129 1377 111 113 112 108 107 8 0
111 103 368 675 101 313 384 102 106 103 103 99 9 0
143 120 99 105 104 105 102 99 102 105 106 101 10 0
142 141 103 98 96 93 95 96 97 102 99 15000 11 0

Chip#1
97 97 97 96 96 90 92 93 98 98 92 94 0 54
97 97 98 94 99 89 92 98 99 99 94 92 1 0
103 105 118 131 100 128 132 108 133 122 104 101 2 0
95 99 108 127 102 117 120 102 122 113 97 99 3 0
103 106 105 114 106 111 114 114 113 108 102 103 4 0
90 98 1190 2260 104 1564 1866 105 136 123 94 95 5 0
101 104 497 854 109 559 696 111 121 116 103 102 6 0
97 97 101 118 99 104 111 103 101 99 95 97 7 0
96 100 1157 2582 102 1118 1363 103 103 99 103 99 8 0
107 112 366 675 104 317 389 103 108 106 99 101 9 0
144 128 110 112 107 105 104 108 105 109 106 104 10 0
145 150 108 107 104 98 100 107 101 105 102 15000 11 0

Chip#1
103 105 103 103 100 101 104 101 104 107 102 105 0 55
103 102 99 101 102 103 103 101 109 107 101 103 1 0
96 97 113 128 101 128 134 102 129 117 99 103 2 0
94 97 105 121 99 114 119 100 117 117 94 96 3 0
101 101 106 109 105 111 111 108 105 107 106 106 4 0
103 108 1190 2264 115 1567 1875 115 145 131 108 109 5 0
95 103 491 845 108 555 695 105 118 113 96 98 6 0
90 96 99 111 99 100 105 99 102 97 93 97 7 0
102 106 1144 2576 102 1117 1358 103 102 105 101 100 8 0
111 103 360 665 104 310 379 99 101 105 100 99 9 0
147 119 107 109 106 104 106 105 102 107 110 106 10 0
145 144 106 97 96 100 98 96 97 103 100 15000 11 0

Chip#1
101 103 100 98 98 100 99 96 105 104 101 102 0 55
109 109 110 109 105 112 109 107 112 113 110 106 1 0
93 91 107 124 86 118 121 95 122 118 92 90 2 0
93 96 107 120 95 113 119 96 123 114 97 91 3 0
102 103 110 109 105 112 113 108 107 107 101 102 4 0
102 111 1192 2247 115 1559 1860 114 150 133 105 105 5 0
104 110 500 851 114 563 696 114 124 125 106 105 6 0
104 111 112 132 110 114 116 111 110 107 106 109 7 0
101 110 1148 2567 108 1107 1354 101 112 109 107 104 8 0
113 106 362 669 105 313 382 103 104 107 106 103 9 0
144 119 101 103 100 104 99 101 105 105 103 101 10 0
144 139 103 97 96 92 98 99 98 105 96 15000 11 0

Chip#1
99 96 91 94 90 92 95 94 98 95 91 95 0 55
97 102 99 99 96 96 98 98 99 103 97 97 1 0
97 104 117 130 101 120 132 102 132 123 105 102 2 0
100 97 111 123 101 114 121 100 122 117 99 102 3 0
94 94 96 104 95 97 104 95 105 102 88 92 4 0
93 99 1172 2230 101 1541 1849 102 141 126 93 99 5 0
99 100 489 842 107 546 696 105 117 116 97 101 6 0
99 97 106 118 102 108 109 100 101 105 96 95 7 0
100 100 1142 2550 107 1102 1353 99 108 104 103 96 8 0
109 98 357 658 98 305 374 96 101 102 96 92 9 0
149 131 110 108 105 105 106 106 109 114 108 104 10 0
146 143 110 101 101 98 106 105 102 106 104 15000 11 0

Chip#1
92 92 89 91 92 90 94 92 94 98 92 92 0 55
97 92 92 94 90 97 94 92 100 103 96 95 1 0
96 100 113 128 96 128 130 101 131 123 102 100 2 0
95 96 104 120 96 117 116 98 116 113 91 96 3 0
100 99 100 109 96 105 103 102 107 106 100 99 4 0
99 108 1175 2231 115 1546 1845 111 147 133 103 104 5 0
103 107 489 845 105 554 696 112 124 116 110 106 6 0
99 108 106 122 101 104 114 103 108 107 98 101 7 0
100 98 1129 2534 103 1093 1337 100 98 102 95 98 8 0
111 103 359 665 101 312 385 102 99 106 102 99 9 0
143 116 100 108 100 102 105 102 98 107 99 97 10 0
150 145 110 102 102 103 104 105 103 108 106 15000 11 0

Chip#1
93 98 89 90 92 91 96 90 94 101 94 96 0 56
89 91 92 91 90 92 95 92 96 96 91 92 1 0
97 100 112 132 96 128 136 100 133 122 108 100 2 0
101 100 110 126 100 128 121 105 122 118 107 101 3 0
92 96 96 103 96 105 107 94 104 105 97 92 4 0
104 109 1166 2220 115 1550 1843 115 148 133 111 107 5 0
93 102 481 830 105 543 681 103 116 113 100 99 6 0
102 111 111 128 111 113 118 114 113 114 113 111 7 0
103 105 1126 2534 108 1094 1341 103 106 109 101 102 8 0
102 97 353 654 96 304 376 99 97 100 100 98 9 0
136 118 99 104 98 100 102 98 99 105 106 98 10 0
140 145 105 99 100 98 99 101 103 105 106 15000 11 0

Chip#1
104 103 101 103 102 95 106 100 102 107 101 102 0 56
97 100 98 101 98 99 99 99 101 103 102 101 1 0
101 108 120 133 98 120 131 103 133 124 101 103 2 0
107 109 118 132 109 128 131 107 125 127 107 106 3 0
96 96 99 103 102 105 106 99 103 101 96 97 4 0
104 106 1165 2200 115 1537 1829 119 144 133 106 105 5 0
103 106 486 832 106 547 686 107 121 122 99 102 6 0
99 111 108 126 108 112 110 103 108 109 106 105 7 0
95 104 1119 2506 104 1074 1327 98 98 104 98 97 8 0
101 100 352 646 100 305 375 98 99 100 96 94 9 0
140 120 104 104 99 98 102 99 103 103 104 100 10 0
144 144 111 103 99 100 103 100 104 105 101 15000 11 0

Chip#1
104 104 103 104 104 102 109 106 107 112 108 104 0 57
102 103 97 102 99 98 102 96 103 104 99 96 1 0
100 105 118 136 105 128 135 106 134 129 103 103 2 0
99 97 105 123 99 128 120 102 116 124 103 99 3 0
97 106 103 105 105 105 109 103 107 104 105 104 4 0
96 102 1153 2198 105 1527 1821 106 146 127 103 101 5 0
96 99 477 828 101 537 676 105 114 113 100 95 6 0
96 101 109 121 107 106 111 107 103 105 98 99 7 0
102 106 1127 2503 111 1091 1328 107 107 111 103 103 8 0
111 109 360 651 105 310 382 101 99 107 102 102 9 0
130 110 101 96 94 90 98 95 95 101 96 91 10 0
146 145 113 105 102 103 101 105 107 106 103 15000 11 0

Chip#1
104 103 99 99 98 104 101 100 104 106 102 104 0 57
97 96 96 98 95 96 97 96 101 98 100 98 1 0
94 93 113 127 94 128 127 98 122 118 97 97 2 0
94 99 110 122 100 117 118 98 116 114 97 99 3 0
101 105 108 111 107 112 116 106 112 106 103 105 4 0
103 106 1151 2181 113 1520 1819 113 143 133 102 104 5 0
97 104 481 822 108 536 676 106 118 117 100 98 6 0
106 105 107 125 108 112 116 109 110 109 107 104 7 0
104 104 1116 2491 106 1076 1318 105 107 105 97 103 8 0
103 99 351 644 96 305 372 101 101 102 95 98 9 0
134 111 99 98 97 100 98 100 97 103 94 95 10 0
146 143 108 97 95 94 102 103 105 108 101 15000 11 0

Chip#1
95 96 91 94 90 90 96 89 91 95 94 89 0 57
102 105 99 102 98 99 105 102 105 109 102 99 1 0
96 98 116 125 96 120 127 101 127 117 94 92 2 0
108 105 117 128 105 120 126 106 126 119 102 103 3 0
104 105 107 111 102 108 111 106 110 109 99 99 4 0
99 98 1147 2168 101 1508 1803 108 139 126 97 92 5 0
101 100 480 819 107 531 676 102 120 114 97 97 6 0
103 112 113 125 107 113 116 108 109 113 110 101 7 0
100 106 1110 2477 102 1069 1310 102 105 109 96 98 8 0
104 96 346 639 96 299 375 96 96 99 93 89 9 0
143 124 108 107 102 106 107 102 108 109 103 107 10 0
142 141 107 99 100 97 105 99 104 105 97 15000 11 0

Chip#1
101 103 96 98 98 101 99 95 101 104 94 99 0 57
96 97 96 96 94 91 94 94 99 101 91 92 1 0
99 104 113 129 99 128 131 103 132 120 100 98 2 0
93 94 107 119 98 114 122 98 116 112 93 96 3 0
99 102 103 102 102 106 109 105 104 105 101 99 4 0
103 103 1141 2160 107 1508 1795 112 142 131 106 102 5 0
102 103 477 812 109 536 672 107 121 113 98 102 6 0
101 103 110 118 105 108 114 108 103 107 102 101 7 0
97 102 1100 2456 102 1061 1300 100 101 105 98 95 8 0
109 103 351 635 99 302 373 98 105 102 102 99 9 0
140 123 105 103 100 100 109 102 105 104 106 99 10 0
145 142 110 106 101 100 108 101 105 108 103 15000 11 0

Chip#1
97 102 100 98 96 95 100 96 102 102 97 97 0 58
101 102 95 96 96 98 101 98 101 102 97 92 1 0
101 103 118 126 98 128 132 99 129 123 102 97 2 0
96 99 111 120 99 119 118 95 118 116 101 97 3 0
96 98 97 105 100 100 106 100 99 97 94 95 4 0
94 98 1132 2144 101 1488 1779 101 135 122 93 94 5 0
105 111 478 820 112 537 669 106 120 118 109 108 6 0
103 105 111 117 105 112 117 108 107 108 104 102 7 0
103 111 1100 2453 103 1065 1308 105 104 107 106 106 8 0
117 109 355 640 107 308 381 102 107 108 108 100 9 0
137 119 100 104 101 100 107 101 97 105 96 98 10 0
140 147 105 99 101 95 103 99 101 104 103 15000 11 0

Chip#1
95 97 93 91 89 92 96 93 94 95 94 95 0 58
99 95 96 94 96 92 95 94 97 97 89 96 1 0
95 105 118 130 98 128 133 100 132 122 101 102 2 0
94 95 107 121 101 114 118 98 120 116 96 98 3 0
100 97 103 106 102 105 112 103 105 104 99 104 4 0
102 107 1132 2141 114 1497 1786 109 143 128 102 106 5 0
101 109 474 808 105 531 668 105 121 117 106 103 6 0
103 104 106 125 104 111 114 111 110 105 104 102 7 0
104 105 1100 2437 104 1059 1296 107 107 106 106 100 8 0
104 97 344 627 98 297 364 100 101 101 93 92 9 0
140 117 104 104 100 106 109 103 105 105 101 103 10 0
139 142 107 103 93 100 101 99 102 104 101 15000 11 0

Chip#1
100 98 94 99 96 98 99 101 104 101 101 100 0 58
100 98 98 99 100 94 95 96 101 100 100 98 1 0
96 103 113 129 93 120 128 96 133 116 97 98 2 0
97 100 110 122 94 115 119 98 122 116 100 103 3 0
101 102 103 113 107 113 112 107 108 106 103 103 4 0
103 111 1123 2128 115 1488 1776 118 147 130 106 109 5 0
101 106 474 807 110 531 668 109 123 116 103 103 6 0
99 106 108 120 107 113 113 106 105 104 103 102 7 0
101 104 1088 2418 106 1050 1286 102 105 99 102 102 8 0
109 107 352 636 105 303 372 103 108 106 106 102 9 0
139 123 107 105 101 104 105 103 107 105 99 100 10 0
140 144 107 102 96 98 103 106 105 104 99 15000 11 0

Chip#1
94 93 94 92 92 88 95 88 99 94 93 94 0 59
104 103 99 102 102 98 106 100 107 107 100 102 1 0
95 104 118 128 102 128 135 105 129 125 104 103 2 0
101 104 118 128 108 128 126 103 129 122 104 105 3 0
106 104 112 114 111 117 120 113 116 114 111 107 4 0
102 104 1121 2111 109 1476 1758 115 142 126 94 99 5 0
99 103 459 798 111 524 657 107 121 116 98 102 6 0
100 104 112 121 105 107 115 111 109 102 106 98 7 0
101 105 1086 2405 104 1050 1284 107 108 102 100 102 8 0
111 101 344 625 104 296 369 105 107 102 98 102 9 0
143 126 107 108 106 105 112 105 105 112 110 106 10 0
145 142 111 108 104 100 103 105 109 107 101 15000 11 0

Chip#1
107 100 101 102 101 99 103 102 103 102 103 105 0 59
106 108 105 105 106 103 106 106 108 112 107 104 1 0
90 95 110 121 94 120 129 95 128 117 97 95 2 0
102 104 112 126 102 115 123 101 122 120 101 100 3 0
96 98 101 102 101 105 110 103 105 103 97 95 4 0
99 109 1119 2110 114 1475 1759 114 146 133 106 106 5 0
96 102 459 795 108 522 652 101 120 113 100 99 6 0
103 105 111 126 111 109 118 109 108 112 106 105 7 0
96 100 1078 2397 103 1039 1277 100 101 102 102 98 8 0
114 105 346 630 111 300 374 107 108 107 106 100 9 0
139 118 103 111 103 99 104 106 107 108 110 100 10 0
141 142 110 102 99 100 97 98 107 101 101 15000 11 0

Chip#1
101 97 96 97 99 96 103 94 99 106 95 104 0 59
97 100 99 99 98 96 99 99 106 105 97 98 1 0
101 97 113 128 99 128 131 99 130 120 101 98 2 0
99 99 111 122 102 115 121 95 118 115 98 99 3 0
102 100 105 108 103 109 112 106 108 107 103 103 4 0
100 104 1109 2094 111 1468 1748 109 144 129 103 102 5 0
106 105 459 789 107 519 652 105 121 114 103 103 6 0
96 105 111 124 105 109 113 106 112 106 101 103 7 0
106 103 1072 2387 108 1048 1272 109 114 109 107 102 8 0
111 102 345 619 105 297 363 100 107 104 104 102 9 0
130 109 92 98 88 91 97 87 94 94 91 92 10 0
149 149 112 103 103 102 102 101 107 109 107 15000 11 0

Chip#1
102 99 96 100 94 97 102 92 99 104 98 102 0 59
100 106 101 99 99 94 101 101 104 106 99 97 1 0
93 94 113 123 89 128 127 99 120 122 92 93 2 0
103 103 113 127 101 120 127 105 118 120 106 105 3 0
106 104 108 115 102 108 114 109 108 109 101 105 4 0
97 97 1100 2080 104 1456 1727 106 134 126 94 99 5 0
101 104 459 789 107 519 652 106 118 116 98 103 6 0
100 106 110 121 102 107 109 103 102 104 98 100 7 0
99 102 1066 2376 104 1036 1263 99 107 106 101 97 8 0
106 100 345 618 99 290 362 98 102 107 103 97 9 0
139 119 101 104 102 100 103 103 102 103 98 103 10 0
140 143 112 102 101 98 105 100 101 103 104 15000 11 0

Chip#1
94 96 88 92 93 85 94 90 94 98 94 98 0 60
102 98 101 102 94 97 100 100 107 105 100 98 1 0
107 108 124 133 101 128 134 109 140 130 107 110 2 0
102 99 110 124 102 118 125 101 123 118 102 103 3 0
101 100 105 112 102 105 114 103 110 108 101 101 4 0
101 106 1108 2075 105 1456 1731 109 141 131 103 102 5 0
96 102 459 787 104 511 646 103 120 112 94 95 6 0
101 106 113 127 107 108 114 113 104 108 99 101 7 0
102 106 1061 2369 109 1033 1270 112 106 108 102 104 8 0
109 111 345 630 105 297 369 109 108 107 110 102 9 0
142 118 103 104 104 97 104 107 102 105 102 102 10 0
144 146 113 108 105 102 106 102 108 108 105 15000 11 0

Chip#1
111 108 104 110 108 106 114 109 110 111 107 106 0 60
97 94 96 97 94 96 99 94 105 98 93 94 1 0
93 94 114 125 93 120 128 96 124 118 94 92 2 0
104 110 111 129 104 120 128 106 128 120 108 104 3 0
100 102 100 108 102 107 106 103 105 103 99 98 4 0
92 98 1084 2061 99 1440 1727 103 136 120 94 90 5 0
92 98 459 785 102 509 637 101 113 106 94 96 6 0
107 103 112 126 107 117 117 109 110 111 103 105 7 0
104 103 1064 2359 111 1033 1268 108 107 106 101 99 8 0
107 103 336 612 104 296 362 101 101 102 101 92 9 0
138 118 99 103 101 99 105 102 105 103 101 102 10 0
145 143 112 101 98 98 103 100 105 105 103 15000 11 0

Chip#1
97 93 93 94 95 94 96 95 98 103 91 96 0 60
103 99 99 94 100 93 99 96 102 101 96 97 1 0
102 105 119 132 107 144 133 107 134 127 105 104 2 0
90 91 103 115 95 114 117 96 118 115 98 98 3 0
106 105 106 110 110 111 115 113 113 109 107 105 4 0
97 96 1082 2055 111 1424 1718 108 138 126 96 101 5 0
96 104 459 795 108 513 644 106 118 116 107 102 6 0
107 100 110 121 109 111 113 111 109 111 103 99 7 0
99 102 1046 2330 100 1020 1247 98 97 102 97 97 8 0
101 97 330 599 99 289 359 99 99 102 91 90 9 0
139 115 99 108 96 104 103 102 103 106 101 99 10 0
141 143 107 104 104 102 106 102 105 112 101 15000 11 0

Chip#1
97 93 94 94 95 94 98 94 99 99 96 95 0 60
99 97 99 103 98 94 97 103 107 102 102 97 1 0
103 103 121 128 96 128 128 102 129 123 104 104 2 0
93 90 103 120 92 106 112 99 115 112 96 94 3 0
96 96 100 105 100 104 106 102 108 106 99 100 4 0
97 105 1085 2045 109 1440 1727 108 142 129 104 103 5 0
97 102 451 779 101 505 633 102 113 111 98 96 6 0
96 98 101 118 99 104 103 101 101 98 92 94 7 0
106 111 1053 2324 111 1028 1252 113 109 108 108 106 8 0
109 105 338 611 103 293 359 105 102 107 104 102 9 0
133 118 101 104 95 98 99 99 98 99 100 98 10 0
143 145 113 107 105 104 105 103 104 105 106 15000 11 0

Chip#1
104 109 99 108 102 101 103 99 108 107 101 104 0 61
104 104 96 108 105 97 106 100 103 105 102 102 1 0
94 98 111 126 89 128 125 95 127 117 94 94 2 0
100 101 112 133 104 128 124 103 123 119 103 100 3 0
97 99 105 102 105 105 105 101 107 106 101 99 4 0
89 99 1067 2039 99 1408 1699 105 134 119 92 95 5 0
95 97 451 768 101 502 638 103 112 107 93 98 6 0
99 99 104 116 104 107 109 105 104 105 98 97 7 0
110 118 1050 2324 119 1025 1254 113 112 115 113 109 8 0
107 100 332 602 98 288 358 99 104 104 99 98 9 0
143 119 101 108 101 103 109 103 110 107 103 103 10 0
138 134 101 102 92 99 99 96 97 99 96 15000 11 0

Chip#1
96 92 89 94 89 96 95 90 99 97 94 95 0 61
106 103 100 104 102 100 105 102 104 109 106 103 1 0
106 102 118 130 100 120 131 102 129 126 102 104 2 0
96 96 101 120 96 113 118 94 115 112 92 94 3 0
101 99 104 110 102 107 111 100 104 107 101 102 4 0
101 102 1073 2031 107 1424 1693 109 143 129 99 99 5 0
111 107 459 783 111 512 640 108 121 120 103 105 6 0
103 104 108 121 106 110 117 107 107 111 102 105 7 0
107 106 1042 2310 108 1019 1243 102 108 108 103 101 8 0
108 103 334 601 104 288 353 96 105 105 102 102 9 0
139 124 110 112 107 112 112 106 112 112 108 106 10 0
152 154 118 109 110 111 112 106 115 114 112 15000 11 0

Chip#1
102 104 97 99 98 98 99 96 101 103 101 99 0 61
100 100 101 103 106 98 99 102 108 102 102 102 1 0
97 100 111 125 92 128 130 98 126 117 101 98 2 0
101 98 111 121 101 119 120 102 124 119 104 102 3 0
101 100 101 110 105 112 110 107 109 108 108 102 4 0
104 108 1073 2022 113 1408 1690 112 148 131 111 106 5 0
99 109 451 772 106 503 633 103 121 116 102 101 6 0
102 105 109 122 107 112 112 109 108 105 102 97 7 0
102 103 1030 2290 107 1005 1231 99 105 101 102 94 8 0
116 109 334 600 108 292 358 105 112 111 110 104 9 0
131 109 94 97 93 96 95 93 93 97 96 97 10 0
142 138 110 104 98 99 101 102 102 103 104 15000 11 0

Chip#1
96 94 92 97 95 94 99 95 94 101 99 100 0 61
99 101 98 99 98 97 99 98 100 107 105 99 1 0
96 99 110 121 94 128 129 95 130 119 99 96 2 0
93 98 106 124 93 114 118 96 118 114 103 98 3 0
96 93 97 103 96 99 101 102 103 98 98 96 4 0
99 100 1060 2002 105 1395 1670 108 145 126 103 99 5 0
102 108 451 776 108 506 631 113 126 116 102 106 6 0
103 106 112 122 105 112 113 108 109 106 98 101 7 0
102 108 1018 2278 105 1002 1231 102 105 105 102 101 8 0
107 108 331 597 104 292 358 100 103 105 102 104 9 0
135 117 99 105 94 98 103 96 104 102 99 99 10 0
136 136 103 98 93 97 98 95 97 104 97 15000 11 0

Chip#1
103 104 99 101 98 98 97 96 101 104 98 103 0 62
93 93 89 98 94 93 96 98 94 99 94 96 1 0
101 106 119 131 103 128 133 102 133 126 103 96 2 0
95 96 106 119 96 115 117 99 121 116 93 95 3 0
101 97 104 108 102 110 109 100 108 105 103 97 4 0
100 103 1060 2002 102 1408 1669 107 140 127 97 99 5 0
107 111 451 772 108 504 629 112 122 123 107 104 6 0
100 107 110 125 103 108 114 106 104 111 101 100 7 0
111 111 1029 2275 113 1007 1229 108 110 112 110 105 8 0
104 100 322 588 99 282 350 94 96 98 97 91 9 0
136 119 98 105 96 103 105 98 100 106 103 97 10 0
138 137 103 98 90 93 96 98 98 105 98 15000 11 0

Chip#1
103 103 98 99 99 98 102 98 101 106 98 100 0 62
103 106 105 103 103 100 102 105 109 105 106 103 1 0
100 105 118 133 100 128 134 101 129 124 102 101 2 0
103 105 119 130 109 120 127 106 134 125 107 105 3 0
93 98 103 103 98 101 106 105 99 102 92 89 4 0
87 98 1037 1972 97 1379 1655 99 129 117 87 90 5 0
103 102 451 761 108 499 625 107 120 117 101 99 6 0
103 105 110 118 104 109 114 103 109 107 99 97 7 0
97 101 1013 2249 104 997 1207 102 103 103 94 95 8 0
109 103 322 582 102 284 347 95 105 105 93 97 9 0
140 122 104 104 102 101 107 98 105 104 97 105 10 0
138 140 106 101 94 96 101 98 107 106 103 15000 11 0

Chip#1
101 100 98 96 95 97 103 96 102 99 102 96 0 62
93 90 91 94 90 94 93 96 96 96 91 89 1 0
104 101 114 130 98 120 130 100 127 121 103 101 2 0
95 94 110 124 99 114 123 101 121 119 104 101 3 0
97 99 98 105 101 106 114 106 108 107 102 98 4 0
99 104 1043 1973 104 1388 1656 109 140 126 100 99 5 0
93 100 443 751 101 492 618 105 115 111 96 95 6 0
96 104 105 124 104 109 113 106 102 104 101 99 7 0
97 99 1003 2233 105 987 1212 102 105 105 102 100 8 0
102 104 326 581 102 282 346 100 102 104 102 101 9 0
133 115 98 101 101 100 102 98 102 103 98 97 10 0
143 141 105 98 96 96 102 100 105 101 100 15000 11 0

Chip#1
96 99 93 97 94 96 101 98 102 103 100 99 0 63
93 92 88 97 90 90 91 96 99 98 93 89 1 0
96 97 111 127 93 120 131 94 128 117 102 101 2 0
106 110 119 130 105 128 128 105 126 126 108 106 3 0
99 98 98 102 98 99 106 101 102 102 98 96 4 0
103 111 1043 1975 113 1380 1648 112 150 133 110 105 5 0
104 108 449 756 108 496 622 111 120 116 106 103 6 0
99 98 105 118 102 106 110 100 103 105 96 96 7 0
93 96 988 2212 95 975 1193 95 96 98 94 90 8 0
106 102 322 578 102 275 346 100 105 103 101 96 9 0
137 118 103 104 99 100 106 98 105 103 106 101 10 0
134 137 104 98 96 94 104 98 105 102 100 15000 11 0

Chip#1
101 101 96 101 96 99 104 99 103 105 99 102 0 63
93 97 89 94 89 98 99 99 96 96 93 91 1 0
97 96 112 122 100 128 128 96 126 119 98 95 2 0
97 98 101 120 95 115 115 96 120 117 98 98 3 0
94 96 94 103 99 100 102 99 101 103 98 92 4 0
103 105 1042 1958 115 1371 1644 118 145 133 107 105 5 0
96 106 440 746 105 485 608 99 114 111 97 94 6 0
96 98 104 115 99 105 111 99 103 102 97 94 7 0
94 96 1003 2204 94 977 1183 99 94 102 94 86 8 0
108 103 324 575 101 283 351 100 103 106 103 97 9 0
138 119 103 104 101 110 110 101 107 112 106 103 10 0
136 142 106 102 99 104 106 103 103 107 110 15000 11 0

Chip#1
102 100 97 96 93 98 101 94 102 101 97 102 0 63
100 92 93 93 89 97 98 93 99 99 96 94 1 0
100 98 116 126 95 128 131 98 131 123 97 98 2 0
90 93 101 122 94 111 114 95 120 106 92 94 3 0
106 106 107 111 103 108 117 108 114 107 106 99 4 0
103 102 1030 1939 108 1363 1632 106 144 126 102 101 5 0
96 94 435 738 98 484 607 98 110 111 94 92 6 0
100 96 108 118 99 108 111 105 104 103 97 98 7 0
109 103 995 2208 110 983 1193 109 113 111 108 109 8 0
111 102 324 574 99 283 351 95 103 104 103 98 9 0
138 116 100 104 95 100 104 98 105 103 96 97 10 0
145 137 106 105 95 100 102 96 107 101 107 15000 11 0

Chip#1
109 106 101 104 102 105 105 108 109 112 106 105 0 63
107 105 107 102 102 99 106 99 112 112 107 103 1 0
106 100 117 133 99 128 134 107 138 128 107 104 2 0
102 97 110 120 101 114 126 99 123 116 101 99 3 0
93 91 92 94 92 99 105 96 97 100 88 91 4 0
102 106 1026 1926 110 1352 1620 106 146 135 103 99 5 0
104 104 441 743 113 493 618 108 126 119 104 103 6 0
101 100 101 111 102 104 114 105 105 106 98 97 7 0
102 101 1003 2177 102 972 1182 102 103 107 101 99 8 0
107 98 315 568 95 279 343 98 101 103 98 96 9 0
141 119 103 105 101 106 111 100 102 107 104 103 10 0
147 141 111 105 105 105 110 105 105 112 106 15000 11 0

Chip#1
107 111 107 108 102 109 110 108 113 113 104 107 0 64
106 105 100 104 101 105 105 100 103 107 106 99 1 0
103 104 111 129 95 128 128 100 126 122 103 99 2 0
102 106 114 125 104 120 126 100 123 123 107 100 3 0
106 102 106 112 107 108 119 108 112 108 110 105 4 0
99 104 1013 1909 105 1344 1608 106 135 125 103 97 5 0
103 100 435 732 99 480 608 102 113 113 101 97 6 0
96 95 95 113 92 105 106 99 96 97 91 92 7 0
97 99 987 2169 99 955 1169 101 94 101 92 98 8 0
109 106 322 566 98 280 344 100 102 101 104 97 9 0
136 117 103 101 98 101 105 99 101 103 99 100 10 0
139 140 111 99 96 98 103 101 103 103 104 15000 11 0

Chip#1
103 109 101 104 96 104 109 100 102 104 103 102 0 64
100 103 96 103 96 99 99 95 103 101 101 99 1 0
95 98 107 127 89 128 130 96 122 116 97 98 2 0
103 99 110 124 99 118 128 99 121 114 105 102 3 0
101 105 104 108 102 108 111 103 110 107 102 101 4 0
99 108 1015 1905 109 1342 1607 112 142 130 104 105 5 0
101 106 444 738 110 486 609 113 120 117 102 103 6 0
100 104 105 117 102 104 111 101 104 103 101 100 7 0
97 99 987 2161 102 960 1169 102 102 98 101 98 8 0
107 104 315 571 102 279 345 100 102 107 103 98 9 0
125 111 96 101 95 98 101 92 94 99 97 95 10 0
137 141 105 104 99 99 103 102 103 104 105 15000 11 0

Chip#1
102 100 95 96 101 97 103 99 105 108 99 102 0 64
96 97 94 100 94 91 94 95 99 101 101 96 1 0
99 93 110 125 90 128 126 94 127 118 96 96 2 0
97 94 104 120 95 115 120 101 117 113 99 95 3 0
101 102 100 108 99 109 109 103 113 108 107 102 4 0
97 100 1005 1892 105 1332 1592 106 137 125 103 101 5 0
102 105 433 728 108 483 596 107 124 115 106 101 6 0
107 109 108 122 107 112 119 109 115 113 105 103 7 0
100 102 971 2147 100 962 1164 101 108 105 107 104 8 0
115 105 323 571 106 284 352 105 112 113 105 104 9 0
137 116 100 104 95 99 102 98 103 107 103 96 10 0
130 130 97 92 92 92 97 93 94 97 93 15000 11 0

Chip#1
103 105 99 99 101 99 106 95 105 104 98 103 0 65
97 93 99 97 95 93 102 93 98 102 100 97 1 0
102 104 117 130 99 128 133 106 132 122 102 103 2 0
108 105 114 131 107 128 129 106 129 124 112 109 3 0
101 97 100 105 102 106 108 103 103 102 99 97 4 0
99 98 994 1882 99 1317 1581 101 135 124 97 97 5 0
97 98 427 718 102 474 593 103 111 110 94 92 6 0
90 93 98 110 89 96 96 93 96 97 89 89 7 0
102 104 987 2128 105 950 1166 105 107 104 103 99 8 0
115 112 321 562 105 282 348 100 108 108 103 103 9 0
131 110 97 99 94 97 103 93 98 103 96 92 10 0
138 141 105 103 99 96 101 99 104 105 106 15000 11 0

Chip#1
95 98 94 90 92 90 96 94 99 99 94 92 0 65
100 97 98 98 96 96 103 95 97 103 98 99 1 0
104 99 117 130 98 120 128 100 129 119 101 98 2 0
94 92 107 119 94 113 121 96 116 113 98 95 3 0
88 86 93 98 94 93 105 93 95 97 89 94 4 0
96 95 987 1863 101 1310 1569 100 134 122 94 85 5 0
96 98 425 711 101 470 591 102 117 112 96 97 6 0
96 99 97 115 99 104 107 96 101 103 97 94 7 0
99 105 971 2115 107 947 1156 103 112 107 106 99 8 0
104 102 312 548 99 269 331 98 102 100 96 94 9 0
131 119 104 102 100 100 101 102 105 108 106 97 10 0
136 137 100 100 94 94 99 94 97 103 98 15000 11 0

Chip#1
106 101 94 98 95 97 102 100 101 102 101 101 0 65
101 96 95 94 98 89 95 96 103 102 101 98 1 0
97 100 113 125 96 120 130 96 127 115 100 95 2 0
100 104 110 126 99 118 121 100 121 118 102 94 3 0
96 91 95 99 92 100 105 100 101 96 96 90 4 0
100 100 990 1864 104 1311 1565 108 140 129 106 99 5 0
101 103 425 711 101 470 587 105 116 109 100 98 6 0
100 102 105 114 99 101 107 101 104 99 102 94 7 0
93 99 951 2093 96 928 1138 99 99 94 97 94 8 0
110 105 314 549 107 276 337 105 110 101 103 104 9 0
139 119 101 104 106 99 105 101 103 103 105 101 10 0
136 135 101 96 93 91 97 98 99 101 103 15000 11 0

Chip#1
103 104 99 97 98 98 103 95 102 101 97 99 0 65
104 110 110 104 107 105 108 106 111 108 108 105 1 0
103 110 123 133 106 128 141 107 135 128 109 105 2 0
96 99 108 122 99 114 120 96 127 112 97 97 3 0
97 104 101 103 105 107 110 100 102 101 98 97 4 0
95 104 987 1846 104 1297 1551 108 135 120 99 96 5 0
106 110 427 715 112 471 592 109 126 117 108 108 6 0
96 102 103 119 104 103 107 103 102 105 101 97 7 0
92 99 942 2083 92 928 1135 99 95 96 93 94 8 0
110 110 310 548 105 281 341 103 110 108 98 100 9 0
135 121 105 105 104 101 105 103 107 107 103 103 10 0
137 142 109 106 99 101 105 101 109 109 101 15000 11 0

Chip#1
106 106 106 103 105 107 105 105 110 105 107 109 0 66
99 102 98 97 102 94 101 99 107 103 103 97 1 0
95 94 112 120 93 128 125 93 122 119 90 92 2 0
95 99 110 121 96 111 116 99 117 116 96 96 3 0
95 94 99 103 100 101 106 100 104 106 95 94 4 0
93 93 987 1828 99 1284 1539 106 131 125 92 95 5 0
99 102 427 708 98 467 582 102 120 109 97 97 6 0
103 105 110 118 100 103 107 106 107 105 97 96 7 0
100 103 942 2075 101 928 1127 100 101 107 101 96 8 0
107 100 309 548 99 272 331 98 107 106 98 97 9 0
132 115 99 102 96 97 102 96 97 106 98 100 10 0
140 136 117 109 100 104 110 107 110 111 106 15000 11 0

Chip#1
90 91 86 85 88 87 91 85 95 92 85 90 0 66
95 94 88 91 94 91 97 87 98 95 89 91 1 0
95 96 112 123 98 128 129 96 122 119 98 96 2 0
102 104 113 126 102 119 125 106 126 119 106 102 3 0
96 103 98 107 98 101 112 100 108 106 98 95 4 0
104 112 987 1830 111 1290 1544 111 148 130 107 107 5 0
101 106 426 705 107 463 584 107 119 113 94 103 6 0
101 100 101 115 101 102 111 105 104 103 94 96 7 0
101 107 943 2068 108 928 1132 107 108 110 104 104 8 0
106 102 302 542 101 268 335 101 105 105 100 98 9 0
139 123 107 108 106 107 110 105 104 108 105 105 10 0
138 137 111 98 101 98 109 96 105 107 107 15000 11 0

Chip#1
97 100 88 97 93 92 98 96 100 102 98 103 0 66
95 100 97 99 93 92 99 98 98 98 95 98 1 0
93 93 111 123 94 128 130 101 123 117 99 90 2 0
97 98 107 121 95 128 122 105 121 113 101 100 3 0
92 87 97 102 92 93 105 96 96 95 91 92 4 0
101 104 987 1824 111 1286 1539 117 141 133 106 106 5 0
106 112 427 708 111 471 584 112 126 116 110 109 6 0
107 109 112 125 104 111 119 113 108 114 107 110 7 0
104 103 938 2049 101 912 1119 101 102 105 100 97 8 0
102 98 302 555 95 267 331 99 96 103 98 92 9 0
131 113 105 104 101 97 104 99 107 104 103 102 10 0
144 150 117 110 110 107 111 108 109 115 110 15000 11 0

Chip#1
100 98 101 97 100 98 99 95 100 103 101 95 0 66
104 99 101 98 96 100 103 99 105 106 101 98 1 0
97 103 115 132 95 128 131 96 128 122 99 98 2 0
93 97 106 121 95 115 118 96 114 113 97 95 3 0
97 96 101 102 97 99 107 94 103 104 100 96 4 0
111 111 987 1828 120 1284 1538 119 147 140 116 112 5 0
99 98 417 690 102 456 574 101 112 109 97 95 6 0
96 102 104 118 102 105 106 100 105 103 96 97 7 0
92 98 921 2036 99 912 1112 96 98 97 97 95 8 0
102 102 302 535 98 266 328 95 100 104 100 96 9 0
128 110 95 97 92 97 98 92 99 98 94 96 10 0
136 138 108 105 101 98 102 96 107 106 107 15000 11 0

Chip#1
97 97 96 99 98 96 103 96 99 102 98 99 0 67
101 102 96 97 97 94 102 98 105 97 102 99 1 0
97 100 113 127 98 128 130 100 128 122 99 94 2 0
95 98 107 120 99 112 117 101 122 114 100 96 3 0
104 105 111 111 110 111 117 112 112 112 106 106 4 0
99 103 962 1805 107 1265 1517 112 142 127 101 96 5 0
101 105 422 693 110 458 575 109 123 116 103 103 6 0
97 99 101 110 100 104 106 101 102 107 96 96 7 0
87 91 914 2006 89 896 1097 90 97 94 91 88 8 0
101 99 300 539 96 263 328 96 99 97 90 92 9 0
130 110 98 98 90 96 98 95 100 99 100 98 10 0
140 137 112 103 104 100 106 106 105 105 108 15000 11 0

Chip#1
104 106 99 104 104 100 104 99 105 107 103 105 0 67
103 98 96 102 104 100 103 95 100 108 101 98 1 0
99 103 115 129 100 120 133 100 128 122 103 103 2 0
103 103 112 127 102 118 125 101 124 121 103 101 3 0
87 93 91 98 94 93 98 93 97 92 94 88 4 0
106 109 971 1798 111 1259 1512 112 146 131 106 99 5 0
103 109 417 690 109 457 572 105 126 115 104 104 6 0
112 110 116 128 115 117 118 114 115 114 112 111 7 0
99 99 914 2010 105 912 1098 101 104 104 96 97 8 0
107 99 300 539 96 266 324 96 99 103 100 97 9 0
132 115 104 109 102 101 106 99 105 105 104 103 10 0
139 137 105 103 104 99 104 99 107 108 106 15000 11 0

Chip#1
103 109 102 101 101 100 104 99 105 107 102 102 0 67
101 103 104 103 107 104 107 100 104 109 108 106 1 0
96 94 112 121 93 128 122 92 120 117 102 95 2 0
96 97 109 120 99 128 117 94 117 112 98 96 3 0
101 105 104 112 102 105 110 105 110 106 106 104 4 0
101 106 947 1774 108 1247 1487 108 142 128 106 105 5 0
89 92 403 673 97 444 559 93 112 105 93 88 6 0
100 98 107 120 102 104 110 107 102 105 98 99 7 0
104 111 913 1991 108 928 1097 108 113 109 112 107 8 0
107 104 300 539 103 267 329 101 109 107 107 98 9 0
136 117 104 105 104 103 107 101 105 106 104 102 10 0
133 132 106 102 98 96 102 96 103 102 101 15000 11 0

Chip#1
95 97 91 95 93 94 102 94 99 101 101 95 0 68
99 94 99 99 96 98 98 98 97 102 101 104 1 0
96 100 111 123 98 128 129 96 129 116 99 96 2 0
99 97 107 125 99 128 120 93 120 117 99 100 3 0
100 95 102 105 101 104 106 101 102 104 101 101 4 0
99 103 947 1766 108 1243 1479 106 139 125 103 101 5 0
96 99 399 671 102 447 558 98 114 108 98 98 6 0
90 97 100 115 94 102 108 100 98 99 99 96 7 0
99 97 898 1977 102 888 1090 99 99 102 96 95 8 0
99 93 290 528 95 260 316 93 97 96 92 94 9 0
130 112 104 104 99 99 105 101 100 102 103 103 10 0
134 134 110 103 100 100 104 102 104 107 103 15000 11 0

Chip#1
102 98 94 98 96 98 98 95 98 102 94 98 0 68
100 93 97 98 98 94 97 98 99 101 95 98 1 0
99 99 115 125 99 120 130 100 131 119 104 101 2 0
89 93 103 114 96 107 111 95 113 107 95 90 3 0
106 105 107 110 108 107 111 107 110 112 104 109 4 0
107 105 949 1769 111 1241 1484 112 142 129 104 109 5 0
96 102 407 677 108 446 560 101 116 111 97 98 6 0
100 103 106 113 103 106 111 102 108 105 103 102 7 0
101 105 903 1972 104 896 1084 102 104 104 103 100 8 0
108 106 298 528 105 267 326 101 102 107 107 107 9 0
131 113 104 101 101 103 105 101 104 105 103 103 10 0
140 138 112 104 104 104 103 105 107 108 106 15000 11 0

Chip#1
107 108 104 107 104 105 109 102 113 115 104 109 0 68
101 100 101 102 102 98 98 101 103 101 99 105 1 0
93 99 114 125 90 120 127 98 124 113 97 95 2 0
96 98 115 129 105 120 120 99 123 117 106 103 3 0
94 93 99 103 94 99 101 98 99 98 95 92 4 0
95 102 930 1738 104 1225 1464 101 139 120 98 99 5 0
101 103 406 672 107 451 558 101 118 112 104 99 6 0
100 98 107 119 105 105 112 101 108 103 102 104 7 0
96 97 893 1951 100 896 1080 101 107 102 100 97 8 0
108 103 301 539 102 261 321 99 98 105 102 100 9 0
132 116 104 107 103 101 105 102 93 107 102 104 10 0
139 141 111 107 100 100 102 100 102 108 103 15000 11 0

Chip#1
108 104 100 104 100 101 103 99 112 106 106 105 0 69
92 85 89 88 88 88 88 89 92 92 92 96 1 0
95 98 110 122 90 117 125 94 123 112 94 91 2 0
107 104 117 131 107 120 125 112 124 122 105 106 3 0
100 97 99 105 102 107 109 106 105 103 101 103 4 0
95 96 922 1727 98 1212 1456 101 133 122 93 98 5 0
99 98 403 663 103 444 546 103 115 108 93 99 6 0
100 106 106 118 105 105 111 101 105 108 101 101 7 0
97 99 884 1935 98 880 1066 100 102 100 94 97 8 0
103 99 291 520 99 260 321 98 104 99 98 100 9 0
130 116 100 101 100 100 99 101 101 96 103 102 10 0
132 128 105 94 96 101 99 96 99 102 99 15000 11 0

Chip#1
103 99 96 96 95 93 102 96 98 102 97 99 0 69
100 100 94 95 95 92 98 96 100 98 96 92 1 0
97 100 114 120 99 128 134 99 131 116 98 99 2 0
102 94 107 126 98 118 121 100 121 115 98 99 3 0
95 90 98 98 94 103 105 99 102 100 93 92 4 0
102 105 926 1722 112 1220 1449 112 144 130 105 103 5 0
97 100 400 659 105 457 549 105 116 113 102 95 6 0
102 102 106 119 108 109 112 108 110 106 99 101 7 0
100 103 881 1919 107 876 1066 103 104 102 99 103 8 0
108 109 296 519 107 259 319 103 104 103 103 105 9 0
128 111 100 102 100 98 102 100 100 106 100 101 10 0
139 142 114 105 105 106 105 108 112 112 107 15000 11 0

Chip#1
101 96 96 98 94 99 97 98 96 106 94 102 0 69
97 97 94 92 93 94 92 93 96 97 96 95 1 0
101 102 112 123 98 128 122 101 123 115 101 98 2 0
95 102 106 119 98 112 120 94 117 115 99 98 3 0
99 99 96 104 98 105 106 100 103 103 96 99 4 0
99 106 911 1701 106 1200 1429 103 135 123 102 102 5 0
94 98 390 651 97 448 540 99 116 110 94 94 6 0
103 106 105 118 108 108 112 106 114 105 102 98 7 0
90 94 866 1894 95 860 1045 94 96 97 97 96 8 0
107 101 290 515 103 259 315 100 103 103 99 103 9 0
136 111 100 100 104 99 102 102 102 104 103 99 10 0
137 134 110 105 103 101 105 101 103 105 107 15000 11 0

Chip#1
96 96 91 96 96 96 99 87 96 97 94 94 0 70
94 100 100 95 96 96 96 95 99 102 94 94 1 0
104 105 117 131 101 128 132 106 132 122 104 105 2 0
95 97 105 119 96 111 118 100 113 115 97 92 3 0
106 100 104 106 105 111 117 106 109 108 107 106 4 0
104 110 914 1691 107 1200 1427 115 141 131 108 105 5 0
102 106 398 652 107 440 548 105 117 115 103 103 6 0
97 98 106 111 99 104 104 103 101 98 96 98 7 0
94 100 866 1899 106 869 1048 100 102 102 102 102 8 0
117 111 302 522 109 269 324 107 110 112 108 107 9 0
129 113 99 103 93 99 101 95 97 101 95 96 10 0
137 135 110 103 100 103 104 101 101 106 104 15000 11 0

Chip#1
103 104 94 96 95 98 105 99 101 106 101 104 0 70
94 92 93 92 92 89 96 93 99 99 94 96 1 0
100 104 114 127 99 128 130 102 133 124 103 104 2 0
100 97 111 122 100 115 119 100 118 112 100 98 3 0
99 98 103 105 95 104 110 102 105 107 95 96 4 0
103 105 904 1678 106 1184 1421 108 140 125 102 102 5 0
101 102 394 649 105 432 542 107 119 114 105 103 6 0
94 94 97 103 93 99 101 96 95 93 88 90 7 0
99 96 856 1870 98 854 1042 99 97 98 94 97 8 0
111 99 290 507 98 256 314 101 101 105 102 100 9 0
129 113 98 94 95 99 101 98 97 98 98 99 10 0
137 137 112 101 104 100 108 102 108 109 106 15000 11 0

Chip#1
97 99 98 96 94 94 91 90 94 99 93 92 0 70
102 99 103 99 101 96 103 100 104 104 99 99 1 0
99 102 116 128 90 128 129 98 124 120 104 98 2 0
101 99 107 122 96 117 120 100 120 116 102 99 3 0
101 103 100 104 99 104 108 105 104 102 102 100 4 0
95 97 888 1654 104 1168 1397 101 132 118 96 95 5 0
102 101 391 643 103 432 537 103 115 112 99 102 6 0
100 105 104 116 98 101 111 102 97 102 101 98 7 0
95 100 851 1856 95 848 1036 99 96 101 93 91 8 0
106 108 284 502 100 254 313 101 107 103 103 99 9 0
137 117 105 107 99 103 106 105 103 103 104 99 10 0
136 137 108 97 100 97 102 100 104 105 103 15000 11 0

Chip#1
100 102 97 92 96 92 98 94 98 99 98 99 0 70
103 103 108 102 101 100 104 107 107 105 106 104 1 0
96 97 114 121 93 128 127 96 123 118 101 98 2 0
99 103 110 124 100 120 122 100 123 118 104 103 3 0
101 102 105 108 107 103 112 107 108 104 103 101 4 0
90 99 879 1653 96 1168 1396 99 133 122 94 97 5 0
104 105 387 637 106 432 534 106 119 115 98 101 6 0
108 111 114 119 108 111 116 112 105 112 111 109 7 0
96 100 844 1839 98 841 1029 94 98 98 101 96 8 0
110 108 285 501 105 255 313 105 107 107 103 102 9 0
126 114 95 103 96 98 99 96 100 101 100 98 10 0
133 129 105 99 95 98 99 101 101 105 101 15000 11 0

Chip#1
97 100 94 94 90 92 101 92 97 102 98 97 0 71
99 97 99 93 96 100 102 99 99 104 100 97 1 0
101 104 112 127 98 128 129 100 131 119 103 98 2 0
96 101 112 126 99 113 122 101 123 116 103 103 3 0
101 103 102 107 106 108 107 107 110 106 106 104 4 0
99 105 875 1635 102 1152 1389 105 141 126 101 98 5 0
95 97 382 625 96 416 524 95 113 107 94 89 6 0
87 97 99 105 94 100 97 94 99 94 94 89 7 0
99 96 832 1820 101 836 1020 103 102 103 98 98 8 0
109 106 288 499 104 259 312 102 103 106 107 104 9 0
121 113 98 94 95 97 96 92 97 97 93 95 10 0
140 139 111 112 107 99 104 105 104 108 107 15000 11 0

Chip#1
93 97 99 92 90 94 95 92 100 98 93 97 0 71
102 102 100 102 98 100 101 100 105 102 98 101 1 0
95 98 112 123 93 128 125 96 129 116 98 95 2 0
96 97 108 116 98 118 118 101 119 111 96 99 3 0
104 103 105 109 105 109 111 107 108 106 104 105 4 0
104 110 879 1629 107 1152 1372 108 142 128 104 101 5 0
99 99 379 626 105 416 518 101 118 112 101 99 6 0
88 88 92 102 89 94 96 92 91 90 88 89 7 0
101 105 835 1817 104 835 1017 105 109 104 103 103 8 0
108 97 277 487 99 247 304 98 102 102 101 93 9 0
129 110 103 101 95 98 102 98 101 101 98 98 10 0
134 135 111 104 102 105 103 105 110 109 103 15000 11 0

Chip#1
102 104 99 102 96 97 101 96 103 101 105 101 0 71
95 100 94 90 90 95 95 90 97 99 94 91 1 0
101 99 116 127 98 128 129 101 130 117 102 98 2 0
104 102 111 129 100 118 123 108 123 117 111 107 3 0
99 96 96 103 93 101 103 99 103 103 94 95 4 0
97 98 865 1611 101 1152 1362 103 134 122 96 94 5 0
102 103 382 623 105 416 523 103 116 111 100 98 6 0
97 100 101 111 95 101 104 102 98 102 103 94 7 0
94 96 827 1810 102 826 1011 99 100 98 98 97 8 0
107 105 281 488 100 251 308 102 102 102 103 98 9 0
131 116 101 99 95 98 103 99 96 105 103 99 10 0
133 138 111 102 103 103 105 103 112 109 107 15000 11 0

Chip#1
101 98 94 99 94 99 96 95 99 101 96 98 0 72
104 103 100 99 102 102 105 100 106 104 103 98 1 0
97 102 118 129 101 128 131 101 132 122 100 103 2 0
99 102 114 125 104 114 122 102 122 120 104 99 3 0
101 100 104 107 102 108 110 105 103 107 103 102 4 0
107 105 868 1605 110 1152 1363 111 145 135 104 101 5 0
97 103 376 619 104 416 516 102 113 112 98 98 6 0
93 94 99 109 98 103 105 98 96 103 94 90 7 0
104 103 817 1785 104 828 995 106 103 106 97 98 8 0
111 105 277 490 103 249 306 102 107 104 99 99 9 0
134 116 103 103 100 105 107 100 102 105 102 102 10 0
139 138 109 108 108 107 110 105 105 113 106 15000 11 0

Chip#1
100 98 95 95 95 98 100 99 100 101 97 94 0 72
97 103 95 96 96 97 97 96 105 101 98 92 1 0
102 105 116 131 104 128 132 103 132 123 106 101 2 0
97 98 111 122 99 115 120 100 122 118 102 102 3 0
96 102 101 105 100 105 107 102 108 104 103 99 4 0
99 99 850 1582 108 1134 1346 108 139 122 98 98 5 0
101 100 377 619 105 416 520 105 113 114 102 99 6 0
93 96 96 104 99 99 105 95 100 100 96 90 7 0
102 104 816 1776 103 820 992 105 105 104 104 99 8 0
109 105 270 482 101 244 303 103 104 106 105 94 9 0
130 112 104 107 99 103 106 100 104 108 101 99 10 0
128 128 103 101 98 97 102 96 102 102 103 15000 11 0

Chip#1
104 105 101 104 104 98 105 103 107 103 104 104 0 72
97 100 93 98 96 95 97 99 102 101 103 98 1 0
100 99 113 133 104 120 130 99 128 119 105 98 2 0
106 106 114 131 107 119 125 107 129 118 102 103 3 0
100 99 99 103 98 104 107 102 105 103 97 96 4 0
99 103 844 1566 102 1126 1331 109 136 125 101 97 5 0
101 99 370 607 105 400 509 102 116 112 98 97 6 0
103 100 107 118 105 103 111 102 101 105 102 100 7 0
103 108 811 1766 109 813 989 109 107 108 99 102 8 0
112 113 282 488 105 251 302 106 110 106 108 100 9 0
126 113 96 99 94 96 103 96 97 99 97 94 10 0
131 132 106 102 101 103 101 101 102 105 102 15000 11 0

Chip#1
99 103 95 96 96 94 101 92 100 103 93 97 0 72
103 104 105 109 102 101 105 102 109 110 107 104 1 0
95 97 111 125 90 120 129 95 123 115 94 98 2 0
101 97 113 126 99 117 119 98 115 118 100 96 3 0
108 116 112 116 111 114 117 113 117 113 110 110 4 0
102 106 837 1561 107 1117 1322 103 140 127 103 104 5 0
103 109 376 607 109 416 514 103 122 117 110 107 6 0
99 107 107 116 105 106 114 106 105 109 102 102 7 0
101 98 792 1739 99 802 977 99 101 102 96 96 8 0
109 109 270 480 104 249 304 102 103 108 104 101 9 0
123 110 98 98 96 99 98 95 92 98 98 94 10 0
134 136 107 101 101 99 102 106 108 110 112 15000 11 0

Chip#1
103 103 96 96 100 100 98 98 101 106 103 99 0 73
100 99 92 101 98 96 97 96 98 102 96 95 1 0
102 98 108 122 91 120 125 101 123 115 98 91 2 0
96 99 104 120 102 115 118 100 118 117 102 98 3 0
103 106 106 108 105 106 103 111 104 106 102 105 4 0
93 102 828 1554 102 1101 1306 101 131 119 98 92 5 0
100 99 363 601 99 400 502 101 115 115 98 98 6 0
104 109 110 124 111 109 112 108 105 111 107 107 7 0
100 100 787 1721 102 795 966 100 105 106 99 94 8 0
112 105 273 476 101 241 300 106 108 109 103 99 9 0
133 119 110 110 105 104 107 105 104 109 106 104 10 0
133 135 107 103 105 103 105 102 103 109 104 15000 11 0

Chip#1
101 98 99 94 99 96 102 95 99 103 98 95 0 73
103 102 102 101 100 100 103 101 102 105 102 99 1 0
92 97 109 120 88 128 122 93 120 112 95 90 2 0
106 104 110 126 105 128 126 108 124 124 106 103 3 0
107 102 106 112 104 107 109 108 107 107 105 102 4 0
107 104 833 1552 107 1103 1312 113 140 128 107 107 5 0
100 106 367 599 102 400 503 99 119 114 97 103 6 0
89 96 93 108 89 93 101 92 94 96 85 91 7 0
95 94 780 1716 92 791 959 92 97 97 89 91 8 0
108 105 273 471 104 245 303 100 107 104 100 99 9 0
124 112 97 99 100 99 101 99 97 99 98 96 10 0
128 125 104 98 95 96 101 96 99 103 102 15000 11 0

Chip#1
92 90 85 88 88 91 90 88 95 96 88 91 0 73
97 93 92 91 93 89 93 90 96 98 92 85 1 0
104 102 112 130 104 128 127 99 128 118 101 102 2 0
92 96 100 122 94 108 113 94 115 109 93 97 3 0
102 100 100 109 96 100 107 100 101 101 100 97 4 0
101 105 824 1540 104 1091 1299 105 139 126 101 100 5 0
103 105 365 597 110 400 498 106 118 114 101 99 6 0
101 103 107 110 99 107 109 101 100 103 94 96 7 0
94 96 775 1705 98 787 953 92 94 98 96 92 8 0
104 102 269 463 104 246 292 100 103 105 96 99 9 0
128 116 99 104 95 100 99 98 99 105 99 96 10 0
126 132 103 96 98 97 96 100 97 105 96 15000 11 0

Chip#1
100 106 96 97 98 97 98 95 102 103 96 103 0 74
103 102 98 102 104 98 103 101 102 104 100 101 1 0
100 104 114 125 94 128 128 98 131 119 103 94 2 0
94 93 105 113 93 107 114 96 117 113 94 93 3 0
97 105 101 103 99 101 109 103 107 107 98 98 4 0
97 102 817 1530 102 1077 1286 100 135 124 96 98 5 0
90 93 355 575 91 384 487 93 104 104 90 89 6 0
96 98 105 110 96 104 107 102 99 103 92 94 7 0
101 103 774 1693 101 790 954 101 102 104 99 99 8 0
108 102 269 463 99 240 295 100 102 105 102 99 9 0
124 115 98 101 99 100 101 95 102 105 102 99 10 0
131 129 110 102 101 100 99 102 105 107 104 15000 11 0

Chip#1
103 99 99 97 98 97 103 99 101 102 97 104 0 74
101 101 98 101 95 97 101 96 101 99 97 98 1 0
108 109 121 133 107 128 137 105 139 128 113 109 2 0
100 93 111 126 102 118 122 106 122 117 102 102 3 0
102 103 104 108 105 107 109 103 104 108 98 101 4 0
97 99 809 1505 105 1074 1278 103 139 123 95 95 5 0
99 100 362 581 102 384 494 100 114 112 98 97 6 0
106 109 111 122 109 107 112 106 111 108 107 103 7 0
94 99 764 1670 101 772 952 96 98 101 98 97 8 0
104 102 268 459 101 237 295 96 100 103 98 97 9 0
129 115 101 105 100 103 103 96 102 105 100 99 10 0
124 126 105 99 101 101 102 98 99 102 101 15000 11 0

Chip#1
100 102 101 98 99 98 99 92 100 102 100 101 0 74
104 105 100 104 104 98 104 102 107 106 104 101 1 0
100 104 112 129 99 120 129 101 127 116 96 99 2 0
109 110 119 133 113 120 128 109 128 120 111 109 3 0
110 106 106 113 106 106 112 111 105 108 107 109 4 0
103 105 806 1495 105 1065 1268 106 137 124 97 99 5 0
109 107 364 589 111 400 502 109 126 117 107 105 6 0
102 104 105 120 107 109 112 106 108 103 102 103 7 0
103 105 770 1663 106 776 944 107 104 106 103 103 8 0
108 104 264 456 100 235 293 100 99 104 104 101 9 0
131 118 106 104 103 103 104 109 103 108 107 106 10 0
130 126 107 101 101 96 99 99 100 101 100 15000 11 0

Chip#1
99 98 101 98 96 94 102 98 100 98 96 99 0 74
103 102 98 103 102 99 99 102 103 105 102 104 1 0
102 109 123 129 105 128 135 108 131 126 107 105 2 0
103 100 110 126 105 117 120 103 119 117 103 103 3 0
107 104 107 113 103 108 112 112 108 109 107 109 4 0
102 100 802 1490 109 1059 1266 108 146 124 106 104 5 0
100 102 357 574 105 384 489 100 113 111 102 101 6 0
109 102 108 114 110 107 117 105 108 108 106 103 7 0
102 100 757 1653 101 766 934 105 102 103 103 99 8 0
109 102 264 455 99 238 290 103 108 107 103 103 9 0
133 116 103 104 95 99 102 98 101 104 103 99 10 0
138 132 113 109 103 102 111 109 111 112 112 15000 11 0

Chip#1
106 100 105 102 97 99 105 98 101 103 97 103 0 75
103 98 98 99 96 96 98 98 97 103 94 96 1 0
100 98 116 125 98 120 129 95 126 119 97 99 2 0
93 92 99 119 90 109 114 94 108 109 91 94 3 0
95 102 105 99 98 100 107 98 101 102 98 99 4 0
92 97 789 1472 99 1047 1248 96 132 117 97 96 5 0
96 94 349 567 98 384 479 98 108 109 96 94 6 0
100 99 103 113 101 103 107 103 104 106 94 102 7 0
97 92 757 1638 100 761 925 96 103 101 97 96 8 0
108 99 265 451 101 232 289 99 102 105 100 102 9 0
132 117 107 107 102 105 109 106 105 112 106 107 10 0
121 119 101 95 90 91 96 93 94 96 93 15000 11 0

Chip#1
104 104 101 103 99 106 107 100 102 105 106 105 0 75
100 104 101 104 101 100 101 100 102 106 102 99 1 0
93 93 108 123 90 120 123 93 120 118 94 94 2 0
102 106 113 128 103 118 123 103 128 122 104 105 3 0
102 103 108 109 106 108 113 107 108 106 102 105 4 0
96 103 782 1468 100 1046 1239 101 134 125 96 95 5 0
97 105 352 571 104 384 480 100 110 111 93 99 6 0
100 104 103 119 99 105 104 100 103 105 102 97 7 0
103 105 747 1629 102 762 923 103 102 114 103 100 8 0
108 102 257 448 99 231 283 98 100 106 98 96 9 0
132 117 104 108 103 101 105 103 104 108 106 102 10 0
126 124 101 90 92 96 96 96 97 98 97 15000 11 0

Chip#1
97 101 94 97 95 94 98 94 99 104 97 98 0 75
93 93 94 96 96 91 94 94 94 95 97 94 1 0
88 93 104 119 90 113 119 89 118 108 88 88 2 0
101 101 112 123 104 119 123 100 116 118 103 102 3 0
104 102 104 104 103 106 110 105 107 105 103 103 4 0
96 100 779 1446 100 1032 1230 103 134 124 96 99 5 0
99 102 346 562 104 384 479 102 115 113 104 97 6 0
96 97 99 106 96 99 104 101 93 103 92 94 7 0
100 98 740 1603 100 753 918 102 99 101 100 99 8 0
97 98 254 437 96 224 280 93 96 101 93 88 9 0
117 101 97 93 90 91 94 92 98 97 92 92 10 0
126 126 105 97 96 96 98 101 101 104 101 15000 11 0

Chip#1
101 98 92 93 92 93 98 93 101 96 98 97 0 76
104 101 100 101 102 100 103 102 103 104 99 100 1 0
93 99 109 126 92 128 123 94 123 117 99 97 2 0
96 98 108 126 99 117 117 100 118 112 103 104 3 0
90 91 94 98 92 94 102 87 97 95 90 91 4 0
106 113 783 1446 111 1032 1230 113 143 133 104 107 5 0
97 97 343 560 100 384 472 100 109 104 94 97 6 0
94 90 101 107 96 99 97 100 91 95 89 94 7 0
95 103 747 1592 103 743 895 95 98 101 94 98 8 0
104 100 258 444 101 225 279 93 100 102 97 97 9 0
122 105 98 98 95 94 96 92 91 97 97 95 10 0
129 125 101 98 95 94 97 95 100 105 97 15000 11 0

Chip#1
100 100 96 96 96 101 98 99 99 105 99 99 0 76
104 100 106 101 100 101 103 102 107 106 108 102 1 0
94 103 116 125 95 128 127 95 126 120 101 97 2 0
97 104 111 127 98 119 122 99 121 120 106 102 3 0
104 105 106 105 106 107 110 105 103 104 106 102 4 0
102 110 768 1424 101 1015 1210 108 141 129 103 102 5 0
97 97 346 548 99 376 468 98 112 113 97 96 6 0
101 102 103 110 98 105 106 105 103 102 100 102 7 0
106 105 732 1576 107 743 897 106 103 109 101 104 8 0
107 101 254 439 97 226 281 100 102 104 102 99 9 0
130 113 104 105 104 100 109 103 99 108 107 104 10 0
130 129 108 102 100 101 101 101 102 106 101 15000 11 0

Chip#1
96 97 98 97 94 98 96 92 101 98 96 97 0 76
97 95 93 95 97 94 97 92 103 98 95 93 1 0
100 100 113 130 98 128 128 99 124 122 100 99 2 0
104 100 110 122 105 117 119 102 122 119 104 98 3 0
106 102 108 113 106 107 113 109 110 111 107 103 4 0
88 97 757 1405 98 1004 1189 94 126 118 91 94 5 0
97 96 337 548 96 366 461 96 105 108 89 95 6 0
97 99 104 115 99 102 103 103 107 108 97 100 7 0
97 102 731 1556 101 735 889 99 101 104 101 102 8 0
97 93 250 423 90 221 269 90 94 96 90 87 9 0
124 108 94 101 97 101 99 100 100 104 100 97 10 0
129 129 104 101 96 99 98 101 101 106 96 15000 11 0

Chip#1
104 103 104 101 101 101 103 95 108 105 103 102 0 77
96 99 98 96 94 94 95 94 99 103 100 95 1 0
99 102 114 129 101 120 127 98 129 123 103 98 2 0
99 96 110 118 95 113 114 96 117 113 101 94 3 0
106 104 107 108 102 106 110 106 107 107 106 99 4 0
96 100 755 1395 102 1003 1184 105 135 120 98 98 5 0
92 91 334 538 94 362 454 89 108 104 93 88 6 0
102 105 106 115 106 108 114 107 109 111 105 102 7 0
102 100 731 1552 104 731 883 102 109 111 102 95 8 0
101 98 247 420 96 224 268 90 98 97 95 94 9 0
133 117 111 116 104 104 117 102 110 113 108 104 10 0
124 126 105 99 98 100 97 100 101 101 102 15000 11 0

Chip#1
99 97 94 90 97 89 98 93 96 95 91 93 0 77
102 105 99 102 102 97 101 101 103 100 99 98 1 0
99 100 114 125 99 128 129 103 129 120 101 98 2 0
103 102 112 123 102 114 122 106 121 116 102 104 3 0
107 104 110 109 104 107 110 106 107 107 104 106 4 0
97 99 749 1385 99 987 1179 105 130 119 98 94 5 0
96 102 338 543 99 363 457 101 112 106 98 97 6 0
103 105 106 121 104 111 111 108 104 106 102 100 7 0
100 99 715 1540 102 721 870 99 108 105 99 101 8 0
106 97 250 421 96 222 273 98 96 101 96 96 9 0
119 111 98 99 94 98 98 93 99 101 97 95 10 0
126 132 108 102 100 100 98 103 104 108 101 15000 11 0

Chip#1
96 98 89 92 89 92 95 92 97 97 91 96 0 77
103 102 101 107 101 104 105 103 108 112 101 104 1 0
96 93 111 125 94 120 125 99 121 118 92 98 2 0
96 97 107 120 96 115 118 99 121 116 102 97 3 0
99 98 101 107 98 110 107 103 102 107 103 102 4 0
94 99 744 1383 104 988 1165 105 137 122 98 96 5 0
106 105 340 554 107 375 463 106 120 117 102 101 6 0
102 100 106 113 102 108 111 105 103 107 101 101 7 0
97 96 715 1532 102 710 872 101 98 105 99 95 8 0
102 96 249 421 99 226 275 100 101 101 94 94 9 0
123 105 98 98 95 98 97 95 100 103 96 96 10 0
132 131 112 108 101 103 103 103 107 109 105 15000 11 0

Chip#1
101 99 94 97 96 94 101 100 99 104 100 99 0 77
106 99 101 99 100 99 102 100 104 107 101 102 1 0
99 94 114 127 94 128 128 98 123 119 98 96 2 0
95 92 105 115 96 110 114 93 115 108 100 99 3 0
106 104 107 113 109 105 111 106 112 115 111 107 4 0
103 98 745 1372 104 978 1157 103 140 125 103 102 5 0
99 99 333 535 98 364 453 99 113 106 97 95 6 0
101 98 103 111 106 111 107 105 108 107 102 102 7 0
95 99 715 1514 99 709 866 100 105 104 97 99 8 0
110 100 249 420 105 228 276 101 107 107 103 99 9 0
116 105 94 98 88 92 95 93 94 98 94 91 10 0
121 122 101 95 97 97 97 99 95 102 98 15000 11 0

Chip#1
104 102 105 103 102 100 101 100 103 106 101 105 0 78
97 96 98 93 95 91 96 95 96 104 94 95 1 0
100 98 113 124 99 119 129 100 122 120 98 96 2 0
101 97 108 121 101 114 122 101 115 116 100 98 3 0
99 92 95 99 96 99 105 99 100 105 93 94 4 0
97 98 741 1357 102 975 1147 103 139 128 102 103 5 0
97 93 327 539 95 359 442 98 109 109 96 98 6 0
93 96 99 108 94 96 104 98 96 103 96 95 7 0
97 96 707 1501 101 705 853 101 100 106 101 101 8 0
102 104 245 413 97 221 267 95 99 103 100 95 9 0
129 116 103 99 101 100 103 102 105 106 104 102 10 0
126 123 103 98 99 97 101 96 101 104 102 15000 11 0

Chip#1
103 93 98 97 94 93 98 93 98 103 97 98 0 78
102 93 100 98 99 96 101 98 104 104 104 100 1 0
103 103 123 131 100 128 129 102 133 120 104 103 2 0
102 98 110 122 99 120 114 99 120 116 98 97 3 0
108 106 108 109 101 109 114 105 112 112 104 102 4 0
96 99 731 1351 101 967 1143 102 135 123 101 98 5 0
104 103 335 535 108 360 453 107 120 112 103 102 6 0
103 100 109 113 99 108 108 105 105 104 101 102 7 0
99 94 702 1481 98 697 847 95 99 97 96 96 8 0
108 99 247 411 99 219 270 96 105 104 101 102 9 0
121 108 100 103 98 103 100 100 105 105 100 97 10 0
133 128 108 102 104 105 104 103 102 111 106 15000 11 0

Chip#1
104 106 103 102 99 103 102 105 107 108 104 104 0 78
99 91 97 101 96 96 96 98 104 103 99 98 1 0
103 104 121 133 101 128 135 106 136 125 109 100 2 0
96 90 105 116 94 111 111 93 116 114 94 92 3 0
100 103 110 113 104 105 111 108 110 109 102 104 4 0
100 106 747 1335 108 962 1130 105 144 126 101 102 5 0
102 100 331 575 107 360 446 103 118 117 101 104 6 0
100 96 108 115 104 103 106 102 104 105 100 103 7 0
97 100 698 1471 98 694 844 98 107 105 98 99 8 0
104 98 245 410 101 219 265 98 104 104 98 98 9 0
131 117 110 109 104 102 110 102 106 109 106 106 10 0
131 128 110 106 101 101 108 103 106 110 97 15000 11 0

Chip#1
97 96 95 101 98 97 98 94 101 102 94 98 0 79
101 103 100 101 102 99 106 101 104 105 102 102 1 0
100 103 115 131 103 128 133 105 131 121 103 103 2 0
96 94 105 122 98 113 114 101 121 112 93 97 3 0
101 99 97 99 99 104 106 100 104 102 97 98 4 0
106 108 731 1322 109 955 1125 112 146 128 104 106 5 0
99 102 325 528 107 357 439 103 120 114 101 102 6 0
101 104 108 120 107 110 113 108 109 109 101 106 7 0
101 103 697 1460 101 688 838 103 102 104 101 97 8 0
100 86 237 400 93 211 259 92 98 96 89 90 9 0
122 109 101 99 96 105 99 96 104 101 95 102 10 0
119 119 100 93 93 94 95 94 99 97 97 15000 11 0

Chip#1
93 93 88 89 91 91 94 88 94 95 84 91 0 79
102 103 103 104 100 97 103 101 107 104 103 102 1 0
106 103 119 130 101 128 133 103 134 123 107 103 2 0
100 104 108 119 101 117 121 100 119 118 103 102 3 0
97 91 100 94 98 96 102 98 103 101 96 96 4 0
100 103 731 1313 105 944 1117 105 140 125 102 99 5 0
103 102 325 521 102 356 442 108 115 115 103 104 6 0
90 94 96 101 93 94 101 93 92 96 88 95 7 0
96 97 685 1431 99 672 829 101 101 103 97 97 8 0
104 97 238 400 94 215 264 96 96 102 97 98 9 0
125 115 105 101 101 98 102 101 103 103 105 103 10 0
124 124 107 102 102 98 103 101 104 104 101 15000 11 0

Chip#1
103 100 100 102 96 99 103 100 105 104 103 99 0 79
102 99 103 102 103 104 105 99 101 108 106 104 1 0
97 90 106 119 92 120 123 94 123 116 93 95 2 0
102 99 113 124 99 118 120 103 120 119 106 103 3 0
100 99 103 105 96 105 107 99 105 105 102 101 4 0
95 97 715 1293 101 928 1092 100 135 120 97 94 5 0
104 102 325 522 108 353 439 103 120 115 101 96 6 0
99 95 100 106 96 101 103 92 97 100 93 91 7 0
92 93 683 1418 95 672 813 96 94 99 96 94 8 0
114 108 247 406 101 226 268 101 109 108 108 105 9 0
125 112 103 108 101 103 109 101 104 105 106 106 10 0
137 132 111 110 109 111 113 106 111 113 113 15000 11 0

Chip#1
100 98 93 94 94 94 98 98 95 101 94 97 0 79
100 97 96 99 96 96 99 98 102 101 104 94 1 0
102 103 118 130 100 120 131 103 127 123 103 98 2 0
101 103 117 128 107 120 127 105 127 119 107 102 3 0
104 100 108 104 99 104 106 101 105 109 102 103 4 0
100 103 715 1286 102 928 1085 101 135 120 99 97 5 0
93 93 318 504 95 342 424 93 110 106 98 94 6 0
102 106 106 115 102 113 111 105 108 103 107 103 7 0
99 99 676 1411 97 688 809 94 96 101 97 97 8 0
108 102 243 395 101 216 264 100 99 104 100 99 9 0
119 111 94 98 96 98 101 96 97 102 98 98 10 0
131 128 105 103 101 103 102 103 108 106 105 15000 11 0

Chip#1
103 100 99 96 99 98 105 98 102 101 97 100 0 80
104 106 100 105 100 103 105 102 105 107 107 102 1 0
101 97 113 126 100 120 128 98 131 118 105 101 2 0
94 93 106 115 94 109 121 93 114 113 96 98 3 0
97 92 93 101 95 103 102 99 96 99 96 94 4 0
100 97 704 1262 96 912 1074 98 128 115 101 97 5 0
103 106 323 510 105 345 433 101 116 113 103 94 6 0
92 87 95 102 94 97 97 92 96 96 93 85 7 0
104 102 672 1396 108 672 808 106 107 106 107 99 8 0
106 103 238 393 102 214 262 99 102 102 103 98 9 0
125 112 102 107 101 98 105 101 107 104 103 102 10 0
126 119 104 96 95 96 100 94 99 100 100 15000 11 0

Chip#1
94 93 86 86 93 89 93 90 94 98 96 94 0 80
101 100 96 98 100 99 102 102 101 105 104 102 1 0
99 98 112 125 96 128 129 101 126 122 101 101 2 0
106 106 114 126 103 120 126 108 123 125 108 105 3 0
102 100 102 102 102 104 105 101 106 107 105 99 4 0
99 106 707 1276 109 912 1087 107 137 128 108 104 5 0
90 86 312 496 98 341 422 93 104 111 93 88 6 0
99 103 103 111 106 105 106 105 101 104 102 97 7 0
106 112 680 1393 111 672 812 109 109 113 108 109 8 0
103 100 234 389 99 213 260 99 100 101 101 95 9 0
119 106 96 99 99 99 101 101 102 105 102 101 10 0
126 122 101 101 98 99 104 98 99 105 106 15000 11 0

Chip#1
101 103 100 99 96 98 104 98 107 103 101 99 0 80
100 99 98 97 96 93 101 96 103 102 98 96 1 0
100 99 118 128 101 128 134 103 133 125 108 102 2 0
111 106 119 125 105 120 127 105 128 126 111 102 3 0
106 104 99 110 97 104 110 105 104 106 102 102 4 0
99 102 707 1267 109 912 1067 108 141 125 103 102 5 0
101 102 311 506 107 346 424 102 116 109 100 98 6 0
104 104 109 111 104 108 111 107 107 107 106 102 7 0
100 98 657 1369 98 656 795 99 100 102 96 95 8 0
96 96 233 386 94 209 251 96 97 99 95 93 9 0
118 110 96 101 95 98 101 98 96 99 97 95 10 0
128 122 103 101 100 99 102 99 107 108 107 15000 11 0

Chip#1
97 99 97 90 95 96 98 93 100 102 101 104 0 81
100 101 99 98 98 99 101 99 103 105 101 96 1 0
102 99 113 123 97 128 132 105 126 119 103 100 2 0
101 102 112 119 99 113 117 100 121 113 98 101 3 0
95 92 96 98 94 94 104 100 98 102 91 96 4 0
103 99 702 1249 102 896 1060 108 141 120 99 100 5 0
101 103 312 501 107 339 421 103 117 114 100 101 6 0
94 98 94 110 96 100 106 100 99 99 96 95 7 0
99 97 656 1357 99 656 785 96 94 103 94 94 8 0
102 96 229 379 94 204 253 92 99 100 93 95 9 0
125 115 104 103 103 101 106 101 103 107 101 102 10 0
125 126 107 102 100 99 103 99 99 106 101 15000 11 0

Chip#1
100 98 93 91 95 96 100 99 94 101 94 99 0 81
104 103 101 98 104 100 103 96 99 108 103 102 1 0
100 97 114 120 94 128 126 98 124 116 101 102 2 0
99 98 111 116 95 114 116 96 116 112 97 98 3 0
109 97 101 104 101 103 107 105 101 107 99 97 4 0
103 105 695 1235 105 896 1054 109 134 129 104 103 5 0
107 105 316 501 107 345 425 106 113 120 107 104 6 0
99 102 103 110 100 110 110 103 101 106 100 98 7 0
102 106 651 1346 101 640 778 98 100 103 96 98 8 0
103 99 233 377 95 208 254 99 96 101 103 94 9 0
128 115 107 103 107 105 106 103 105 107 104 99 10 0
125 128 105 99 98 96 98 96 103 106 101 15000 11 0

Chip#1
102 97 101 98 100 105 99 99 102 103 104 104 0 81
106 99 101 98 104 99 100 101 105 104 104 98 1 0
107 107 118 128 107 128 130 108 133 125 108 106 2 0
108 108 118 125 108 119 127 107 123 123 110 103 3 0
95 94 99 97 100 100 105 99 101 100 93 96 4 0
104 110 688 1225 113 896 1045 107 141 127 108 109 5 0
96 100 307 491 97 329 408 101 113 108 97 98 6 0
99 98 108 111 104 104 104 102 104 98 94 98 7 0
101 100 646 1339 102 640 779 105 108 103 104 99 8 0
104 92 229 374 96 202 249 94 98 102 98 92 9 0
125 110 107 103 105 104 105 105 104 105 100 99 10 0
119 117 98 87 90 90 94 92 92 94 91 15000 11 0

Chip#1
103 100 97 94 100 103 101 96 99 104 101 99 0 81
100 96 100 101 98 98 99 93 99 101 101 95 1 0
95 95 108 122 91 120 126 96 120 115 100 96 2 0
99 92 104 119 96 115 118 96 115 113 98 96 3 0
101 96 100 102 100 101 107 106 103 106 102 98 4 0
97 98 677 1208 98 870 1025 105 135 124 97 99 5 0
96 99 304 485 105 333 410 100 114 111 97 98 6 0
93 98 103 108 99 101 106 102 96 101 93 92 7 0
103 110 647 1331 107 656 777 109 110 110 105 109 8 0
104 103 230 373 101 211 253 100 105 105 101 100 9 0
117 106 96 96 95 99 98 95 97 96 101 98 10 0
134 134 117 114 109 108 112 107 115 115 111 15000 11 0

Chip#1
102 100 100 98 100 96 100 96 100 102 102 103 0 82
102 103 95 94 98 98 102 98 98 101 98 98 1 0
97 103 117 127 96 128 128 102 124 120 100 99 2 0
100 97 107 115 96 111 117 98 113 107 98 96 3 0
100 100 103 102 101 107 110 105 107 108 101 101 4 0
94 97 664 1198 96 857 1016 101 133 119 97 92 5 0
99 102 305 486 102 334 410 103 121 117 101 102 6 0
106 106 107 115 103 105 112 108 108 104 104 104 7 0
95 99 638 1306 96 640 761 101 102 103 97 102 8 0
99 97 222 370 98 204 249 96 97 105 99 94 9 0
119 110 103 100 96 97 103 99 103 104 101 98 10 0
121 119 103 97 95 97 98 93 97 102 101 15000 11 0

Chip#1
104 105 100 98 100 100 107 101 102 104 102 103 0 82
102 100 99 97 104 99 97 99 97 101 102 97 1 0
101 105 117 127 99 128 131 103 129 123 104 102 2 0
90 95 100 111 90 104 112 92 112 105 97 92 3 0
93 91 94 97 95 98 102 99 94 99 97 95 4 0
93 98 664 1181 96 852 1010 101 131 120 102 92 5 0
96 96 303 479 98 321 403 100 112 107 101 96 6 0
107 109 114 124 113 113 116 113 109 112 113 110 7 0
102 103 634 1300 107 640 760 103 107 104 107 105 8 0
95 97 222 362 98 200 241 96 98 101 98 94 9 0
126 116 110 105 103 105 110 106 107 106 104 102 10 0
129 126 113 108 108 103 106 106 107 108 106 15000 11 0

Chip#1
96 97 97 95 100 100 99 95 101 102 98 99 0 82
99 104 98 98 101 95 102 101 105 107 104 99 1 0
95 97 111 122 98 117 125 99 122 117 100 96 2 0
100 102 108 120 101 117 117 99 123 116 103 105 3 0
102 97 99 113 102 107 106 103 102 106 101 100 4 0
99 104 662 1178 103 850 1002 105 140 123 103 105 5 0
103 108 300 482 109 327 406 106 117 115 103 104 6 0
88 88 96 98 89 92 99 98 92 98 94 93 7 0
100 99 622 1295 101 631 746 99 99 102 102 102 8 0
107 103 224 370 109 204 253 108 110 110 107 99 9 0
115 100 94 92 93 97 98 94 93 101 94 94 10 0
121 126 110 98 100 98 104 102 105 106 103 15000 11 0

Chip#1
99 96 93 96 95 92 97 92 96 97 96 98 0 82
99 103 96 96 100 100 100 101 101 103 100 98 1 0
100 98 112 126 99 128 128 99 129 118 101 98 2 0
101 100 106 119 101 118 116 99 118 112 98 99 3 0
102 98 100 105 99 99 106 100 103 102 97 101 4 0
94 97 651 1168 94 841 993 96 128 118 98 92 5 0
103 103 303 478 102 328 408 108 116 117 102 105 6 0
90 91 88 97 92 94 99 96 90 91 89 92 7 0
94 94 609 1282 95 624 740 96 94 96 93 92 8 0
115 113 233 372 105 212 259 107 112 108 110 104 9 0
121 110 98 101 97 100 103 99 96 105 98 98 10 0
117 116 101 93 94 97 95 94 96 96 97 15000 11 0

Chip#1
106 104 101 103 100 104 101 103 104 105 103 104 0 83
97 96 95 98 94 92 89 95 97 97 92 94 1 0
97 102 112 124 96 128 129 99 127 123 101 97 2 0
101 104 109 123 98 111 120 99 122 116 97 96 3 0
99 100 100 105 96 103 104 100 102 106 97 97 4 0
100 106 656 1169 105 843 998 108 140 128 102 99 5 0
95 97 289 463 100 313 392 100 110 109 96 91 6 0
99 100 99 104 95 99 103 98 96 104 93 96 7 0
94 96 608 1268 95 616 736 96 99 96 93 94 8 0
100 106 225 362 96 203 246 105 103 103 104 98 9 0
126 113 105 108 101 103 104 102 103 106 107 103 10 0
122 122 104 98 95 94 97 95 98 101 98 15000 11 0

Chip#1
99 103 98 94 98 103 109 100 99 102 98 100 0 83
99 99 101 99 104 97 98 98 102 103 101 99 1 0
103 106 114 125 104 128 132 102 132 123 103 102 2 0
102 102 111 122 101 118 121 103 121 116 106 102 3 0
102 106 101 105 103 107 109 100 102 106 99 105 4 0
102 106 653 1155 103 834 987 108 135 127 102 100 5 0
101 104 296 467 102 321 398 103 116 115 101 99 6 0
102 104 106 109 104 101 107 102 103 106 103 101 7 0
92 92 602 1249 93 609 727 92 93 99 92 91 8 0
97 94 215 351 93 197 236 93 97 100 96 97 9 0
111 103 88 94 90 91 95 90 96 96 93 92 10 0
117 121 98 95 95 93 99 99 101 101 96 15000 11 0

Chip#1
106 103 98 102 105 98 103 101 105 105 103 103 0 83
108 106 103 107 102 104 105 105 104 108 108 105 1 0
92 96 105 118 93 115 126 94 120 114 96 92 2 0
96 92 101 114 93 107 113 92 110 109 94 88 3 0
97 93 99 99 99 98 104 98 92 102 94 94 4 0
106 104 647 1143 108 828 979 106 135 127 101 103 5 0
100 108 296 468 105 320 393 105 117 116 103 103 6 0
100 97 104 108 99 104 104 101 101 104 98 98 7 0
99 95 599 1247 96 608 722 98 97 97 95 93 8 0
107 103 218 348 96 198 242 98 99 101 97 91 9 0
128 112 105 108 102 107 110 105 105 104 102 106 10 0
129 124 113 106 105 101 106 111 105 110 104 15000 11 0

Chip#1
97 97 87 94 93 95 94 94 97 101 96 99 0 83
99 98 101 98 99 98 105 99 102 104 102 97 1 0
103 104 112 125 99 120 129 105 128 118 101 99 2 0
104 109 114 128 103 128 124 103 118 118 110 97 3 0
95 97 96 97 96 101 103 101 102 102 97 98 4 0
107 113 643 1134 109 821 964 116 141 126 108 105 5 0
103 108 296 466 107 320 396 109 118 112 106 106 6 0
101 104 107 109 105 108 112 109 105 105 107 100 7 0
101 105 595 1231 101 603 717 101 103 104 99 102 8 0
100 98 218 349 98 196 238 98 100 97 97 90 9 0
124 116 107 106 103 102 109 106 104 109 106 99 10 0
125 128 106 105 102 103 103 105 108 108 108 15000 11 0

Chip#1
101 99 99 92 94 96 98 95 99 97 98 99 0 84
104 100 103 94 96 98 97 100 103 104 102 100 1 0
101 94 118 125 100 128 128 103 127 119 102 101 2 0
95 91 105 108 88 106 114 96 113 108 86 93 3 0
106 106 105 107 99 105 110 108 110 107 103 107 4 0
96 97 632 1117 96 805 954 103 131 122 92 98 5 0
106 110 300 462 103 315 392 107 118 112 106 104 6 0
101 97 102 105 99 97 103 98 100 100 100 96 7 0
104 103 592 1224 98 601 712 108 100 106 102 98 8 0
101 99 217 350 96 196 234 99 99 103 98 94 9 0
122 115 105 106 99 104 110 106 107 107 106 103 10 0
124 123 106 99 99 99 103 102 102 104 98 15000 11 0

Chip#1
103 99 94 96 95 97 99 95 96 104 97 100 0 84
97 100 99 94 95 99 98 99 97 103 94 94 1 0
100 100 118 126 96 128 126 99 126 114 102 103 2 0
97 98 108 116 96 113 114 96 118 113 101 97 3 0
102 96 99 97 96 100 102 99 99 104 99 93 4 0
96 99 624 1105 99 803 943 103 131 118 96 96 5 0
97 98 284 449 94 307 383 100 113 109 100 97 6 0
99 103 105 112 104 106 105 106 105 106 106 98 7 0
94 93 581 1203 93 580 696 94 99 97 93 90 8 0
104 98 217 346 99 195 238 100 103 104 101 98 9 0
117 111 100 107 95 100 98 99 101 101 101 97 10 0
116 117 101 92 96 94 98 99 97 101 97 15000 11 0

Chip#1
102 102 101 93 100 96 97 98 105 102 103 100 0 84
96 93 96 98 93 92 97 96 99 99 101 96 1 0
97 93 111 123 93 128 119 94 123 116 101 97 2 0
95 93 108 115 92 107 116 94 118 108 97 97 3 0
102 94 103 104 96 101 107 101 103 105 102 99 4 0
96 96 618 1094 98 792 942 100 133 123 95 95 5 0
100 98 288 444 98 306 381 96 116 111 96 94 6 0
106 105 110 113 106 103 112 106 110 109 108 103 7 0
103 99 581 1194 102 585 703 101 108 108 102 101 8 0
109 108 224 352 101 194 239 105 107 109 103 99 9 0
116 105 98 96 99 97 100 100 97 97 93 94 10 0
123 119 101 91 94 94 94 95 99 101 98 15000 11 0

Chip#1
97 97 95 95 96 94 98 94 97 102 100 98 0 84
96 102 98 96 95 94 102 98 99 102 103 95 1 0
94 96 111 118 95 117 125 95 124 114 97 95 2 0
102 104 114 125 104 115 122 105 123 117 106 105 3 0
97 93 100 101 96 97 100 96 97 100 96 96 4 0
93 96 611 1080 95 783 926 98 133 123 97 95 5 0
100 98 284 438 100 307 376 102 112 113 103 99 6 0
100 98 109 108 101 106 108 100 103 103 103 95 7 0
102 105 579 1187 100 584 695 106 107 107 109 105 8 0
110 104 216 346 99 195 237 102 105 107 104 103 9 0
115 109 99 98 94 97 97 96 102 99 98 96 10 0
121 119 103 99 96 98 104 100 105 101 100 15000 11 0

Chip#1
94 97 89 92 90 94 95 95 99 97 98 98 0 85
100 97 93 98 95 94 98 100 101 102 95 92 1 0
100 102 115 124 102 120 131 105 133 121 102 101 2 0
92 94 105 118 94 109 114 94 115 111 93 95 3 0
97 98 98 99 96 102 105 100 104 101 99 100 4 0
93 98 603 1066 96 782 918 99 125 119 95 94 5 0
90 97 274 430 99 296 373 96 107 105 97 96 6 0
103 104 105 113 104 107 108 109 110 107 107 105 7 0
95 99 565 1169 93 572 683 94 100 98 94 95 8 0
104 99 219 332 94 188 228 92 101 102 98 97 9 0
119 111 104 102 100 106 105 103 107 109 105 103 10 0
123 116 106 101 101 99 103 102 101 106 103 15000 11 0

Chip#1
99 98 99 97 92 98 97 98 101 102 94 102 0 85
97 103 96 93 94 94 97 99 102 98 98 99 1 0
99 99 116 126 101 128 130 101 131 120 98 100 2 0
90 92 101 113 89 109 111 93 113 106 91 95 3 0
100 98 96 99 99 101 102 98 103 103 98 102 4 0
112 117 608 1059 115 784 923 111 148 130 111 107 5 0
96 93 268 422 94 297 368 93 112 103 92 95 6 0
106 110 106 114 108 109 107 105 107 108 101 104 7 0
95 97 551 1143 95 554 663 95 98 96 95 95 8 0
110 101 216 336 103 195 229 105 108 106 103 104 9 0
125 111 104 98 101 102 105 101 104 104 99 104 10 0
125 121 102 101 99 99 100 98 103 102 97 15000 11 0

Chip#1
99 99 94 94 96 94 97 95 99 99 93 98 0 85
101 102 99 104 101 100 101 101 107 105 107 106 1 0
102 105 114 126 98 128 125 100 130 119 101 99 2 0
100 103 111 120 101 119 120 100 117 115 99 102 3 0
102 100 103 104 101 106 106 100 104 107 103 103 4 0
103 105 592 1043 108 769 897 106 142 129 102 103 5 0
97 98 269 420 102 296 369 95 112 109 97 99 6 0
106 112 111 118 109 112 114 107 110 107 107 109 7 0
99 98 548 1120 102 547 653 102 98 103 99 98 8 0
101 97 203 322 100 187 220 95 98 99 94 100 9 0
121 109 98 101 93 100 99 100 99 104 95 93 10 0
124 117 106 103 101 104 104 100 102 109 106 15000 11 0

Chip#1
99 98 95 97 98 92 103 93 100 105 100 103 0 86
103 98 92 101 98 98 99 99 102 105 101 96 1 0
100 98 113 127 95 120 126 98 126 117 97 96 2 0
102 98 111 121 99 112 119 98 116 114 104 97 3 0
96 92 98 103 96 99 105 99 99 99 93 96 4 0
106 109 584 1031 111 758 889 108 142 129 109 105 5 0
100 98 268 418 98 297 367 102 118 110 97 103 6 0
99 96 97 107 101 103 103 99 102 101 101 96 7 0
102 103 538 1098 104 534 643 103 105 103 106 104 8 0
100 100 203 317 95 192 220 95 102 96 97 94 9 0
112 100 95 102 95 97 98 93 100 101 100 96 10 0
126 124 108 109 107 102 112 105 110 112 111 15000 11 0

Chip#1
100 100 98 101 99 100 103 101 102 105 102 103 0 86
97 98 95 98 101 96 103 101 105 108 102 99 1 0
99 98 113 122 95 120 127 96 122 118 105 99 2 0
107 101 116 125 105 128 121 107 122 122 108 106 3 0
104 97 102 103 101 107 111 101 105 104 101 104 4 0
99 97 564 999 102 734 867 102 131 119 100 96 5 0
108 104 268 416 113 295 367 107 118 120 106 107 6 0
102 98 103 110 99 104 111 102 104 107 101 101 7 0
99 96 524 1066 97 523 623 99 100 103 102 95 8 0
106 99 203 314 102 188 220 105 104 106 110 104 9 0
117 110 106 108 108 104 105 107 101 106 107 106 10 0
123 116 103 101 98 101 102 101 105 106 107 15000 11 0

Chip#1
97 93 93 90 90 92 95 89 98 97 92 91 0 86
102 97 98 98 98 97 105 99 99 103 101 95 1 0
101 98 117 125 98 120 133 105 129 123 106 99 2 0
96 98 107 118 98 128 118 100 116 112 98 95 3 0
100 96 98 101 96 103 106 102 97 104 101 94 4 0
101 108 564 991 104 730 862 109 141 126 105 102 5 0
108 108 269 410 104 297 359 108 119 115 107 97 6 0
100 105 107 111 108 105 108 108 109 107 108 99 7 0
92 96 511 1048 93 508 610 99 90 98 94 90 8 0
110 105 203 321 106 192 222 108 114 107 107 103 9 0
108 102 95 94 94 98 103 94 99 96 97 92 10 0
115 116 103 94 99 99 105 99 98 101 102 15000 11 0

Chip#1
97 96 93 95 97 94 98 93 97 100 94 95 0 87
102 100 98 97 99 103 101 100 102 105 100 98 1 0
103 102 118 130 105 128 134 103 124 122 106 103 2 0
102 98 109 121 99 115 118 101 118 114 102 102 3 0
102 98 107 104 99 106 111 105 104 110 107 103 4 0
100 99 553 974 101 714 840 105 136 125 104 100 5 0
99 99 263 396 98 284 347 100 111 112 99 102 6 0
103 105 107 110 104 107 111 107 109 109 101 102 7 0
99 99 503 1051 98 505 607 99 104 104 96 95 8 0
108 104 203 309 104 192 216 102 107 103 104 101 9 0
111 99 93 92 88 94 94 92 95 97 92 89 10 0
119 122 106 104 106 103 107 102 103 104 106 15000 11 0

Chip#1
89 98 89 94 95 96 98 93 96 97 94 101 0 87
102 103 98 103 103 100 106 96 101 103 102 100 1 0
104 103 117 131 100 128 130 102 126 120 104 101 2 0
99 100 111 125 101 115 117 101 122 115 103 105 3 0
99 96 95 101 98 104 99 98 102 103 96 96 4 0
99 99 542 952 102 704 821 102 130 118 101 97 5 0
99 100 256 396 102 276 344 99 112 109 101 96 6 0
103 105 104 109 104 105 109 102 105 105 104 104 7 0
107 105 507 1026 108 497 596 106 104 106 106 107 8 0
106 100 195 303 102 176 216 103 103 104 105 98 9 0
106 99 89 96 92 91 94 94 94 95 93 90 10 0
111 109 98 94 93 93 96 93 96 99 94 15000 11 0

Chip#1
92 98 89 96 93 94 98 90 97 98 97 101 0 87
97 96 94 92 92 93 94 94 97 96 96 94 1 0
99 99 117 127 98 128 125 101 124 119 102 97 2 0
102 98 107 115 101 113 117 99 113 117 101 102 3 0
93 91 93 96 94 93 99 98 95 96 92 94 4 0
106 112 541 943 115 704 818 111 142 135 113 110 5 0
92 96 249 380 98 263 335 93 105 103 92 94 6 0
93 93 96 103 95 99 104 93 97 102 93 98 7 0
97 102 494 991 100 471 562 102 101 107 105 96 8 0
108 97 203 297 100 176 206 99 108 105 101 98 9 0
119 108 104 103 101 106 110 102 107 106 105 101 10 0
121 121 105 103 99 99 103 101 104 106 103 15000 11 0

Chip#1
95 93 93 91 95 92 96 93 95 94 91 92 0 88
101 101 99 95 99 97 97 98 105 96 96 98 1 0
102 98 114 123 99 128 130 99 128 117 100 98 2 0
97 95 106 118 100 118 114 99 120 109 100 97 3 0
96 91 93 97 92 92 100 93 97 100 93 95 4 0
97 97 516 900 99 672 794 102 134 122 100 97 5 0
104 106 255 387 109 278 342 111 126 116 107 104 6 0
96 98 101 106 102 103 104 102 102 104 101 98 7 0
95 92 475 951 93 432 510 94 98 97 90 91 8 0
101 90 186 282 94 160 188 95 99 98 98 95 9 0
115 100 101 101 102 104 103 99 96 103 98 99 10 0
122 118 110 103 104 102 101 105 105 107 104 15000 11 0

Chip#1
104 105 100 96 96 103 98 101 101 105 98 102 0 88
100 99 101 98 99 96 103 99 102 104 99 100 1 0
100 102 115 127 99 120 128 103 127 122 101 102 2 0
90 92 101 114 94 105 112 95 112 109 92 94 3 0
101 99 100 94 95 97 101 99 96 102 97 101 4 0
90 91 494 867 95 672 776 93 119 115 90 93 5 0
93 93 237 357 96 263 328 96 106 107 89 94 6 0
102 97 103 104 102 105 106 105 98 104 102 98 7 0
102 98 459 923 101 400 481 105 98 104 103 105 8 0
106 105 189 282 105 176 189 102 107 107 108 103 9 0
115 103 99 94 100 98 99 100 99 102 98 99 10 0
125 124 118 112 111 110 112 109 112 117 112 15000 11 0

Chip#1
106 101 104 102 101 101 105 102 101 107 104 106 0 88
106 103 100 98 101 98 104 102 99 109 99 94 1 0
101 98 116 125 99 128 127 106 123 118 98 98 2 0
100 94 104 115 98 108 111 95 116 113 93 94 3 0
100 94 94 98 98 98 102 101 102 99 101 99 4 0
102 103 451 787 106 640 766 103 129 123 102 99 5 0
103 99 226 335 103 261 325 101 117 113 102 103 6 0
100 103 101 109 101 101 104 101 103 103 98 98 7 0
99 96 412 811 96 292 352 99 97 103 97 94 8 0
100 99 173 263 96 144 150 96 94 101 95 94 9 0
116 105 98 99 94 99 101 98 96 99 96 97 10 0
125 112 106 103 104 104 107 102 103 111 106 15000 11 0

Chip#1
100 96 92 96 93 91 97 98 99 98 94 96 0 89
96 94 93 97 93 94 98 95 96 97 93 94 1 0
104 103 114 127 96 128 131 102 129 118 103 102 2 0
108 106 110 125 105 115 121 103 123 118 109 101 3 0
107 97 104 102 101 105 107 103 102 106 100 104 4 0
103 99 363 598 106 602 703 102 139 124 105 103 5 0
103 105 195 275 105 246 308 107 120 114 104 102 6 0
101 96 100 102 100 98 104 101 102 98 101 98 7 0
100 96 316 577 99 214 257 101 99 105 98 99 8 0
97 90 146 210 93 120 125 95 96 98 93 88 9 0
106 104 100 101 96 98 99 96 101 102 100 92 10 0
118 115 103 102 106 107 110 109 109 111 107 15000 11 0

Chip#1
100 102 98 98 100 100 103 99 102 104 101 104 0 89
104 99 100 100 97 102 103 99 105 104 103 101 1 0
97 92 108 116 91 119 118 92 116 113 95 91 2 0
99 94 106 111 92 114 114 99 112 110 97 96 3 0
106 102 108 105 104 106 105 105 108 107 107 101 4 0
103 97 263 402 101 494 578 100 136 122 102 104 5 0
102 105 158 210 102 218 261 99 118 114 101 103 6 0
92 91 97 97 90 97 92 93 99 97 92 97 7 0
103 99 224 379 100 195 226 98 103 104 102 99 8 0
101 97 127 161 99 120 126 100 100 96 97 92 9 0
107 99 99 94 94 99 102 94 96 97 102 99 10 0
102 102 95 94 93 99 95 96 96 99 103 15000 11 0

Chip#1
101 103 94 100 94 96 99 93 100 97 98 102 0 89
97 99 99 96 96 97 101 98 103 103 98 98 1 0
100 100 113 122 98 128 128 101 127 119 101 98 2 0
110 106 114 131 104 120 128 105 124 118 110 107 3 0
101 92 92 97 95 93 96 92 97 98 100 94 4 0
101 97 203 291 99 340 400 99 132 120 104 97 5 0
99 98 138 173 101 176 204 98 109 111 97 96 6 0
103 102 107 107 102 101 106 102 106 111 101 101 7 0
88 87 168 283 89 192 213 92 94 93 89 90 8 0
104 99 120 139 100 120 128 101 104 106 101 101 9 0
111 105 105 104 104 108 106 105 107 105 108 103 10 0
103 97 95 94 96 92 98 100 95 99 96 15000 11 0

Chip#1
102 97 89 97 93 97 96 98 99 102 101 101 0 89
104 97 101 99 98 103 104 100 99 105 98 101 1 0
104 98 114 127 99 128 127 99 127 118 106 98 2 0
102 103 111 127 102 120 122 102 124 121 105 104 3 0
106 95 94 97 93 106 102 96 103 103 102 98 4 0
95 96 182 275 95 248 292 96 129 117 97 97 5 0
99 100 130 165 101 160 162 99 115 112 99 99 6 0
102 102 101 105 104 103 104 101 106 105 101 102 7 0
106 97 171 263 100 192 220 103 102 105 102 98 8 0
106 105 120 139 102 128 130 102 104 111 104 98 9 0
111 103 101 104 102 99 106 106 104 106 102 101 10 0
110 106 103 103 105 98 104 105 103 107 106 15000 11 0

Chip#1
108 103 104 104 104 98 104 105 108 107 107 104 0 90
103 98 97 97 99 97 101 99 105 104 98 99 1 0
95 97 108 119 92 119 121 92 120 112 93 96 2 0
95 94 105 118 94 112 112 95 115 108 91 94 3 0
100 100 98 98 94 100 103 103 102 105 94 95 4 0
109 108 189 283 108 230 268 108 144 129 107 106 5 0
94 97 123 155 96 144 142 95 107 108 93 97 6 0
95 93 92 93 93 93 94 98 95 97 96 95 7 0
96 92 161 263 93 176 218 95 97 98 91 91 8 0
103 102 116 137 100 128 128 102 107 107 101 98 9 0
102 96 94 96 92 97 103 96 99 99 96 95 10 0
110 113 108 102 104 104 104 105 108 108 104 15000 11 0

Chip#1
93 94 91 94 90 91 95 89 94 93 91 91 0 90
101 100 99 102 95 94 101 96 107 103 101 99 1 0
99 102 114 126 101 120 128 96 124 118 100 98 2 0
96 97 112 124 99 113 117 96 124 114 107 103 3 0
100 97 99 101 98 106 104 102 105 107 103 103 4 0
93 94 178 270 98 207 245 99 131 117 100 98 5 0
104 104 134 168 104 144 151 99 116 112 104 102 6 0
103 98 99 97 98 99 99 99 99 104 100 102 7 0
99 97 164 261 99 185 220 95 103 102 100 95 8 0
101 97 112 136 100 118 125 95 105 104 96 102 9 0
107 101 98 103 106 103 105 101 107 105 102 104 10 0
102 99 96 91 95 94 99 96 96 101 94 15000 11 0

Chip#1
100 99 98 99 94 98 98 94 103 103 102 102 0 90
102 99 98 102 103 98 102 101 103 107 101 95 1 0
99 104 118 126 98 120 130 101 128 120 103 101 2 0
97 91 104 113 92 105 112 90 115 108 92 91 3 0
101 98 93 101 93 101 103 98 101 102 101 96 4 0
102 102 184 265 96 209 245 99 129 123 100 98 5 0
97 102 125 161 96 128 145 95 115 111 100 94 6 0
95 96 92 92 95 95 97 96 96 96 91 94 7 0
99 98 168 259 98 190 221 99 98 101 99 97 8 0
100 96 110 133 95 114 121 92 97 101 97 91 9 0
101 99 92 97 90 90 95 94 97 96 96 91 10 0
102 105 99 97 96 100 102 100 104 107 105 15000 11 0

Chip#1
104 104 99 107 99 100 102 105 107 104 103 103 0 91
101 97 96 98 95 94 98 94 101 99 96 94 1 0
102 100 117 126 101 128 133 99 132 123 110 105 2 0
104 98 108 122 99 114 114 102 121 115 101 98 3 0
110 102 101 104 105 103 106 102 112 107 106 105 4 0
99 99 181 269 104 211 247 103 134 124 101 102 5 0
95 98 125 158 99 128 147 98 113 107 100 97 6 0
101 98 92 97 95 101 97 100 102 101 92 96 7 0
100 102 161 257 96 192 220 96 103 102 102 96 8 0
107 103 117 140 101 120 128 100 106 106 106 102 9 0
111 110 104 105 102 103 107 105 104 104 104 103 10 0
97 97 91 91 92 88 92 88 99 95 96 15000 11 0

Chip#1
107 104 99 99 102 101 103 101 104 106 97 102 0 91
106 101 98 102 101 98 102 98 105 105 94 101 1 0
99 96 110 122 95 120 122 94 121 116 98 95 2 0
97 97 104 122 94 114 118 95 118 112 102 96 3 0
97 96 89 98 96 101 98 99 98 104 99 98 4 0
90 96 174 260 91 200 237 92 126 114 97 93 5 0
99 99 127 161 99 128 147 103 113 113 98 99 6 0
99 94 93 97 99 96 99 95 97 104 95 94 7 0
99 96 163 254 101 176 221 100 101 104 96 100 8 0
106 102 119 141 104 120 131 101 104 108 106 102 9 0
108 100 96 96 96 100 104 98 104 107 100 99 10 0
106 100 100 101 102 101 102 102 103 108 108 15000 11 0

Chip#1
96 99 99 96 94 97 99 92 101 103 101 98 0 91
96 97 94 94 95 93 99 93 103 99 98 94 1 0
94 94 110 118 95 115 128 93 124 119 94 95 2 0
94 96 106 116 98 108 112 93 117 113 97 91 3 0
96 100 98 102 93 93 97 92 102 105 103 96 4 0
95 99 177 263 98 202 238 98 129 118 103 94 5 0
95 97 130 159 95 128 143 96 115 110 99 98 6 0
99 100 101 100 97 99 102 99 97 104 97 93 7 0
99 96 167 256 94 192 221 94 101 104 98 102 8 0
102 99 116 138 93 120 123 96 99 105 97 97 9 0
101 100 97 96 93 97 98 94 97 97 97 95 10 0
111 110 108 107 102 103 106 103 109 108 106 15000 11 0

Chip#1
100 99 98 97 95 99 102 99 101 103 100 99 0 92
96 97 101 102 99 98 102 100 103 109 97 94 1 0
95 97 110 126 97 117 126 96 125 118 97 94 2 0
95 96 105 114 95 110 115 95 113 117 98 98 3 0
101 94 96 98 95 98 103 96 103 104 97 100 4 0
97 97 180 260 93 202 238 95 129 120 92 91 5 0
96 98 129 158 100 128 148 96 113 112 98 98 6 0
102 99 100 99 99 99 101 99 101 103 95 100 7 0
108 103 171 262 101 189 228 103 109 107 108 100 8 0
102 103 121 142 105 128 130 105 109 107 104 104 9 0
89 90 87 87 84 85 89 86 88 91 91 83 10 0
112 110 107 104 104 105 107 103 107 106 104 15000 11 0

Chip#1
97 97 97 90 94 96 95 89 96 95 95 96 0 92
104 105 104 101 102 103 102 98 103 107 104 104 1 0
94 96 109 119 95 113 119 88 121 111 96 90 2 0
102 98 108 121 99 111 114 98 118 113 100 96 3 0
99 96 99 102 99 101 98 94 102 103 102 98 4 0
96 100 181 263 94 201 240 100 131 122 101 101 5 0
100 99 125 151 96 128 141 94 105 107 97 95 6 0
103 99 100 101 100 104 103 103 105 106 102 104 7 0
101 100 165 257 101 192 218 99 104 104 97 99 8 0
104 100 117 137 98 128 126 98 103 105 98 98 9 0
107 106 105 104 104 106 106 103 105 101 104 103 10 0
101 93 96 90 92 93 98 98 94 96 94 15000 11 0

Chip#1
102 97 97 93 96 98 99 96 97 101 98 102 0 92
99 98 94 92 94 93 98 93 100 106 96 96 1 0
99 97 111 121 97 119 128 93 123 118 93 89 2 0
90 93 105 114 94 105 112 94 115 109 96 97 3 0
103 101 100 107 101 101 108 105 108 109 103 103 4 0
103 109 189 265 105 208 246 105 139 128 104 103 5 0
100 99 130 158 101 144 148 101 115 113 103 98 6 0
107 104 111 107 106 104 110 106 107 109 107 104 7 0
103 106 174 265 101 188 225 102 105 111 106 104 8 0
94 93 107 125 89 115 119 94 99 102 94 91 9 0
95 96 92 96 86 91 93 89 89 96 87 90 10 0
107 106 104 101 101 98 103 102 101 106 103 15000 11 0

Chip#1
101 100 101 96 98 99 101 98 102 105 103 103 0 93
109 109 106 107 105 104 110 105 105 111 110 106 1 0
103 102 117 126 101 120 134 101 127 124 109 102 2 0
99 99 109 115 97 107 119 94 117 114 103 97 3 0
95 97 99 93 93 96 98 93 96 99 97 97 4 0
95 88 175 253 99 196 235 90 129 120 93 94 5 0
104 105 134 160 104 128 148 105 115 115 105 103 6 0
100 100 98 102 94 92 99 95 98 101 97 99 7 0
109 109 173 264 103 189 228 101 110 109 110 104 8 0
97 91 110 126 88 113 120 92 96 96 93 95 9 0
107 106 103 100 101 99 106 99 103 106 103 99 10 0
114 111 111 97 104 99 109 98 105 110 108 15000 11 0

Chip#1
97 96 93 91 94 92 92 92 95 102 97 98 0 93
107 106 107 105 107 107 110 103 109 108 110 104 1 0
102 98 117 121 96 128 130 99 124 118 104 98 2 0
102 98 108 119 100 112 116 98 115 114 104 96 3 0
108 106 108 110 104 107 107 106 109 108 111 107 4 0
101 97 177 257 99 202 231 99 128 117 98 97 5 0
102 100 130 155 102 128 147 95 113 114 101 102 6 0
104 105 110 103 103 105 104 101 104 106 104 102 7 0
100 101 168 255 101 192 221 99 101 107 106 99 8 0
95 93 113 130 96 112 120 88 97 98 94 91 9 0
108 105 105 104 102 101 110 101 101 106 104 100 10 0
107 103 99 94 100 99 102 99 99 103 99 15000 11 0

Chip#1
96 94 97 92 92 89 96 92 96 95 93 92 0 93
95 98 98 92 94 93 98 96 97 96 94 95 1 0
103 108 124 127 101 128 136 108 135 125 108 108 2 0
99 100 113 122 100 113 118 99 116 111 98 98 3 0
101 98 103 97 98 99 102 98 104 104 98 98 4 0
101 103 181 251 99 203 238 100 134 120 103 103 5 0
104 103 131 157 99 144 146 96 117 114 99 99 6 0
111 115 111 109 113 111 112 108 114 113 108 109 7 0
94 96 161 253 94 176 218 98 99 101 92 91 8 0
108 109 120 143 109 128 131 109 110 108 108 107 9 0
106 110 103 105 104 107 108 105 109 108 104 107 10 0
99 105 97 96 98 98 97 96 99 104 100 15000 11 0

Chip#1
107 109 105 108 107 106 111 103 110 107 101 105 0 94
100 106 101 101 100 100 103 100 103 109 102 104 1 0
97 98 112 119 91 119 122 94 124 113 96 95 2 0
92 97 107 116 94 108 113 93 114 112 92 97 3 0
96 97 101 98 96 99 99 95 99 104 100 99 4 0
107 103 185 258 107 203 236 103 136 125 98 100 5 0
100 104 127 156 98 128 144 101 112 113 98 98 6 0
95 94 94 94 89 94 95 94 92 98 89 91 7 0
100 97 159 256 93 176 216 96 97 97 94 95 8 0
99 97 111 128 96 114 121 98 99 101 97 96 9 0
109 108 106 105 106 104 107 105 110 109 107 109 10 0
106 102 101 99 100 99 102 100 99 104 98 15000 11 0

Chip#1
95 100 96 96 98 97 99 94 101 104 92 94 0 94
99 97 97 92 96 92 95 90 98 102 92 97 1 0
99 97 109 118 95 128 118 92 121 114 94 96 2 0
101 100 108 116 94 111 115 98 116 113 98 99 3 0
99 99 94 92 93 97 98 96 100 99 94 90 4 0
97 98 178 254 100 195 229 99 132 118 94 97 5 0
95 103 123 149 102 144 144 99 112 112 101 105 6 0
90 92 89 90 92 91 95 90 94 92 91 91 7 0
96 93 161 255 88 176 213 92 96 99 97 95 8 0
101 100 113 133 94 118 125 98 103 99 97 96 9 0
97 100 93 96 94 93 98 96 96 99 96 89 10 0
100 92 99 93 90 92 96 93 97 100 89 15000 11 0

Chip#1
90 96 92 92 90 97 95 89 93 101 93 95 0 94
101 99 98 93 96 97 102 99 97 101 97 98 1 0
97 102 108 120 96 120 128 95 124 115 97 97 2 0
96 93 106 118 95 112 110 94 116 106 96 94 3 0
96 92 97 91 87 97 97 96 94 97 97 91 4 0
97 98 171 247 97 197 228 99 129 120 95 100 5 0
100 104 130 156 104 128 144 101 119 116 104 107 6 0
102 102 104 102 100 101 106 103 104 103 100 99 7 0
94 92 158 249 94 176 212 94 97 95 92 94 8 0
102 101 114 131 101 118 131 101 97 104 98 102 9 0
106 107 99 96 101 104 106 102 101 107 99 98 10 0
99 97 95 96 95 97 96 94 97 100 94 15000 11 0

Chip#1
97 99 97 96 98 99 103 100 102 102 98 100 0 94
99 99 92 99 95 96 98 96 99 94 98 92 1 0
101 103 114 126 99 128 129 103 131 117 98 99 2 0
99 96 112 120 101 114 116 98 121 116 103 97 3 0
95 99 98 98 99 99 98 99 102 98 97 95 4 0
97 103 175 250 96 193 228 100 133 118 99 98 5 0
100 102 126 154 100 128 143 102 116 112 102 103 6 0
99 100 99 99 96 98 101 98 103 105 98 97 7 0
99 97 166 253 96 192 215 100 105 103 101 99 8 0
101 97 112 133 98 118 125 99 104 102 102 95 9 0
95 98 96 97 95 99 97 98 97 104 95 95 10 0
102 102 98 94 96 97 98 98 101 104 98 15000 11 0

