Chip#1
321 105 123 65 110 323 139 183 210 264 84 178 0 50
313 105 123 49 110 315 139 183 194 248 80 162 1 0
318 121 123 65 126 323 155 183 210 264 91 178 2 0
318 105 123 49 110 324 155 183 210 248 88 162 3 0
317 105 123 49 110 319 139 183 210 264 82 162 4 0
317 105 123 49 110 324 139 167 210 248 89 162 5 0
316 105 123 49 110 315 139 167 194 248 81 162 6 0
314 105 123 49 110 320 155 183 210 248 84 162 7 0
315 105 107 49 110 313 139 167 194 248 82 162 8 0
318 121 123 65 126 320 155 183 210 264 89 178 9 0
316 105 107 49 94 324 139 167 194 248 81 162 10 0
319 121 123 65 126 322 139 183 210 264 87 15000 11 0
Chip#1
311 105 107 49 110 315 139 183 210 248 85 162 0 51
310 105 107 49 110 313 139 167 194 248 77 162 1 0
326 121 123 65 126 330 155 183 210 264 96 178 2 0
321 105 123 49 110 325 139 183 194 248 89 162 3 0
319 121 123 65 110 325 155 167 210 264 92 162 4 0
318 105 123 49 110 324 139 167 194 264 87 162 5 0
318 105 123 49 110 320 139 167 194 248 85 178 6 0
316 121 123 65 110 324 155 183 210 264 85 178 7 0
319 121 123 49 126 328 155 183 210 264 91 178 8 0
317 105 107 49 110 320 155 183 194 248 84 162 9 0
317 121 123 65 126 327 155 183 210 248 84 178 10 0
319 105 123 49 110 319 139 183 194 248 87 15000 11 0
Chip#1
321 121 123 65 126 323 155 183 210 264 96 178 0 52
317 105 123 49 110 319 139 183 194 248 92 162 1 0
312 105 123 49 110 314 139 183 194 248 81 162 2 0
312 105 123 49 110 319 139 183 194 248 80 162 3 0
317 121 123 65 110 322 155 183 210 264 88 178 4 0
318 105 123 49 110 320 139 183 194 264 89 162 5 0
322 105 123 65 110 318 155 183 210 248 89 178 6 0
307 121 123 65 110 316 155 183 210 264 76 178 7 0
316 105 123 49 110 322 155 183 194 248 84 178 8 0
316 105 123 49 110 315 139 167 194 248 81 162 9 0
319 105 107 49 110 322 139 167 194 248 84 162 10 0
313 89 107 49 110 315 139 167 194 248 84 15000 11 0
Chip#1
324 121 123 65 126 328 155 183 210 264 96 178 0 53
318 105 123 49 110 320 155 183 210 248 87 178 1 0
315 105 107 49 110 272 139 167 194 248 85 162 2 0
317 105 123 49 110 325 139 167 194 248 87 162 3 0
318 105 107 49 110 324 139 167 194 248 88 162 4 0
312 121 123 49 110 319 139 183 194 248 88 178 5 0
319 121 123 65 126 324 155 183 210 264 88 178 6 0
313 105 123 49 110 320 155 183 210 248 77 162 7 0
316 105 123 49 110 316 139 167 210 264 81 162 8 0
316 105 123 49 110 322 139 167 194 248 85 162 9 0
317 105 123 49 110 325 139 167 194 248 87 162 10 0
312 105 123 49 110 315 139 167 194 248 87 15000 11 0
Chip#1
326 121 123 65 126 330 155 183 210 264 95 178 0 53
316 105 123 49 110 320 155 183 194 248 87 178 1 0
321 121 123 65 110 323 155 183 194 264 91 178 2 0
319 121 123 49 110 327 155 183 194 248 88 162 3 0
316 121 123 65 110 325 155 183 210 264 88 178 4 0
314 105 123 49 110 320 139 183 210 248 81 162 5 0
317 105 107 49 110 322 139 167 194 248 87 162 6 0
310 105 123 65 110 318 155 167 194 248 77 178 7 0
307 105 123 49 110 309 139 183 194 248 76 178 8 0
321 121 123 65 126 324 155 183 210 248 89 178 9 0
313 105 107 49 110 322 139 167 194 248 80 162 10 0
316 121 123 49 110 315 155 183 194 248 84 15000 11 0
Chip#1
311 105 107 49 110 319 139 167 194 248 81 162 0 54
317 105 123 65 110 319 139 183 210 248 81 178 1 0
318 121 123 49 126 324 155 183 210 264 89 178 2 0
316 121 123 65 126 329 139 183 210 248 88 178 3 0
318 105 123 65 110 324 155 183 194 248 82 162 4 0
324 105 123 65 110 327 155 183 210 264 89 178 5 0
322 121 123 65 126 327 155 183 210 264 88 178 6 0
316 105 123 49 110 272 139 167 194 248 82 162 7 0
313 121 123 49 110 318 139 167 194 248 81 178 8 0
328 105 123 65 126 327 155 183 194 248 85 178 9 0
323 105 123 49 110 323 155 167 194 248 82 178 10 0
316 121 123 49 110 318 155 183 210 264 87 15000 11 0
Chip#1
311 105 107 49 110 317 139 167 194 248 84 162 0 54
324 121 123 49 110 327 155 183 210 264 91 178 1 0
328 121 123 65 126 329 155 183 210 264 93 178 2 0
318 121 123 65 110 319 155 183 210 264 85 178 3 0
318 121 123 65 110 327 155 183 194 264 88 178 4 0
322 121 123 65 126 322 155 183 210 264 89 178 5 0
319 121 123 65 110 320 155 183 210 264 82 178 6 0
317 105 123 49 110 324 139 167 194 248 87 162 7 0
314 105 107 49 110 320 139 183 194 248 84 162 8 0
318 105 107 49 110 325 139 183 194 248 91 162 9 0
318 121 123 65 110 327 155 183 194 264 89 178 10 0
316 105 123 49 110 318 155 183 210 248 80 15000 11 0
322 121 123 65 126 324 171 183 210 264 93 178 1 0
324 121 123 65 110 325 139 183 210 264 95 178 2 0
319 121 123 49 126 322 139 183 210 248 88 178 3 0
316 105 123 65 110 327 155 183 210 264 85 162 4 0
312 105 123 49 110 320 139 167 194 248 80 162 5 0
314 105 107 49 110 319 139 167 194 248 87 162 6 0
314 105 107 49 110 272 139 167 194 248 74 162 7 0
318 105 123 49 110 318 139 183 194 248 84 162 8 0
322 121 123 65 126 327 155 183 210 264 91 178 9 0
322 121 123 65 126 324 155 183 210 264 92 178 10 0
316 105 123 49 110 314 139 183 194 248 78 15000 11 0
Chip#1
313 121 123 65 126 319 155 183 210 264 87 178 0 55
317 105 123 49 110 320 139 167 194 248 84 162 1 0
324 121 139 65 126 332 155 183 210 264 92 178 2 0
317 105 123 49 110 323 139 167 194 248 87 162 3 0
317 105 123 65 110 323 155 183 210 248 81 178 4 0
317 105 123 65 110 324 155 183 210 248 82 178 5 0
317 105 123 49 110 319 155 167 210 264 78 162 6 0
317 121 123 65 110 322 155 183 210 264 80 178 7 0
318 121 123 65 126 327 155 183 210 264 91 162 8 0
318 105 123 49 110 325 155 183 194 248 81 178 9 0
324 121 123 65 126 329 155 183 210 264 89 178 10 0
318 105 123 49 110 319 139 183 194 248 88 15000 11 0
Chip#1
321 105 107 49 110 320 139 167 194 248 88 162 0 56
323 121 123 65 126 328 155 183 210 264 92 178 1 0
321 105 123 49 110 319 139 183 194 248 85 162 2 0
327 121 139 65 126 337 171 199 226 264 96 194 3 0
318 105 123 65 110 323 155 167 194 264 88 162 4 0
314 121 123 65 110 318 155 183 194 264 85 178 5 0
318 121 123 65 110 324 155 183 194 264 87 178 6 0
312 105 123 65 110 322 155 183 210 248 82 178 7 0
308 105 123 49 110 315 139 183 194 248 80 162 8 0
322 121 123 65 110 324 155 183 210 264 92 178 9 0
319 121 123 65 126 327 155 183 210 264 89 178 10 0
318 105 107 49 94 314 139 167 178 232 81 15000 11 0
Chip#1
312 105 123 49 110 322 139 183 194 248 92 162 0 56
321 121 123 65 126 322 155 183 210 264 89 178 1 0
316 105 123 49 110 318 139 183 210 248 91 162 2 0
323 121 123 49 110 324 155 183 194 248 92 178 3 0
319 121 123 65 110 324 155 183 210 264 85 178 4 0
319 121 123 49 110 324 155 183 194 248 88 178 5 0
317 105 123 49 110 325 155 167 194 248 81 178 6 0
319 121 123 65 110 324 155 183 210 264 88 178 7 0
317 105 123 49 110 318 139 167 194 248 80 162 8 0
316 105 107 49 110 322 139 167 194 248 85 162 9 0
323 105 123 49 110 327 139 183 194 248 88 162 10 0
317 105 123 49 110 322 139 183 194 264 85 15000 11 0
Chip#1
321 105 107 49 110 320 139 167 194 248 96 162 0 57
319 105 107 49 110 318 139 167 194 248 88 162 1 0
316 121 123 65 110 322 155 183 210 248 87 178 2 0
321 105 123 49 110 332 155 183 210 264 95 178 3 0
319 121 123 65 126 324 155 183 210 264 87 178 4 0
321 121 123 49 110 322 155 183 194 248 85 162 5 0
312 105 107 49 110 317 139 167 194 248 81 162 6 0
316 105 107 49 110 324 155 167 194 248 88 162 7 0
314 121 123 65 110 319 155 183 210 264 89 178 8 0
322 121 123 65 126 323 155 183 210 264 92 162 9 0
322 121 123 65 126 325 155 183 194 248 89 178 10 0
317 121 123 49 126 315 155 183 210 248 88 15000 11 0
Chip#1
321 105 107 49 110 324 139 183 194 248 92 162 0 57
316 105 123 49 110 319 155 183 194 248 87 178 1 0
322 121 123 49 110 322 155 183 194 264 87 178 2 0
318 121 123 49 110 324 139 183 210 264 84 178 3 0
316 105 107 65 110 319 139 167 194 248 82 162 4 0
321 121 123 65 126 320 155 183 210 264 85 178 5 0
323 105 123 49 110 320 155 183 210 264 81 178 6 0
319 121 123 65 126 324 155 183 210 264 91 178 7 0
323 121 123 49 126 323 155 183 210 248 89 178 8 0
324 105 107 49 110 320 139 167 194 248 82 162 9 0
314 105 123 49 110 313 139 183 194 248 78 162 10 0
314 121 123 49 126 311 155 183 210 248 81 15000 11 0
Chip#1
318 105 123 49 110 319 139 167 194 248 85 162 0 57
318 121 123 65 110 318 155 183 210 264 87 178 1 0
323 121 123 65 110 324 155 183 210 264 93 178 2 0
314 105 123 65 126 322 139 183 194 248 85 178 3 0
317 121 123 65 126 322 155 183 210 264 84 178 4 0
319 121 123 65 110 324 155 183 194 248 88 178 5 0
323 105 123 65 110 323 155 183 210 264 85 162 6 0
312 105 123 65 110 314 155 167 210 248 81 178 7 0
312 105 123 49 110 310 155 183 194 248 76 178 8 0
312 105 107 49 110 320 139 167 194 248 81 162 9 0
321 105 107 49 110 324 155 183 194 248 85 162 10 0
318 105 107 49 110 317 139 167 194 248 84 15000 11 0
Chip#1
314 121 123 65 110 314 155 183 210 248 81 178 0 57
323 121 123 65 126 325 155 183 210 264 93 178 1 0
326 121 123 65 110 332 155 183 210 248 95 178 2 0
317 105 107 49 110 320 139 183 194 248 85 178 3 0
316 121 123 65 126 316 155 183 210 264 85 178 4 0
317 105 107 49 94 314 139 167 194 248 78 162 5 0
323 121 123 49 110 329 155 183 210 248 87 162 6 0
317 105 123 65 110 320 155 183 194 248 88 162 7 0
318 105 107 49 110 322 139 167 194 248 85 162 8 0
322 121 123 65 110 324 155 183 210 264 92 178 9 0
318 105 123 49 110 324 139 183 194 248 88 178 10 0
316 105 123 49 110 317 139 183 194 248 78 15000 11 0
Chip#1
324 105 107 49 110 325 139 167 194 248 89 162 0 58
317 105 107 49 94 314 139 167 194 248 82 162 1 0
318 121 123 65 110 322 155 183 210 264 85 178 2 0
322 121 123 65 126 324 155 183 210 248 88 162 3 0
317 105 107 49 110 319 139 167 194 248 91 162 4 0
319 105 123 49 110 318 155 183 194 248 91 162 5 0
321 121 123 49 110 324 155 183 210 264 91 178 6 0
317 105 123 65 110 323 155 183 210 264 85 162 7 0
316 105 123 49 110 319 139 183 194 248 82 162 8 0
312 105 123 49 110 315 139 167 194 248 77 162 9 0
323 121 123 65 126 324 155 183 210 264 89 178 10 0
316 105 107 49 110 317 139 167 194 248 84 15000 11 0
Chip#1
321 121 123 65 126 327 155 183 210 264 89 178 0 58
323 105 123 49 110 327 139 167 194 248 89 162 1 0
323 105 123 49 110 324 155 183 194 248 89 178 2 0
312 105 107 49 110 322 139 167 194 248 82 162 3 0
313 121 123 65 126 325 155 183 210 264 87 178 4 0
323 121 123 65 110 323 155 183 210 248 88 178 5 0
316 105 123 65 110 322 139 183 194 248 84 178 6 0
312 121 123 65 110 319 155 183 194 264 81 162 7 0
318 105 123 65 110 322 155 183 210 248 81 178 8 0
314 105 123 49 110 322 139 183 194 248 81 162 9 0
316 105 123 65 110 319 155 183 194 248 76 178 10 0
310 89 107 33 94 315 123 167 178 232 80 15000 11 0
Chip#1
319 105 107 49 110 318 139 167 194 248 84 162 0 58
318 105 123 49 110 315 155 183 194 248 85 178 1 0
314 105 123 49 110 318 139 183 210 248 84 178 2 0
313 105 107 49 94 319 139 167 194 248 82 162 3 0
316 105 123 65 110 319 155 183 194 264 80 178 4 0
322 105 123 49 110 319 155 183 210 264 88 178 5 0
317 121 139 65 126 323 155 183 210 264 85 178 6 0
314 121 123 65 110 323 155 183 210 264 81 178 7 0
316 105 123 49 110 319 139 167 194 248 82 162 8 0
314 105 107 49 94 315 139 167 194 248 80 162 9 0
322 121 123 65 110 329 155 183 210 264 87 178 10 0
307 105 107 49 110 309 139 167 194 248 77 15000 11 0
Chip#1
323 121 123 49 110 327 155 183 210 248 87 178 0 58
318 105 123 65 110 323 155 183 194 248 89 178 1 0
318 121 123 65 110 318 155 183 194 264 82 178 2 0
312 105 107 49 94 314 139 167 194 248 81 162 3 0
315 105 107 49 110 272 139 167 194 248 85 162 4 0
322 105 123 49 110 323 139 183 194 248 84 178 5 0
321 105 123 49 110 322 139 183 194 248 88 162 6 0
319 105 123 49 110 323 139 167 194 248 84 162 7 0
323 105 123 49 110 327 155 183 210 248 92 178 8 0
324 105 123 65 110 329 155 183 210 264 92 178 9 0
316 105 123 49 110 327 155 167 194 248 84 162 10 0
319 105 123 49 110 316 139 183 194 248 85 15000 11 0
Chip#1
317 105 107 33 94 319 139 167 194 232 82 162 0 59
312 105 107 33 94 315 123 167 178 232 77 162 1 0
318 105 107 49 110 322 139 167 194 248 85 162 2 0
308 89 107 33 94 256 123 167 178 232 80 146 3 0
313 121 123 65 110 316 155 183 210 264 87 178 4 0
318 105 123 49 110 322 139 183 194 248 81 162 5 0
322 105 123 49 110 318 139 183 194 248 84 162 6 0
318 121 123 65 110 330 155 183 210 264 88 178 7 0
317 121 123 49 110 318 155 183 194 248 84 178 8 0
318 105 123 49 110 317 139 167 194 248 78 162 9 0
313 105 123 49 110 316 139 167 194 248 76 178 10 0
316 105 123 49 110 320 139 183 194 248 84 15000 11 0
Chip#1
318 105 107 49 110 328 139 167 194 248 85 162 0 59
319 105 123 49 110 320 155 183 194 248 87 178 1 0
318 121 123 65 110 325 155 183 210 248 88 178 2 0
312 105 107 49 110 272 139 167 194 248 85 162 3 0
327 105 123 49 110 272 139 167 194 248 95 162 4 0
324 121 123 49 110 323 139 183 194 248 89 178 5 0
318 105 107 49 110 320 139 167 194 248 88 162 6 0
317 105 123 49 110 324 155 183 210 264 89 162 7 0
317 105 107 49 110 320 139 167 194 248 87 162 8 0
316 105 123 49 110 322 139 167 194 248 87 178 9 0
316 105 107 33 94 318 139 167 194 232 80 162 10 0
316 121 123 49 110 313 155 183 194 248 87 15000 11 0
Chip#1
322 105 107 49 110 319 139 183 194 248 88 162 0 59
323 121 123 65 126 322 155 183 210 248 88 178 1 0
324 105 123 49 110 324 155 183 194 264 91 178 2 0
324 121 123 65 126 325 155 183 210 264 96 178 3 0
327 121 123 65 126 327 155 183 210 264 93 178 4 0
326 121 123 49 110 327 155 183 210 248 91 178 5 0
318 105 107 49 110 320 139 167 194 248 82 162 6 0
316 105 123 49 110 323 155 183 194 248 87 162 7 0
319 105 123 49 110 322 139 183 194 248 87 162 8 0
313 105 107 49 94 317 139 167 194 248 74 162 9 0
316 121 123 49 110 323 139 183 210 248 84 178 10 0
314 105 123 49 110 315 139 183 194 248 84 15000 11 0
Chip#1
317 121 123 49 110 322 155 183 210 248 88 178 0 59
316 105 107 49 110 315 139 167 194 248 78 162 1 0
318 105 123 49 110 320 139 167 194 248 85 162 2 0
313 121 123 49 110 318 155 183 210 248 85 178 3 0
319 121 123 65 110 323 155 183 210 264 85 178 4 0
317 105 123 49 110 320 155 183 210 248 89 178 5 0
316 105 107 49 110 320 139 167 194 248 82 162 6 0
317 121 123 65 110 324 155 183 210 264 80 178 7 0
317 105 123 49 110 322 139 183 194 248 91 178 8 0
317 121 123 65 110 318 155 183 194 264 88 178 9 0
321 121 123 65 110 327 155 183 210 264 85 178 10 0
310 105 107 49 110 313 139 167 194 248 82 15000 11 0
Chip#1
317 121 123 65 126 318 155 183 210 264 92 178 0 60
319 121 123 49 110 320 139 183 210 264 87 178 1 0
314 105 107 49 110 318 139 167 194 248 85 162 2 0
317 121 123 65 110 319 139 183 194 248 82 162 3 0
321 121 123 65 110 323 155 183 210 264 88 178 4 0
310 105 123 49 110 317 139 167 194 248 81 162 5 0
316 105 123 49 110 322 155 183 194 264 84 178 6 0
313 105 123 65 126 319 155 183 210 248 84 178 7 0
317 105 107 49 110 318 155 183 194 248 80 162 8 0
316 105 107 49 110 319 139 167 194 248 81 162 9 0
313 105 123 65 110 322 155 183 194 248 81 178 10 0
321 105 123 49 110 272 139 183 194 248 89 15000 11 0
Chip#1
318 121 123 65 110 318 155 183 210 264 89 178 0 60
314 105 107 49 110 323 139 183 194 248 91 162 1 0
318 105 107 49 110 319 155 183 194 248 85 162 2 0
308 105 123 49 110 311 139 167 194 248 77 162 3 0
317 105 107 65 110 318 155 183 194 248 84 162 4 0
316 105 123 49 110 319 155 183 194 248 80 162 5 0
319 105 123 49 110 323 139 183 194 248 88 162 6 0
323 121 123 65 126 328 155 183 210 264 89 178 7 0
313 105 107 49 110 319 139 167 194 248 82 162 8 0
317 121 123 49 110 325 155 183 210 264 91 178 9 0
319 121 123 65 110 324 155 183 210 264 89 178 10 0
319 121 123 49 110 318 155 183 194 248 80 15000 11 0
Chip#1
314 105 123 49 110 322 139 183 194 248 85 162 0 60
318 105 123 49 110 318 139 183 194 248 84 178 1 0
319 105 123 49 110 317 155 183 194 248 84 162 2 0
311 105 107 33 94 314 123 167 178 232 80 162 3 0
314 121 123 65 110 320 155 183 210 264 81 178 4 0
313 105 123 49 110 317 155 183 210 248 81 162 5 0
318 105 123 65 110 315 155 183 210 248 88 178 6 0
313 105 123 65 110 318 155 183 210 248 82 162 7 0
307 105 107 49 110 315 139 167 194 248 80 162 8 0
321 105 107 49 110 272 139 167 194 232 85 162 9 0
322 121 123 65 126 324 155 183 210 264 85 178 10 0
316 105 123 49 110 324 139 167 194 248 85 15000 11 0
Chip#1
312 105 123 49 110 318 155 183 210 248 81 178 0 61
324 105 107 49 110 329 139 183 194 248 92 162 1 0
322 105 107 49 110 325 139 167 194 248 85 162 2 0
321 105 107 49 110 320 139 167 194 248 82 162 3 0
317 105 107 49 110 318 139 183 194 248 81 178 4 0
321 121 123 49 110 272 155 183 210 248 88 162 5 0
314 121 123 49 110 325 155 183 210 264 89 178 6 0
322 121 123 65 110 328 155 183 210 264 89 178 7 0
318 105 123 49 110 320 139 183 194 248 87 162 8 0
314 105 123 65 110 319 155 183 194 248 78 162 9 0
312 105 123 49 110 320 139 183 194 248 80 162 10 0
321 121 123 49 110 320 155 183 194 248 88 15000 11 0
Chip#1
318 105 107 49 110 320 139 167 194 248 82 162 0 61
323 105 123 49 110 327 155 183 194 248 93 178 1 0
322 121 123 65 126 322 155 183 210 264 87 178 2 0
316 105 123 49 110 315 139 183 194 248 80 162 3 0
318 121 123 65 110 322 155 183 210 264 87 178 4 0
317 105 123 65 110 319 155 183 194 248 85 162 5 0
314 105 123 49 110 318 139 183 194 248 81 178 6 0
317 105 107 49 110 322 155 167 194 248 84 162 7 0
317 105 107 49 110 317 139 167 194 248 77 162 8 0
314 105 107 49 110 318 139 167 178 248 80 162 9 0
312 105 107 49 110 318 139 183 194 248 77 178 10 0
312 105 123 49 110 311 139 167 194 248 76 15000 11 0
Chip#1
323 105 123 49 110 320 139 183 210 248 92 162 0 61
317 105 123 49 110 320 139 183 194 248 88 178 1 0
310 105 107 49 110 314 139 167 194 248 82 162 2 0
316 121 123 49 110 319 155 183 194 248 81 178 3 0
319 105 107 49 110 323 139 183 194 248 82 162 4 0
314 105 107 49 110 319 139 167 194 248 81 162 5 0
318 105 107 49 110 314 139 183 194 248 80 178 6 0
312 105 107 65 110 322 155 183 210 248 78 162 7 0
317 105 107 49 94 314 139 167 194 248 82 162 8 0
318 105 123 49 110 324 139 167 194 248 84 162 9 0
326 121 123 65 126 328 155 183 210 264 91 178 10 0
312 105 123 49 110 315 139 183 194 248 88 15000 11 0
Chip#1
317 121 123 65 126 328 155 183 210 248 95 178 0 62
311 105 107 49 110 310 139 167 194 248 78 162 1 0
316 105 107 49 110 320 139 167 194 248 82 162 2 0
317 121 123 49 110 320 139 183 194 248 88 162 3 0
323 121 123 65 110 324 155 183 210 264 89 178 4 0
318 121 123 49 110 318 155 183 194 248 84 178 5 0
319 121 123 65 110 327 155 183 194 264 88 178 6 0
317 105 123 65 110 324 155 167 210 248 85 162 7 0
319 105 123 49 126 322 155 183 210 248 85 162 8 0
312 105 123 49 110 315 139 167 194 248 77 162 9 0
323 121 139 65 110 328 155 183 210 264 89 178 10 0
317 105 123 49 110 320 155 183 194 248 82 15000 11 0
316 121 123 49 110 320 155 183 210 248 89 178 1 0
316 105 123 49 110 318 155 167 194 248 84 162 2 0
318 121 123 49 110 318 155 183 210 264 81 178 3 0
312 105 107 49 110 317 139 167 194 232 82 162 4 0
322 121 123 65 110 324 155 183 210 248 88 162 5 0
318 105 107 49 110 322 139 167 194 248 82 162 6 0
310 105 123 65 110 319 155 183 210 248 78 178 7 0
314 121 123 65 126 318 155 183 210 264 84 178 8 0
317 105 107 49 110 322 139 167 194 248 77 162 9 0
313 121 123 65 126 322 155 183 210 264 78 178 10 0
318 105 123 49 110 315 155 183 194 248 84 15000 11 0
Chip#1
319 105 123 49 110 322 139 183 194 248 88 162 0 62
312 105 107 49 110 311 139 167 194 248 80 162 1 0
319 105 107 49 110 318 155 183 194 264 85 162 2 0
314 121 123 49 110 319 155 167 194 264 84 162 3 0
314 121 123 65 110 322 155 183 210 264 87 178 4 0
314 105 107 49 110 317 139 167 194 248 78 162 5 0
319 105 123 49 110 320 155 183 210 248 84 178 6 0
314 105 123 65 110 324 155 183 210 248 84 178 7 0
321 105 107 49 110 319 139 167 194 248 82 162 8 0
312 105 107 49 110 319 139 167 194 248 78 162 9 0
317 105 123 49 110 324 139 183 194 248 87 162 10 0
317 105 107 49 110 317 139 167 194 248 80 15000 11 0
Chip#1
322 105 123 49 110 324 139 183 194 248 88 162 0 62
314 105 107 49 94 314 139 167 194 248 84 162 1 0
319 105 107 49 110 320 139 183 194 248 92 162 2 0
322 121 123 65 126 323 155 183 210 248 84 178 3 0
313 105 123 65 110 319 155 183 210 264 80 162 4 0
318 121 123 49 110 323 155 183 194 248 78 178 5 0
321 121 123 65 110 322 155 183 194 248 87 178 6 0
319 121 123 65 110 328 155 167 194 248 84 162 7 0
316 105 123 49 110 320 155 183 194 248 87 162 8 0
319 105 123 49 110 324 155 183 210 248 84 162 9 0
317 105 123 49 110 322 139 167 194 248 81 162 10 0
319 105 123 49 110 318 139 183 194 248 87 15000 11 0
Chip#1
314 105 123 49 110 316 139 183 194 248 82 178 0 63
317 121 123 49 110 322 155 183 210 264 89 178 1 0
323 121 123 65 126 329 155 183 210 264 95 178 2 0
317 105 123 49 110 322 155 183 194 248 87 162 3 0
317 105 123 65 110 327 155 183 210 264 89 162 4 0
319 121 123 65 126 322 155 183 210 264 78 178 5 0
321 121 123 65 110 320 155 183 210 248 88 178 6 0
317 121 123 65 110 329 155 183 210 264 91 178 7 0
318 105 123 49 110 319 139 183 194 248 82 178 8 0
321 105 123 49 110 323 139 167 194 248 84 162 9 0
313 105 123 65 110 328 155 183 194 248 87 178 10 0
321 105 123 49 110 322 139 183 194 248 85 15000 11 0
Chip#1
328 105 123 49 126 324 155 183 210 248 91 178 0 63
312 105 123 49 110 315 139 183 194 248 80 178 1 0
321 105 123 49 110 322 139 167 194 248 87 162 2 0
318 121 123 65 126 323 155 199 210 264 88 178 3 0
328 105 123 49 110 333 155 167 194 248 92 162 4 0
322 121 123 49 110 322 139 183 194 248 84 162 5 0
314 105 107 49 110 320 139 183 194 248 80 162 6 0
321 105 123 65 110 323 155 183 194 248 88 178 7 0
314 105 107 49 110 320 139 167 194 248 84 162 8 0
319 105 107 49 110 319 139 167 194 248 78 162 9 0
313 105 107 49 110 319 139 167 194 248 84 162 10 0
321 121 123 49 110 318 139 183 194 248 82 15000 11 0
Chip#1
319 105 123 49 110 322 155 183 194 248 87 178 0 63
318 121 123 49 110 315 155 183 194 248 84 178 1 0
316 105 107 49 110 313 139 167 194 248 76 162 2 0
316 121 123 65 110 322 155 183 210 264 87 178 3 0
324 121 123 65 110 329 155 183 194 264 91 178 4 0
318 105 107 49 110 320 139 167 194 248 89 162 5 0
307 105 107 49 110 315 139 167 194 248 81 162 6 0
319 105 123 65 110 323 155 183 210 264 84 178 7 0
319 105 107 49 110 317 139 167 194 248 82 162 8 0
321 105 123 65 110 324 155 183 194 248 85 178 9 0
316 105 123 65 110 324 155 183 194 248 80 178 10 0
317 105 123 49 110 320 139 167 194 248 84 15000 11 0
Chip#1
316 105 123 49 110 272 139 183 194 248 91 178 0 63
313 105 107 49 94 317 139 167 194 248 80 162 1 0
313 121 123 49 110 316 139 183 194 248 84 162 2 0
319 121 123 65 110 325 139 183 210 264 93 178 3 0
314 105 107 49 110 315 155 167 194 248 77 162 4 0
317 105 123 49 110 317 139 183 194 248 80 162 5 0
314 121 123 65 110 320 155 183 210 248 77 162 6 0
318 121 123 65 126 325 155 183 210 264 85 178 7 0
314 105 123 49 110 318 155 183 194 248 77 162 8 0
326 121 123 49 110 323 155 183 194 264 89 178 9 0
323 121 123 65 126 320 155 183 194 248 85 178 10 0
313 121 123 49 110 317 139 183 194 248 77 15000 11 0
Chip#1
323 105 123 49 110 325 139 183 194 248 89 178 0 64
329 121 123 65 126 332 155 199 210 264 98 178 1 0
316 105 107 49 110 319 139 183 194 248 81 162 2 0
321 121 123 65 110 328 155 183 210 264 89 178 3 0
316 121 123 65 110 322 155 183 194 264 87 178 4 0
326 121 123 65 110 328 155 183 194 248 91 178 5 0
319 105 123 49 110 328 155 183 194 248 89 178 6 0
312 121 123 65 110 324 155 183 210 264 84 178 7 0
321 121 123 49 110 323 155 183 194 248 87 162 8 0
318 105 123 49 110 323 139 167 194 248 87 162 9 0
317 105 123 49 110 323 139 183 194 248 88 162 10 0
316 121 123 65 110 319 155 183 194 248 81 15000 11 0
Chip#1
317 105 123 49 110 320 139 167 194 248 87 162 0 64
316 105 123 49 110 322 139 183 194 248 91 178 1 0
314 105 107 49 110 322 139 167 194 248 81 162 2 0
312 121 123 49 110 319 155 183 210 248 82 178 3 0
318 105 123 65 110 329 155 183 210 248 85 162 4 0
314 105 123 49 110 319 155 183 194 248 82 178 5 0
316 121 123 65 126 323 155 183 210 264 80 178 6 0
316 121 123 65 110 324 155 183 210 248 87 178 7 0
316 105 123 65 110 318 139 183 210 248 80 178 8 0
316 105 123 49 110 322 139 167 194 248 81 162 9 0
316 121 123 65 110 322 155 183 210 248 88 178 10 0
321 121 123 49 110 320 155 183 210 264 87 15000 11 0
Chip#1
313 105 107 49 110 315 139 183 194 248 82 178 0 64
318 121 123 65 110 322 155 183 210 264 89 178 1 0
322 121 123 65 126 324 155 183 210 264 92 178 2 0
318 121 123 65 110 327 155 183 210 264 87 178 3 0
313 105 107 49 110 319 139 167 194 248 87 162 4 0
321 121 123 65 110 323 139 167 194 264 84 178 5 0
316 105 107 65 110 315 139 167 194 248 82 162 6 0
311 105 107 49 110 322 139 167 194 248 80 162 7 0
310 105 107 49 110 314 139 167 194 248 74 162 8 0
314 105 107 49 94 318 139 167 194 248 76 162 9 0
313 105 123 49 110 318 155 167 210 248 77 162 10 0
313 105 107 49 110 315 139 183 194 248 78 15000 11 0
Chip#1
308 105 123 49 110 310 139 183 194 248 74 162 0 65
316 121 123 65 126 322 155 183 210 264 81 178 1 0
321 105 123 49 110 323 139 183 210 248 88 178 2 0
316 121 123 65 126 323 155 183 210 264 82 178 3 0
308 105 123 49 110 315 139 167 210 248 78 162 4 0
311 105 107 49 94 320 139 167 194 248 80 162 5 0
316 121 123 65 110 322 155 183 194 248 82 178 6 0
312 121 123 65 110 318 155 183 210 264 80 178 7 0
322 105 123 49 110 324 155 183 194 248 92 162 8 0
321 105 123 49 110 328 155 183 194 248 84 162 9 0
318 105 123 65 110 322 155 183 210 248 80 178 10 0
324 105 123 49 110 324 139 183 194 248 88 15000 11 0
Chip#1
312 105 107 65 110 319 139 183 194 248 78 162 0 65
316 105 123 49 110 323 155 183 194 248 85 178 1 0
322 121 123 65 110 329 155 183 210 264 88 178 2 0
318 105 107 49 110 323 139 183 194 248 85 162 3 0
323 105 123 65 110 329 139 183 210 264 88 162 4 0
310 121 123 65 110 318 155 183 194 248 82 178 5 0
321 105 123 49 110 320 139 167 194 248 81 162 6 0
313 121 123 65 110 315 155 183 210 264 76 178 7 0
317 121 123 49 110 319 155 183 194 248 91 178 8 0
318 105 107 49 110 319 139 167 194 248 81 162 9 0
321 105 123 49 110 327 155 183 194 248 87 162 10 0
322 121 123 65 110 316 139 183 194 248 84 15000 11 0
Chip#1
312 121 123 65 126 315 155 183 210 248 84 178 0 65
324 121 123 65 126 329 155 183 210 264 99 178 1 0
319 121 123 65 110 327 155 183 210 264 89 162 2 0
317 105 107 49 110 319 139 167 194 248 80 162 3 0
314 105 123 49 110 317 139 167 194 264 85 162 4 0
319 105 123 49 110 318 155 183 194 248 89 162 5 0
316 105 123 49 110 324 139 167 194 248 87 162 6 0
314 121 123 65 110 324 155 183 210 264 82 178 7 0
316 121 123 49 110 320 139 183 194 248 87 178 8 0
323 121 123 65 110 327 155 183 210 264 91 178 9 0
316 105 123 49 110 322 139 183 194 248 80 162 10 0
318 121 123 49 110 311 155 183 194 248 81 15000 11 0
Chip#1
313 105 123 49 110 317 139 183 194 248 87 178 0 66
317 121 123 49 110 324 139 183 194 264 87 178 1 0
318 121 123 65 110 320 155 183 210 264 87 178 2 0
312 121 123 49 110 320 139 183 194 248 87 178 3 0
317 105 123 65 110 322 155 183 194 264 85 162 4 0
321 105 107 49 110 319 139 167 194 248 80 162 5 0
316 105 107 49 110 322 139 183 194 248 87 162 6 0
319 121 123 65 110 328 155 183 210 248 85 162 7 0
317 121 123 65 110 315 155 183 210 248 78 162 8 0
321 105 123 65 110 322 155 183 194 248 87 178 9 0
319 121 123 65 126 327 155 183 210 248 89 178 10 0
310 105 123 49 110 313 139 183 194 248 78 15000 11 0
Chip#1
322 121 123 65 110 323 155 183 210 248 81 162 0 66
322 121 123 49 110 323 139 183 194 248 85 178 1 0
316 105 107 49 110 318 139 183 194 248 85 178 2 0
323 121 123 65 126 328 155 199 210 264 93 178 3 0
318 121 123 65 110 327 155 183 210 264 89 178 4 0
317 121 123 49 110 324 155 183 194 248 81 178 5 0
321 105 123 49 110 324 139 183 194 248 88 178 6 0
323 105 123 49 110 328 155 183 210 248 92 162 7 0
317 105 123 49 110 318 139 167 194 248 85 162 8 0
322 121 123 65 110 324 155 183 210 264 89 178 9 0
314 121 123 49 110 325 139 183 194 248 85 178 10 0
314 121 123 49 110 311 139 183 210 248 82 15000 11 0
Chip#1
321 121 123 65 126 320 155 183 210 264 91 178 0 66
318 105 107 49 94 256 139 167 194 232 84 162 1 0
322 121 123 65 110 327 155 183 210 264 88 178 2 0
312 105 107 49 110 319 139 167 194 248 80 162 3 0
317 105 107 49 110 318 139 167 194 248 82 162 4 0
321 105 107 49 110 322 139 167 194 248 85 162 5 0
311 105 123 49 110 319 139 167 194 248 82 162 6 0
313 121 123 65 126 320 155 183 210 264 85 162 7 0
314 105 107 49 110 320 139 167 194 248 87 162 8 0
319 105 123 49 110 272 139 167 194 248 82 162 9 0
323 121 123 65 110 325 155 183 210 264 81 178 10 0
318 121 123 49 110 324 139 183 194 248 89 15000 11 0
Chip#1
323 121 123 65 126 323 155 183 210 264 93 178 0 67
323 105 123 49 110 272 155 183 194 248 89 162 1 0
322 121 123 65 110 330 155 183 210 248 95 178 2 0
314 105 107 49 110 322 139 183 194 248 87 162 3 0
310 105 123 49 110 319 139 183 194 248 82 162 4 0
319 105 123 49 110 324 155 183 194 248 85 178 5 0
318 105 107 49 110 323 139 167 194 248 82 162 6 0
316 105 123 65 110 320 155 167 210 248 78 162 7 0
322 121 123 65 110 325 155 183 210 264 93 178 8 0
317 105 123 49 110 319 155 167 194 248 81 162 9 0
322 121 123 49 110 325 155 183 194 248 85 178 10 0
318 105 123 49 110 318 155 183 194 248 88 15000 11 0
Chip#1
322 121 123 65 126 323 155 183 210 264 85 178 0 67
319 105 123 49 110 319 139 183 194 248 87 178 1 0
317 105 107 49 110 318 139 167 194 248 82 162 2 0
317 121 123 65 126 325 155 183 210 264 85 178 3 0
317 121 123 65 110 322 155 183 210 264 87 178 4 0
316 105 107 49 110 272 139 167 194 248 82 162 5 0
321 121 123 49 110 323 155 183 210 264 82 178 6 0
312 121 123 65 110 319 155 183 210 264 78 178 7 0
312 105 123 49 110 316 139 183 194 248 82 162 8 0
317 105 123 65 110 323 155 183 210 248 88 178 9 0
321 121 123 65 110 328 155 183 210 248 85 178 10 0
317 105 107 49 110 319 139 167 194 248 85 15000 11 0
Chip#1
318 121 123 65 126 318 155 183 210 248 85 178 0 67
322 105 123 49 110 272 139 167 194 248 93 178 1 0
318 121 123 65 110 324 139 183 194 248 92 178 2 0
316 105 123 49 110 322 139 183 210 248 87 162 3 0
319 121 123 65 110 324 155 183 210 264 87 178 4 0
321 121 123 65 110 319 139 183 194 264 89 178 5 0
314 105 107 49 94 317 139 167 194 248 81 162 6 0
314 121 123 65 110 325 155 183 210 248 87 178 7 0
321 105 123 49 110 320 139 167 194 248 82 178 8 0
322 121 123 65 126 324 155 183 210 264 87 178 9 0
319 121 123 65 110 327 155 183 210 248 82 178 10 0
318 105 123 49 110 317 139 183 194 248 84 15000 11 0
Chip#1
313 121 123 65 110 324 155 183 210 248 89 178 0 68
317 105 107 49 110 320 139 167 194 248 82 162 1 0
313 105 123 49 110 318 155 183 194 248 82 162 2 0
317 105 123 65 110 323 139 183 194 248 87 178 3 0
313 121 123 65 110 322 155 183 210 264 82 178 4 0
323 121 123 65 126 332 155 183 210 264 95 178 5 0
324 121 123 65 110 320 139 183 210 248 85 178 6 0
316 105 123 65 110 320 155 167 210 248 85 162 7 0
318 121 123 49 110 324 139 183 194 248 87 162 8 0
310 89 107 49 94 314 123 167 178 232 73 162 9 0
324 105 123 49 110 327 155 167 194 248 85 162 10 0
321 105 107 49 110 319 139 183 194 248 81 15000 11 0
Chip#1
316 105 123 49 110 319 139 183 194 248 85 162 0 68
322 121 123 65 126 322 155 183 210 248 88 178 1 0
322 121 123 65 110 322 155 183 210 264 88 178 2 0
319 105 123 49 110 323 139 183 210 264 85 178 3 0
314 121 123 65 110 317 155 183 210 264 87 178 4 0
311 105 123 65 110 318 155 183 194 264 78 178 5 0
322 121 123 65 126 325 155 183 210 264 82 178 6 0
316 105 123 49 110 272 155 167 194 248 85 162 7 0
318 105 107 49 110 323 139 167 194 248 87 162 8 0
314 105 107 65 110 318 139 183 194 248 81 162 9 0
308 105 123 49 110 319 139 167 194 248 74 162 10 0
321 105 107 49 110 319 139 167 194 248 82 15000 11 0
Chip#1
324 121 123 65 110 318 139 183 194 248 89 178 0 68
317 105 123 49 110 324 139 183 194 248 89 178 1 0
327 121 123 65 110 333 155 183 210 264 93 178 2 0
317 121 123 49 110 320 155 183 194 248 84 178 3 0
322 105 123 65 110 324 155 183 194 264 88 162 4 0
311 105 107 49 110 317 139 167 194 248 82 162 5 0
321 121 123 65 126 328 155 183 210 264 85 178 6 0
321 105 123 65 110 320 155 183 210 264 88 178 7 0
321 105 123 65 110 322 139 183 194 248 87 162 8 0
317 105 123 65 110 319 155 183 210 248 82 178 9 0
318 121 123 65 110 322 155 183 210 248 82 178 10 0
319 121 123 65 126 323 155 183 210 264 84 15000 11 0
Chip#1
328 121 123 49 110 324 155 183 194 248 87 178 0 69
322 105 123 65 110 328 155 183 210 248 89 178 1 0
326 121 123 65 126 325 155 183 210 264 91 178 2 0
319 105 107 49 110 323 139 167 194 248 84 162 3 0
316 105 107 49 110 323 139 167 194 248 88 162 4 0
319 105 107 49 110 318 139 167 194 248 81 162 5 0
318 121 123 65 110 327 139 167 194 248 88 162 6 0
316 105 107 49 110 324 155 167 194 248 82 162 7 0
321 121 123 49 110 319 139 183 194 248 87 178 8 0
316 105 107 49 110 322 139 183 194 248 78 162 9 0
316 121 123 49 110 324 139 183 194 248 80 162 10 0
318 121 123 49 110 319 155 183 210 248 84 15000 11 0
317 105 107 49 110 323 139 167 194 248 85 162 1 0
318 121 123 65 126 323 155 183 210 264 85 178 2 0
322 121 123 49 110 322 155 183 194 264 87 178 3 0
324 121 123 65 110 328 155 183 210 264 88 178 4 0
316 105 107 49 110 322 139 167 194 232 81 162 5 0
318 105 123 49 110 320 139 183 210 248 78 162 6 0
310 105 107 49 94 319 123 167 194 232 82 162 7 0
316 121 123 65 126 316 155 183 210 264 77 178 8 0
312 105 107 49 110 315 139 167 194 248 76 162 9 0
314 105 123 49 110 324 139 183 194 248 84 162 10 0
326 121 139 65 126 330 155 183 210 264 85 15000 11 0
Chip#1
318 121 123 49 110 318 139 183 194 248 88 178 0 69
321 105 123 49 110 320 155 183 210 248 85 178 1 0
321 121 123 65 110 325 155 183 210 264 89 178 2 0
317 121 123 49 110 325 139 183 194 248 87 178 3 0
317 105 123 65 110 323 155 167 194 264 78 178 4 0
321 105 107 49 110 319 139 167 194 248 80 162 5 0
319 105 107 49 94 320 139 167 194 232 80 162 6 0
312 105 107 49 110 322 155 183 194 248 78 162 7 0
322 121 123 49 126 322 155 183 194 248 87 178 8 0
317 121 123 65 110 324 155 183 210 248 84 162 9 0
316 105 107 49 110 322 139 183 194 248 82 162 10 0
313 105 107 49 110 319 139 183 194 248 85 15000 11 0
Chip#1
323 121 123 65 110 325 155 183 210 264 89 178 0 69
316 105 123 49 110 316 155 183 194 248 80 178 1 0
319 121 123 65 126 320 155 183 210 264 87 178 2 0
310 121 123 49 110 313 139 183 194 248 77 162 3 0
318 121 123 65 110 322 155 183 210 264 84 178 4 0
321 105 123 49 110 320 139 167 194 248 87 162 5 0
317 121 123 65 126 320 155 183 210 264 81 178 6 0
318 105 107 49 110 320 139 183 194 248 82 162 7 0
323 121 123 65 126 320 155 183 210 264 87 178 8 0
324 105 123 65 110 323 155 183 210 264 89 178 9 0
319 121 123 65 110 327 155 183 210 248 87 178 10 0
313 105 107 49 110 313 139 167 194 248 70 15000 11 0
Chip#1
317 105 123 65 110 324 139 183 194 248 88 162 0 70
324 105 123 49 110 325 139 183 210 248 91 162 1 0
319 105 123 49 110 322 139 167 194 248 95 178 2 0
311 105 123 49 110 316 139 183 194 248 81 178 3 0
321 121 139 65 126 323 155 183 210 264 87 178 4 0
321 121 123 49 110 323 139 183 194 248 87 178 5 0
319 105 123 49 110 315 139 167 194 248 84 162 6 0
315 105 107 49 110 319 139 167 194 248 81 162 7 0
317 105 123 49 110 322 139 183 194 248 85 178 8 0
312 105 123 65 110 314 155 183 194 248 84 178 9 0
311 105 123 65 110 314 155 183 210 248 74 178 10 0
312 105 107 49 110 318 139 167 194 248 84 15000 11 0
Chip#1
313 105 123 49 110 318 139 183 194 248 78 178 0 70
324 105 123 65 110 318 155 183 210 248 89 178 1 0
321 121 123 65 126 319 155 183 210 264 89 178 2 0
316 121 123 65 126 325 155 183 210 264 81 178 3 0
316 121 123 65 110 325 155 183 210 248 84 178 4 0
312 105 123 49 110 315 139 167 194 248 76 162 5 0
318 121 123 49 110 319 139 167 194 248 81 178 6 0
317 105 107 49 94 318 139 167 194 232 81 162 7 0
319 105 123 49 110 320 139 183 194 248 88 178 8 0
316 105 107 49 94 320 139 167 194 248 81 162 9 0
318 105 123 49 110 322 155 167 194 248 82 162 10 0
311 105 107 49 110 308 139 167 194 248 77 15000 11 0
Chip#1
317 121 123 65 126 320 155 183 210 264 89 178 0 70
314 105 123 49 110 316 139 183 194 248 82 162 1 0
317 121 123 65 126 328 155 183 210 264 85 178 2 0
314 105 123 49 110 324 139 183 194 248 85 162 3 0
322 121 123 65 110 322 155 183 210 248 88 178 4 0
314 105 123 65 110 319 155 183 194 248 84 178 5 0
318 121 123 65 110 322 155 183 210 264 87 178 6 0
314 105 107 49 110 323 155 167 194 264 88 162 7 0
317 105 107 49 110 318 139 167 194 248 84 178 8 0
317 105 107 49 110 323 139 183 210 248 89 178 9 0
308 105 123 49 110 315 139 183 194 248 80 162 10 0
313 105 107 49 110 315 139 167 194 248 81 15000 11 0
Chip#1
314 121 123 65 110 315 155 183 210 264 84 178 0 71
316 105 107 49 110 322 139 183 194 248 82 178 1 0
315 105 107 49 94 315 139 167 194 232 80 162 2 0
321 105 123 49 110 325 155 183 194 248 88 178 3 0
314 105 123 65 110 324 155 183 210 264 89 178 4 0
319 121 123 65 110 322 155 183 210 248 84 178 5 0
321 121 123 65 126 322 155 183 210 264 84 178 6 0
316 105 123 65 110 320 139 183 194 248 82 162 7 0
310 105 123 49 110 314 139 167 194 248 73 162 8 0
317 105 123 65 110 323 155 183 194 248 85 162 9 0
314 105 107 49 110 323 139 167 194 248 84 162 10 0
316 121 123 65 126 325 155 183 210 264 91 15000 11 0
Chip#1
322 121 123 65 110 318 155 183 194 248 85 178 0 71
314 105 107 49 110 315 139 183 194 248 81 162 1 0
318 105 123 49 110 327 155 183 194 248 89 178 2 0
327 121 123 65 126 329 155 183 210 264 96 178 3 0
319 105 123 49 110 324 139 167 194 248 91 162 4 0
316 105 123 65 110 319 155 183 194 248 84 178 5 0
316 105 123 49 110 318 139 183 194 248 82 162 6 0
313 105 107 49 110 319 139 167 194 232 74 162 7 0
316 105 107 49 110 318 139 167 194 248 81 162 8 0
314 105 123 65 110 320 155 183 194 248 80 178 9 0
318 105 123 49 110 320 155 183 194 248 81 178 10 0
318 105 107 49 110 317 139 183 194 248 84 15000 11 0
Chip#1
306 105 123 49 110 311 155 183 210 248 80 162 0 71
316 105 123 49 110 318 155 183 194 248 81 178 1 0
318 105 123 49 110 318 139 167 194 248 87 162 2 0
312 105 107 49 94 317 139 167 194 232 80 162 3 0
317 105 123 65 110 318 155 183 194 264 80 178 4 0
318 121 123 49 110 323 155 183 194 248 82 178 5 0
323 121 123 49 110 328 139 183 194 248 85 178 6 0
324 121 123 65 110 327 155 183 210 248 84 178 7 0
318 105 123 49 110 318 139 167 194 248 81 162 8 0
318 105 123 49 110 319 139 183 194 248 85 178 9 0
319 121 123 65 126 323 155 183 210 264 85 178 10 0
323 121 139 65 126 318 155 199 210 264 82 15000 11 0
Chip#1
316 121 123 65 126 319 155 183 210 264 91 178 0 71
318 105 123 49 110 318 155 183 194 248 85 178 1 0
322 121 123 65 110 325 155 183 194 248 89 178 2 0
319 121 123 65 110 323 155 183 210 248 88 178 3 0
318 105 123 65 110 322 155 183 210 248 89 178 4 0
321 105 123 49 110 323 139 183 194 248 84 178 5 0
322 105 123 49 110 272 139 183 194 248 87 178 6 0
322 121 123 65 126 325 155 183 210 264 88 178 7 0
311 105 123 49 110 318 139 167 194 248 80 162 8 0
317 105 123 49 110 320 139 167 194 248 84 162 9 0
317 105 123 49 110 319 139 183 194 248 80 178 10 0
321 105 107 49 110 319 139 167 194 248 85 15000 11 0
Chip#1
321 105 123 49 110 318 139 183 194 248 91 178 0 72
322 121 123 65 126 324 155 183 210 264 92 178 1 0
316 105 123 49 110 320 139 183 194 248 89 178 2 0
319 121 123 65 110 328 155 183 194 264 95 162 3 0
314 105 107 49 110 318 139 167 194 248 82 162 4 0
322 105 123 65 110 325 155 183 194 248 87 178 5 0
322 121 123 65 126 319 155 183 210 264 85 178 6 0
318 105 123 65 110 320 155 183 210 248 84 162 7 0
317 105 123 49 126 318 155 183 194 248 85 178 8 0
312 105 123 65 110 318 155 183 194 248 78 178 9 0
321 121 123 65 110 322 155 183 210 248 89 178 10 0
317 121 139 65 126 315 155 199 210 264 81 15000 11 0
Chip#1
318 105 123 49 110 322 139 167 194 248 87 162 0 72
314 105 123 65 110 318 139 183 210 248 87 178 1 0
311 105 107 49 110 313 139 183 194 248 80 162 2 0
317 121 123 65 126 320 155 183 210 264 89 178 3 0
318 105 123 49 110 322 155 183 210 248 88 162 4 0
316 105 123 49 110 317 139 183 194 248 84 162 5 0
314 121 123 65 110 319 155 183 194 264 84 178 6 0
326 121 123 65 110 325 155 183 210 264 95 178 7 0
327 121 123 65 126 327 155 199 210 264 93 178 8 0
327 105 123 65 110 330 155 183 210 248 95 178 9 0
314 105 123 49 110 322 155 183 194 248 84 162 10 0
316 105 123 49 110 318 155 183 194 248 88 15000 11 0
Chip#1
323 121 123 65 126 322 155 183 210 264 89 178 0 72
316 121 123 65 110 320 155 183 194 248 85 178 1 0
319 105 123 49 126 322 139 183 194 248 88 178 2 0
316 105 107 49 94 318 139 167 194 248 82 162 3 0
319 105 123 65 110 324 139 183 194 248 89 178 4 0
318 121 123 65 126 319 155 183 210 264 89 178 5 0
319 121 123 65 110 319 155 183 210 248 87 178 6 0
314 105 123 49 110 324 139 183 194 248 80 162 7 0
311 105 123 49 110 314 139 183 194 248 80 162 8 0
314 105 123 49 110 320 139 183 194 248 82 178 9 0
314 105 123 49 110 319 155 183 210 248 82 162 10 0
321 121 123 65 110 319 139 183 210 248 85 15000 11 0
Chip#1
318 105 123 49 110 317 139 183 194 248 87 162 0 73
321 121 123 65 126 320 139 183 210 248 92 178 1 0
323 105 107 49 110 323 139 167 194 248 88 178 2 0
316 121 123 65 126 318 155 183 210 264 87 178 3 0
313 105 123 65 110 316 155 183 210 248 77 178 4 0
319 121 123 65 126 327 139 183 210 264 87 178 5 0
317 105 107 49 110 318 139 167 194 248 84 162 6 0
312 121 123 65 110 318 155 183 210 264 81 178 7 0
319 105 123 49 110 322 139 183 194 248 87 178 8 0
317 105 123 65 110 324 155 183 194 248 89 162 9 0
319 105 123 49 110 272 155 183 194 248 91 162 10 0
316 105 123 49 110 317 155 183 194 248 81 15000 11 0
Chip#1
318 121 123 65 110 323 155 183 210 264 88 178 0 73
316 105 107 49 110 322 139 167 194 248 88 162 1 0
310 105 107 49 110 311 139 167 194 248 82 162 2 0
317 121 123 49 110 320 139 183 194 248 85 178 3 0
310 121 123 65 110 315 139 183 194 248 78 178 4 0
317 105 123 49 110 315 139 183 194 248 82 178 5 0
324 105 123 49 110 325 139 167 194 248 93 162 6 0
318 105 123 65 110 320 155 183 210 248 84 178 7 0
313 105 107 49 110 318 139 167 194 248 80 162 8 0
317 121 123 65 110 324 155 183 210 264 82 178 9 0
318 121 123 65 110 325 155 183 210 264 89 178 10 0
322 121 123 65 110 323 155 183 194 264 91 15000 11 0
Chip#1
322 121 123 49 110 322 139 183 194 248 88 178 0 73
319 121 123 65 110 319 155 183 210 248 88 178 1 0
316 121 123 65 126 319 155 183 210 264 85 178 2 0
323 105 123 49 110 323 139 183 194 248 92 162 3 0
321 121 139 65 126 328 155 183 210 264 91 178 4 0
316 105 123 49 110 319 155 183 194 248 80 178 5 0
316 105 123 49 110 317 139 167 194 248 82 162 6 0
311 105 107 65 110 316 155 167 194 248 80 162 7 0
314 105 123 65 126 315 155 183 194 248 78 178 8 0
313 105 123 49 110 320 139 167 194 248 80 162 9 0
317 105 107 49 110 323 139 167 194 248 78 162 10 0
313 105 107 49 110 313 139 167 194 248 77 15000 11 0
Chip#1
318 121 123 65 126 322 155 183 210 264 89 178 0 74
316 121 123 49 110 319 155 183 210 248 88 178 1 0
324 121 123 49 126 324 155 183 210 264 89 178 2 0
316 121 123 65 110 324 155 183 210 248 84 178 3 0
311 105 107 49 110 320 139 167 194 248 80 162 4 0
318 121 139 65 110 323 155 183 210 264 82 178 5 0
316 105 123 49 110 320 139 167 194 248 82 162 6 0
312 105 107 49 110 319 139 167 194 248 77 162 7 0
319 105 107 49 110 318 139 167 194 248 82 162 8 0
310 105 107 49 110 317 139 167 194 232 77 162 9 0
314 105 123 49 110 319 139 183 194 248 82 178 10 0
317 121 123 65 126 315 139 183 210 248 87 15000 11 0
Chip#1
319 105 123 49 110 325 155 183 194 248 85 178 0 74
312 89 107 33 94 315 139 167 194 232 85 162 1 0
326 105 123 49 110 328 139 183 210 248 98 178 2 0
315 105 107 49 110 318 123 167 194 232 84 162 3 0
322 105 107 65 110 324 155 183 210 248 84 178 4 0
326 105 123 65 126 319 155 183 210 248 82 178 5 0
314 121 123 65 110 320 155 183 210 264 80 178 6 0
314 105 123 65 110 316 155 183 194 248 80 178 7 0
319 105 123 49 110 322 139 183 194 248 85 162 8 0
316 105 107 49 110 311 139 167 194 232 74 162 9 0
321 105 123 49 110 323 139 167 194 248 80 162 10 0
318 105 107 49 110 314 139 167 194 248 84 15000 11 0
Chip#1
321 121 123 49 110 323 155 183 210 264 91 178 0 74
319 121 123 65 126 324 155 183 210 264 91 178 1 0
319 105 123 49 110 323 139 183 194 248 92 162 2 0
312 121 123 49 110 320 139 183 194 248 85 178 3 0
314 105 123 49 110 323 139 167 194 248 88 162 4 0
322 121 123 65 126 323 155 199 210 264 87 178 5 0
323 105 123 49 110 325 139 183 194 248 89 162 6 0
318 105 107 49 110 322 139 167 194 248 88 162 7 0
314 105 123 49 110 315 139 183 210 248 82 162 8 0
317 105 107 49 94 318 139 167 194 232 78 162 9 0
314 105 123 49 110 320 139 167 194 248 82 162 10 0
317 105 107 49 110 322 139 167 194 248 82 15000 11 0
Chip#1
317 121 123 65 110 322 139 183 210 248 89 178 0 74
313 105 123 49 110 316 155 183 194 248 81 178 1 0
317 105 107 49 94 317 139 167 194 248 80 162 2 0
322 121 123 65 110 327 155 183 194 248 89 178 3 0
318 121 123 65 110 316 155 183 210 264 88 162 4 0
322 105 107 49 110 322 139 183 194 248 84 162 5 0
322 105 123 49 110 322 139 167 194 248 89 178 6 0
316 121 123 65 110 323 155 183 210 264 92 178 7 0
321 105 123 49 110 322 139 183 194 248 87 162 8 0
312 105 123 49 110 311 139 167 194 248 78 162 9 0
317 105 123 49 110 316 139 167 194 248 88 162 10 0
314 105 123 49 110 315 139 183 194 248 82 15000 11 0
Chip#1
323 105 107 49 110 320 139 167 194 248 93 162 0 75
322 105 123 49 110 315 139 183 194 248 87 178 1 0
318 121 123 49 110 323 155 183 210 248 91 178 2 0
317 105 123 49 110 319 155 183 194 248 87 178 3 0
318 105 123 65 110 325 155 183 210 248 91 178 4 0
318 121 123 65 110 323 155 183 210 248 85 178 5 0
322 105 123 65 110 327 139 183 194 248 85 178 6 0
308 89 107 49 94 310 139 167 178 232 74 146 7 0
314 105 123 49 110 318 139 183 194 248 84 162 8 0
318 121 123 65 110 320 155 183 194 248 85 162 9 0
314 105 123 49 110 319 155 183 194 248 88 162 10 0
317 121 123 65 126 322 155 183 210 248 91 15000 11 0
322 105 123 49 110 322 155 183 194 248 87 162 1 0
322 121 123 65 126 316 155 183 210 264 85 178 2 0
322 121 123 65 110 322 139 183 210 248 91 178 3 0
319 105 107 49 110 318 139 167 194 248 88 162 4 0
317 105 107 33 94 322 139 167 194 248 89 162 5 0
323 105 123 49 110 320 155 167 194 248 84 162 6 0
316 105 123 49 110 322 155 183 210 248 84 162 7 0
318 105 107 49 110 318 139 183 194 248 85 178 8 0
312 89 107 49 94 310 139 167 178 232 71 162 9 0
319 105 107 49 110 322 139 167 194 248 81 162 10 0
314 105 107 49 110 314 139 167 194 248 78 15000 11 0
Chip#1
316 105 123 49 110 319 139 167 194 248 85 162 0 75
313 105 107 49 110 318 139 167 194 248 82 162 1 0
316 121 123 65 110 314 155 183 210 264 84 178 2 0
314 105 123 49 110 316 139 183 194 248 81 162 3 0
316 121 123 65 126 328 155 183 210 264 91 178 4 0
313 105 123 49 110 319 155 167 194 248 85 178 5 0
322 105 123 49 110 319 139 167 194 248 87 162 6 0
317 105 107 49 110 319 139 167 194 248 82 162 7 0
317 121 123 65 126 323 155 183 210 264 85 178 8 0
315 105 107 49 94 317 139 167 194 232 85 162 9 0
316 121 123 65 110 320 155 183 210 248 85 178 10 0
321 121 123 65 110 318 139 183 194 248 88 15000 11 0
Chip#1
324 121 123 65 110 324 155 183 210 248 91 178 0 76
317 105 107 49 110 320 139 167 194 248 89 162 1 0
321 121 123 65 110 318 155 183 210 264 88 178 2 0
313 105 107 49 110 320 139 167 194 248 81 162 3 0
311 105 107 49 110 311 139 167 194 248 77 162 4 0
317 105 107 49 110 320 139 167 194 248 80 162 5 0
313 105 123 49 110 320 139 167 194 248 85 162 6 0
310 105 107 49 110 322 139 167 194 248 82 162 7 0
310 105 107 49 110 314 139 167 194 232 81 162 8 0
322 121 123 65 126 328 155 183 210 264 88 178 9 0
318 121 123 65 110 322 155 183 210 264 87 178 10 0
316 105 123 49 110 318 139 183 194 248 82 15000 11 0
Chip#1
318 105 123 49 110 318 155 183 194 248 84 178 0 76
317 105 123 49 110 319 155 183 210 248 85 178 1 0
317 121 123 65 110 319 155 183 210 248 88 178 2 0
312 105 107 49 110 317 139 183 194 248 84 162 3 0
317 121 123 65 126 318 155 183 210 264 85 178 4 0
312 105 107 49 94 317 139 167 194 248 80 162 5 0
317 105 107 49 110 323 139 167 194 248 80 162 6 0
313 121 123 65 126 318 155 183 210 264 80 178 7 0
314 105 123 49 110 313 139 167 194 248 82 162 8 0
316 89 107 49 94 317 139 167 194 248 76 162 9 0
317 89 107 33 94 317 123 167 178 232 77 162 10 0
317 105 107 49 110 319 139 183 194 248 78 15000 11 0
Chip#1
321 105 123 49 110 320 139 183 194 248 87 162 0 76
314 105 107 49 110 320 139 167 194 248 80 162 1 0
318 121 123 65 126 325 155 183 210 264 88 178 2 0
317 121 123 49 110 324 155 183 210 264 87 178 3 0
316 105 123 49 110 320 139 167 194 248 84 162 4 0
314 105 123 49 110 318 139 167 194 264 81 162 5 0
312 121 123 49 110 320 155 167 210 248 78 178 6 0
316 105 123 65 110 324 155 183 210 264 81 178 7 0
312 105 107 49 110 318 139 167 178 232 81 162 8 0
314 105 107 49 110 317 139 167 194 248 81 162 9 0
317 105 123 49 110 327 139 167 194 248 77 178 10 0
313 105 107 49 94 319 139 167 194 248 82 15000 11 0
Chip#1
318 105 123 49 110 328 139 183 194 248 89 178 0 76
321 121 123 65 126 323 155 183 210 264 92 178 1 0
316 105 123 49 110 319 139 183 194 248 82 162 2 0
321 121 123 65 110 325 155 183 210 264 88 178 3 0
322 121 139 65 126 325 155 183 210 264 85 178 4 0
316 105 107 49 110 320 139 167 194 248 77 162 5 0
313 105 107 49 110 318 139 167 194 248 77 162 6 0
313 105 107 49 110 324 139 183 194 248 84 162 7 0
313 105 107 49 110 317 139 167 194 248 78 162 8 0
321 105 123 49 110 318 155 183 210 248 88 162 9 0
313 105 123 65 110 322 155 183 210 248 82 178 10 0
322 105 123 49 110 324 139 183 194 248 88 15000 11 0
Chip#1
318 121 123 65 110 322 155 183 210 264 85 178 0 77
316 121 123 65 110 318 155 183 210 264 81 178 1 0
318 121 123 49 110 320 139 183 194 248 84 162 2 0
319 121 123 65 110 316 155 183 210 264 84 178 3 0
321 105 107 49 110 324 139 167 194 248 88 162 4 0
316 105 123 49 110 320 155 183 194 248 84 162 5 0
317 105 123 49 110 323 139 183 194 248 84 178 6 0
316 105 123 65 110 324 155 167 210 248 82 178 7 0
322 105 123 65 110 322 155 183 194 248 85 178 8 0
311 105 123 49 110 314 155 167 210 248 82 178 9 0
321 105 123 65 110 324 155 183 210 264 88 178 10 0
322 121 123 65 110 323 155 183 210 264 85 15000 11 0
317 105 123 49 110 319 155 183 194 248 84 178 1 0
316 121 123 65 110 325 155 183 210 264 87 178 2 0
318 105 107 49 110 323 139 167 194 248 87 162 3 0
319 105 123 65 110 324 155 183 194 248 84 178 4 0
326 105 123 49 110 327 139 183 210 248 89 162 5 0
321 121 123 65 110 322 155 183 210 264 88 178 6 0
308 105 123 49 110 322 155 167 194 248 81 162 7 0
319 105 123 49 110 318 139 183 194 248 87 178 8 0
318 105 123 49 110 327 139 167 194 248 88 162 9 0
316 105 123 65 110 320 155 183 194 248 82 178 10 0
323 105 107 49 110 320 139 183 194 248 89 15000 11 0
Chip#1
316 105 107 49 110 317 139 167 194 248 88 162 0 77
323 121 123 65 110 329 155 183 210 264 92 178 1 0
319 121 123 49 126 325 155 183 210 248 82 178 2 0
319 121 123 49 110 327 139 183 194 248 85 178 3 0
312 105 123 65 110 318 155 183 210 264 74 178 4 0
319 105 107 49 110 315 139 183 194 248 84 162 5 0
318 105 123 49 110 317 139 167 194 248 81 162 6 0
321 105 123 49 110 318 155 167 194 248 85 162 7 0
313 121 123 65 110 314 155 183 194 248 77 178 8 0
318 121 123 65 110 322 155 183 194 248 81 178 9 0
321 121 123 65 110 325 155 183 194 248 81 178 10 0
312 105 107 49 110 311 139 183 194 248 76 15000 11 0
Chip#1
312 105 107 49 110 313 139 167 194 248 81 162 0 78
319 105 123 49 110 320 139 183 194 248 82 178 1 0
317 105 107 49 110 319 139 167 194 248 82 162 2 0
316 105 107 49 110 317 139 167 194 248 87 162 3 0
326 105 123 65 110 327 155 167 194 248 89 162 4 0
327 121 139 65 126 324 155 183 210 264 91 178 5 0
317 121 123 65 110 322 139 183 210 264 84 178 6 0
316 105 123 49 110 319 139 167 194 248 82 162 7 0
310 105 107 49 110 308 123 167 194 248 69 162 8 0
321 105 123 65 110 323 155 183 210 248 89 178 9 0
323 105 107 49 110 320 139 167 194 248 82 162 10 0
321 121 123 65 110 322 155 183 194 248 82 15000 11 0
Chip#1
318 105 107 49 110 314 139 167 194 248 80 162 0 78
321 105 123 49 110 323 139 183 194 248 92 178 1 0
321 105 123 49 110 320 155 183 194 248 89 178 2 0
323 105 123 65 110 325 139 183 194 248 91 178 3 0
324 105 123 65 110 324 155 167 194 248 85 178 4 0
316 105 123 49 110 318 139 183 194 248 81 162 5 0
321 105 123 65 110 318 155 167 194 248 82 178 6 0
318 105 107 65 110 324 139 167 194 248 82 178 7 0
319 105 107 49 110 272 139 167 194 248 84 162 8 0
311 105 107 49 110 311 139 167 194 248 81 162 9 0
317 105 107 49 110 315 139 167 194 248 76 162 10 0
314 105 123 49 110 313 139 183 194 248 81 15000 11 0
Chip#1
316 105 107 49 110 322 139 183 194 248 89 162 0 78
326 105 123 49 110 324 139 167 194 248 91 162 1 0
316 121 123 65 126 319 155 183 210 264 85 178 2 0
324 105 123 49 110 322 139 183 194 248 88 178 3 0
314 105 123 65 110 313 139 167 210 248 78 162 4 0
317 105 123 49 110 318 155 183 194 248 84 178 5 0
324 121 123 49 110 324 139 183 194 264 91 178 6 0
319 121 123 65 110 323 155 183 210 264 84 178 7 0
322 121 123 65 126 322 155 183 210 248 93 178 8 0
313 105 107 49 110 317 139 167 194 248 81 178 9 0
317 121 123 49 110 322 155 183 194 248 80 178 10 0
323 121 123 65 110 323 155 183 210 248 91 15000 11 0
Chip#1
316 105 123 49 110 322 139 183 194 248 87 178 0 79
323 105 123 49 110 323 139 167 194 248 91 162 1 0
313 121 123 49 110 310 139 183 194 248 77 162 2 0
323 121 123 65 126 324 155 183 210 264 89 178 3 0
315 105 107 49 110 320 139 167 194 248 82 162 4 0
317 105 107 49 94 314 139 167 194 248 80 162 5 0
321 121 123 65 126 319 155 183 210 264 84 178 6 0
316 105 107 49 110 323 139 167 194 248 85 162 7 0
312 105 107 49 110 313 139 167 194 248 73 162 8 0
316 121 123 65 110 320 139 183 194 264 80 162 9 0
322 121 123 65 126 325 155 183 210 248 87 178 10 0
316 105 123 49 110 314 139 183 194 248 81 15000 11 0
Chip#1
317 121 123 65 126 318 155 183 210 264 87 178 0 79
319 105 123 49 110 318 155 183 210 248 84 178 1 0
319 121 123 65 126 319 155 183 210 264 91 178 2 0
312 105 123 49 110 315 139 183 194 248 77 178 3 0
319 121 123 65 110 320 155 183 210 248 81 178 4 0
318 121 123 49 110 316 155 183 194 248 80 178 5 0
318 121 123 49 110 317 139 167 194 248 84 162 6 0
317 105 123 65 110 320 155 183 210 248 85 178 7 0
319 105 123 49 110 319 155 183 210 264 84 178 8 0
318 121 123 65 126 325 155 183 210 264 80 178 9 0
316 105 107 49 110 322 139 167 194 248 87 162 10 0
318 121 123 49 110 319 155 183 194 248 84 15000 11 0
Chip#1
317 121 123 65 126 318 155 183 210 264 89 178 0 79
319 105 107 49 110 319 139 183 194 248 88 178 1 0
316 121 123 49 110 317 155 183 194 248 81 178 2 0
321 121 123 65 110 324 155 183 194 248 87 178 3 0
318 121 123 65 110 325 155 183 210 264 92 178 4 0
321 105 123 49 110 322 139 167 194 248 88 178 5 0
319 121 139 65 126 318 155 183 210 264 81 178 6 0
313 105 123 65 126 320 155 183 210 264 84 178 7 0
318 121 123 49 110 319 155 183 194 248 88 178 8 0
317 105 123 49 110 323 155 183 194 248 85 162 9 0
321 105 123 49 110 327 139 183 194 248 89 162 10 0
319 105 123 49 110 315 139 183 194 248 85 15000 11 0
Chip#1
316 105 123 49 110 314 155 183 194 248 85 178 0 80
316 105 107 49 110 317 139 167 194 248 85 162 1 0
321 105 107 49 110 317 139 183 194 248 87 162 2 0
323 121 123 65 126 327 155 199 210 264 91 178 3 0
317 121 123 65 110 325 155 183 210 264 84 178 4 0
318 121 123 65 126 319 155 183 194 264 82 178 5 0
319 121 123 65 110 327 155 183 210 248 89 178 6 0
318 105 107 49 110 320 139 167 194 248 85 162 7 0
316 105 123 49 110 318 155 183 210 248 85 178 8 0
314 105 123 49 110 318 139 167 194 248 84 162 9 0
318 121 139 65 126 325 155 183 210 264 92 178 10 0
313 105 123 49 110 314 139 183 194 248 88 15000 11 0
Chip#1
327 121 123 49 110 322 155 183 210 248 96 178 0 80
312 105 107 49 110 311 139 183 194 248 78 162 1 0
318 121 123 49 110 327 155 183 194 248 89 162 2 0
316 121 123 49 126 320 155 183 194 264 82 178 3 0
323 105 123 49 110 324 155 167 194 248 84 162 4 0
317 105 123 49 110 311 139 167 194 248 78 162 5 0
324 105 123 65 126 322 155 183 210 264 87 178 6 0
322 105 123 65 110 327 155 183 210 248 89 178 7 0
326 105 123 65 110 320 155 183 210 248 85 178 8 0
319 105 107 49 110 322 139 167 194 248 81 162 9 0
308 105 123 65 110 314 139 183 194 248 71 178 10 0
322 121 123 65 126 319 155 199 210 264 89 15000 11 0
Chip#1
314 121 123 65 110 323 155 183 210 264 84 178 0 80
332 137 139 81 142 329 171 199 226 273 95 194 1 0
318 105 123 49 110 322 155 183 194 248 82 178 2 0
316 105 123 65 110 323 155 183 210 248 87 178 3 0
319 105 123 49 110 327 155 183 210 248 92 178 4 0
313 105 107 33 94 320 139 167 178 232 82 162 5 0
324 121 123 65 110 323 155 183 194 248 88 162 6 0
315 105 107 49 110 320 139 167 194 248 82 162 7 0
318 105 123 49 110 322 139 183 194 248 81 162 8 0
316 105 107 49 110 315 139 167 194 248 76 162 9 0
324 105 123 65 110 328 139 167 194 248 85 162 10 0
322 105 123 49 110 323 139 167 194 248 84 15000 11 0
Chip#1
316 105 107 49 110 317 139 167 194 248 84 162 0 81
313 105 107 49 110 315 139 183 194 248 85 162 1 0
321 105 107 49 110 272 139 167 194 248 88 162 2 0
321 105 123 65 110 323 139 183 194 248 82 178 3 0
321 121 123 65 110 329 155 183 194 248 85 178 4 0
323 121 123 65 110 325 155 183 194 264 89 178 5 0
318 121 123 65 126 323 155 183 210 264 85 178 6 0
319 121 123 65 126 327 155 183 210 264 87 178 7 0
324 121 123 49 126 327 155 183 194 248 87 162 8 0
326 121 123 65 110 324 155 183 210 264 84 178 9 0
324 121 123 49 110 325 139 183 194 248 82 162 10 0
314 105 107 49 110 317 139 167 194 248 87 15000 11 0
Chip#1
319 121 123 65 126 315 155 183 210 248 85 178 0 81
318 121 123 65 110 319 155 183 194 248 88 178 1 0
324 105 123 49 110 322 139 183 194 248 85 178 2 0
319 121 123 49 110 318 139 183 194 248 87 178 3 0
312 105 107 49 110 322 155 183 194 248 81 178 4 0
314 105 123 49 110 311 139 183 194 248 77 162 5 0
323 121 123 65 110 324 155 183 210 264 85 178 6 0
318 121 123 65 110 320 155 183 210 264 85 178 7 0
314 89 107 49 94 315 139 167 178 232 77 162 8 0
319 105 123 65 110 318 139 183 194 248 81 162 9 0
324 121 123 65 126 325 155 199 210 264 87 178 10 0
319 105 107 49 110 318 139 183 194 248 84 15000 11 0
Chip#1
317 105 107 49 110 314 139 167 194 248 77 162 0 81
316 105 107 49 110 314 139 167 194 248 84 162 1 0
317 105 123 49 110 315 139 183 194 248 82 178 2 0
324 121 123 65 126 325 155 199 210 264 89 178 3 0
322 105 107 49 110 320 139 183 194 248 82 162 4 0
319 105 123 49 110 320 155 183 210 248 87 178 5 0
317 105 107 49 110 318 139 167 194 232 85 162 6 0
319 105 107 49 110 324 155 183 194 248 87 162 7 0
314 105 107 49 110 314 139 167 194 248 82 162 8 0
315 105 107 49 110 320 139 167 194 248 85 162 9 0
318 105 123 65 110 319 155 183 210 248 81 162 10 0
321 121 123 49 110 314 139 183 194 248 91 15000 11 0
Chip#1
322 121 139 65 126 328 171 199 226 264 95 194 0 81
316 105 107 49 110 319 139 183 194 248 81 162 1 0
317 105 123 49 110 319 155 183 194 248 81 178 2 0
316 105 107 49 94 315 139 167 194 248 80 162 3 0
324 105 123 49 110 322 155 183 194 264 89 162 4 0
323 105 123 49 110 272 139 183 194 248 89 162 5 0
316 105 123 49 110 320 139 183 194 248 82 178 6 0
317 121 123 49 110 319 155 183 210 248 82 178 7 0
319 121 123 49 110 322 155 183 194 248 84 178 8 0
316 105 107 49 110 319 139 167 194 248 80 162 9 0
321 121 123 65 110 319 155 183 210 248 84 178 10 0
314 105 107 49 110 317 139 167 194 248 74 15000 11 0
Chip#1
319 105 107 49 110 319 139 183 194 248 91 162 0 82
316 121 123 49 110 320 155 183 210 248 87 178 1 0
319 105 123 49 110 320 139 183 194 248 87 162 2 0
316 121 123 65 126 319 155 183 210 248 85 178 3 0
313 105 107 49 110 323 139 167 194 248 85 162 4 0
322 121 123 49 126 319 155 183 210 248 82 178 5 0
321 105 123 65 110 323 139 183 194 248 87 178 6 0
316 105 123 49 110 315 155 167 210 248 74 162 7 0
314 105 123 49 110 315 139 183 194 248 85 162 8 0
318 121 123 65 126 318 155 183 210 264 80 178 9 0
314 121 123 49 110 315 155 183 210 248 74 178 10 0
322 121 123 65 126 320 155 183 210 264 88 15000 11 0
Chip#1
318 105 123 49 110 322 139 167 194 248 85 162 0 82
319 121 139 65 126 327 155 183 210 264 88 178 1 0
321 121 123 49 110 320 155 183 210 248 93 178 2 0
314 105 123 49 110 317 139 183 194 248 81 162 3 0
319 105 123 65 110 320 139 167 194 248 82 162 4 0
314 121 123 49 110 314 139 183 194 248 80 162 5 0
313 105 123 49 110 315 139 183 194 248 81 162 6 0
314 105 123 65 110 322 155 183 210 248 80 162 7 0
323 121 123 49 126 327 155 183 194 264 89 178 8 0
314 105 123 49 110 319 139 183 194 248 76 162 9 0
313 105 123 49 110 319 155 183 194 248 84 162 10 0
323 121 123 49 110 322 155 183 210 248 89 15000 11 0
Chip#1
318 105 107 49 110 319 139 167 194 248 87 162 0 82
323 105 123 49 110 324 139 167 194 248 87 178 1 0
319 105 107 49 110 324 139 167 194 248 87 178 2 0
317 105 123 49 110 323 139 183 194 248 85 162 3 0
319 105 123 65 110 329 155 183 194 264 87 178 4 0
319 105 107 49 110 323 139 167 178 232 88 162 5 0
324 121 123 65 126 327 155 183 210 264 88 178 6 0
313 105 123 49 110 322 155 183 210 248 80 162 7 0
322 105 123 49 110 327 155 183 194 248 95 178 8 0
324 121 123 65 110 325 155 183 210 264 91 178 9 0
316 105 123 49 110 323 139 183 194 248 82 162 10 0
314 105 107 49 110 313 139 167 194 248 80 15000 11 0
Chip#1
324 105 123 65 126 322 155 183 210 264 91 178 0 83
324 121 123 49 110 324 139 183 194 248 89 178 1 0
319 121 123 49 126 322 155 183 210 264 82 178 2 0
313 105 107 33 94 319 139 167 194 248 87 162 3 0
316 105 107 49 110 320 139 167 194 248 87 162 4 0
323 121 123 65 126 324 155 183 210 264 87 178 5 0
316 105 123 49 110 320 139 167 194 248 78 162 6 0
321 105 123 65 110 328 155 183 210 248 84 162 7 0
321 105 123 65 126 323 155 183 210 248 87 178 8 0
318 105 123 49 110 324 139 183 194 248 84 162 9 0
317 105 123 49 110 323 155 183 194 248 82 178 10 0
319 105 107 49 94 322 139 183 194 248 89 15000 11 0
Chip#1
312 105 123 49 110 319 139 183 194 248 81 178 0 83
322 105 107 49 110 322 139 183 194 248 88 178 1 0
313 105 107 49 94 319 139 167 194 248 82 162 2 0
318 105 123 49 110 322 139 183 194 248 85 178 3 0
318 121 123 65 126 319 155 183 210 248 77 178 4 0
328 121 123 65 126 330 155 183 210 264 96 178 5 0
314 105 107 49 110 322 139 167 194 248 84 162 6 0
313 105 107 49 110 315 139 167 194 248 78 162 7 0
316 105 107 49 110 319 139 183 194 248 78 162 8 0
318 105 123 49 110 320 155 183 194 248 80 162 9 0
318 105 107 49 110 327 139 167 194 248 87 162 10 0
313 105 123 49 110 318 139 183 194 248 80 15000 11 0
Chip#1
318 121 123 49 110 322 155 183 210 248 87 178 0 83
320 105 107 49 94 320 139 167 178 248 84 162 1 0
321 121 123 65 126 320 155 183 194 264 87 178 2 0
313 105 123 49 110 318 139 183 194 248 81 162 3 0
313 121 123 65 126 324 155 183 210 264 82 178 4 0
318 105 123 49 110 324 139 183 194 248 84 162 5 0
313 105 123 49 110 320 139 183 194 248 77 162 6 0
314 105 123 65 110 325 155 167 194 248 84 162 7 0
321 105 123 65 126 323 155 183 194 248 81 178 8 0
318 105 123 49 110 322 139 183 194 248 78 162 9 0
312 105 123 49 110 319 139 167 194 248 82 162 10 0
313 105 123 49 110 319 139 167 194 248 82 15000 11 0
Chip#1
319 105 123 49 110 322 155 183 210 248 88 162 0 83
317 121 123 49 110 314 155 183 210 248 82 178 1 0
319 105 107 49 110 322 139 167 194 248 85 162 2 0
303 89 107 33 94 317 139 167 194 248 82 162 3 0
321 121 123 65 110 325 155 183 210 264 89 178 4 0
319 105 123 49 110 325 139 167 194 248 91 162 5 0
319 105 107 49 110 272 139 167 194 248 84 162 6 0
320 105 107 49 110 324 139 167 194 248 85 162 7 0
318 121 123 49 126 315 139 183 194 248 84 162 8 0
313 105 123 49 110 319 139 183 194 248 76 162 9 0
314 105 123 65 110 320 139 183 194 248 80 162 10 0
316 121 123 65 110 315 155 183 194 248 87 15000 11 0
Chip#1
318 105 123 49 110 325 139 183 194 248 88 162 0 84
316 121 123 49 110 322 139 183 194 248 85 178 1 0
313 121 123 65 126 322 155 183 210 248 85 178 2 0
316 105 107 49 94 318 139 167 194 248 87 162 3 0
318 121 123 65 126 324 155 183 210 264 85 178 4 0
319 105 123 49 110 320 139 183 194 248 81 162 5 0
318 105 123 65 110 325 139 183 194 248 85 162 6 0
317 105 123 65 110 324 155 183 210 248 82 162 7 0
319 105 123 49 110 316 139 183 194 248 80 178 8 0
314 105 123 49 110 320 139 183 194 248 81 162 9 0
312 105 107 49 110 320 139 183 194 248 80 162 10 0
311 105 123 49 110 314 139 183 194 248 77 15000 11 0
Chip#1
317 105 107 49 110 320 139 183 194 248 81 162 0 84
319 105 123 49 110 319 139 183 194 248 87 178 1 0
319 121 123 65 126 322 155 183 210 264 89 178 2 0
318 105 107 49 110 319 139 183 194 248 84 162 3 0
316 105 107 49 110 319 139 167 194 248 87 178 4 0
319 105 123 49 110 272 139 183 194 248 89 162 5 0
314 105 123 49 110 318 155 183 194 264 77 162 6 0
310 105 107 49 94 318 139 167 194 232 80 162 7 0
326 121 123 65 126 324 155 183 210 248 92 178 8 0
312 105 123 49 110 316 155 183 194 248 77 178 9 0
317 105 107 49 110 322 139 167 194 248 84 162 10 0
317 105 123 49 110 317 139 183 194 248 78 15000 11 0
Chip#1
314 105 107 49 110 314 139 167 194 248 84 162 0 84
318 121 123 49 126 315 155 183 210 264 85 178 1 0
312 105 107 49 110 314 139 167 194 248 81 162 2 0
307 105 107 49 110 314 139 167 194 248 77 162 3 0
318 105 123 65 110 322 155 183 210 264 89 178 4 0
321 121 123 65 126 322 155 183 210 264 80 178 5 0
317 121 123 65 110 320 155 183 210 264 82 178 6 0
311 89 107 49 110 319 139 167 194 248 80 162 7 0
314 105 123 49 110 315 139 167 194 248 81 162 8 0
317 121 123 65 126 315 155 183 210 264 85 178 9 0
314 105 107 49 110 319 155 183 194 248 81 178 10 0
316 105 123 49 110 317 139 167 194 248 85 15000 11 0
Chip#1
322 121 123 49 110 325 139 183 210 248 89 178 0 85
319 121 123 49 110 320 155 183 210 264 88 178 1 0
317 105 123 49 110 318 155 167 194 248 84 162 2 0
317 105 107 49 110 323 139 167 194 248 88 162 3 0
322 121 139 81 126 325 155 199 210 264 84 178 4 0
313 105 107 49 110 317 139 167 194 248 82 162 5 0
316 105 123 49 110 323 139 167 194 248 85 162 6 0
316 105 123 65 110 314 155 183 210 248 77 162 7 0
322 105 123 49 110 327 155 167 210 248 87 162 8 0
314 105 123 49 110 317 139 167 194 248 81 162 9 0
323 121 123 65 126 327 155 183 210 264 85 178 10 0
317 105 107 49 110 318 139 167 194 248 81 15000 11 0
Chip#1
319 105 123 65 110 324 155 183 210 264 89 178 0 85
319 105 123 49 110 318 139 183 194 248 91 178 1 0
317 105 107 49 110 319 139 183 194 248 82 162 2 0
316 121 123 65 126 325 155 183 210 264 92 178 3 0
318 105 123 65 110 325 155 183 194 248 88 178 4 0
312 105 107 49 94 315 139 167 194 248 78 162 5 0
317 105 123 49 110 320 155 183 210 248 88 178 6 0
316 105 123 65 110 323 155 183 210 248 87 178 7 0
324 121 123 65 110 325 139 183 210 248 85 178 8 0
321 121 123 65 110 325 155 183 210 248 88 178 9 0
316 105 123 49 110 323 155 183 194 248 81 178 10 0
321 105 123 49 110 320 155 183 194 248 82 15000 11 0
Chip#1
317 105 123 49 110 313 139 183 194 248 82 162 0 86
317 105 107 49 110 323 139 167 194 248 85 162 1 0
318 105 123 49 110 318 139 167 194 248 84 162 2 0
313 105 107 33 94 314 139 167 194 232 82 162 3 0
319 105 123 65 110 325 155 183 210 248 88 162 4 0
322 121 123 65 126 328 155 183 210 248 85 178 5 0
311 105 107 49 94 319 123 167 194 232 77 162 6 0
316 105 107 49 110 322 139 167 194 248 77 162 7 0
312 89 107 49 94 314 139 167 194 232 74 162 8 0
317 105 123 49 110 323 155 183 194 248 84 162 9 0
314 105 123 65 110 327 155 183 210 248 85 162 10 0
317 105 107 49 110 319 139 167 194 232 80 15000 11 0
Chip#1
319 105 107 49 110 318 139 167 194 248 82 162 0 86
326 121 123 65 126 330 155 183 210 264 92 178 1 0
323 121 123 65 126 325 155 183 210 264 91 178 2 0
313 105 107 49 110 319 139 167 194 248 81 162 3 0
322 121 123 65 126 324 155 183 210 264 87 178 4 0
317 105 107 49 110 320 139 167 194 248 81 162 5 0
319 121 123 49 110 324 155 167 210 248 87 178 6 0
313 121 123 65 110 322 155 183 210 264 84 178 7 0
314 105 107 49 110 319 139 167 194 248 82 162 8 0
321 105 123 49 110 327 155 183 210 248 87 178 9 0
310 105 123 49 110 319 139 183 194 248 78 162 10 0
314 105 107 49 110 310 139 167 194 248 74 15000 11 0
Chip#1
319 121 123 65 110 322 139 183 210 264 85 178 0 86
316 105 123 49 110 319 139 183 194 248 88 178 1 0
313 105 123 49 110 314 139 183 194 248 80 162 2 0
318 105 123 49 110 322 139 183 194 248 89 162 3 0
311 105 107 49 110 319 139 167 194 248 85 162 4 0
318 105 107 49 110 319 139 167 194 248 85 162 5 0
320 105 107 49 110 323 139 167 194 248 84 162 6 0
314 105 123 49 110 320 155 167 194 248 78 162 7 0
317 105 107 49 110 317 139 167 194 248 80 162 8 0
316 105 123 65 110 320 139 183 210 248 82 178 9 0
312 105 107 49 94 317 139 167 194 232 81 162 10 0
312 105 123 49 110 315 139 183 194 248 80 15000 11 0
Chip#1
316 105 107 49 110 314 139 167 194 248 82 162 0 86
316 105 123 49 110 318 139 167 194 248 80 162 1 0
322 105 107 49 110 323 155 183 194 248 91 178 2 0
321 121 123 65 126 325 155 199 210 264 89 178 3 0
313 105 107 49 94 318 139 167 194 248 78 162 4 0
313 105 123 49 110 317 139 167 194 248 81 178 5 0
314 105 107 49 110 322 139 167 194 248 85 162 6 0
318 121 123 65 110 323 155 183 210 264 81 178 7 0
319 105 123 49 110 322 139 183 194 248 87 162 8 0
312 105 123 49 110 318 155 183 194 248 81 178 9 0
311 105 107 49 110 317 139 167 194 232 82 162 10 0
315 105 107 49 94 311 139 167 194 248 85 15000 11 0
Chip#1
317 121 123 49 126 316 155 183 210 264 85 178 0 87
322 105 123 49 110 323 139 183 194 248 91 178 1 0
321 105 107 49 110 318 139 183 194 248 85 162 2 0
319 121 123 49 110 323 155 183 210 264 89 178 3 0
311 105 123 49 110 316 155 183 194 248 76 162 4 0
321 105 123 49 110 319 139 183 194 248 87 162 5 0
319 121 123 65 126 318 155 183 210 248 85 162 6 0
319 121 123 65 110 325 155 183 210 248 87 162 7 0
322 121 123 49 110 320 139 183 194 248 89 178 8 0
318 121 123 65 110 327 155 183 210 264 91 178 9 0
321 105 123 65 110 323 155 183 194 248 91 178 10 0
322 121 123 49 110 320 139 183 194 248 88 15000 11 0
Chip#1
322 121 123 65 126 320 155 183 210 264 88 178 0 87
317 105 107 49 110 322 139 167 194 248 88 162 1 0
318 121 123 49 110 323 155 183 210 248 85 178 2 0
322 105 123 49 110 322 139 183 194 248 89 162 3 0
322 121 123 65 110 325 155 183 210 248 87 178 4 0
319 105 123 49 110 323 139 183 194 248 89 178 5 0
318 105 107 49 94 314 139 167 194 248 82 162 6 0
313 105 107 49 94 323 139 167 194 248 80 162 7 0
316 105 123 49 110 323 139 167 194 248 84 178 8 0
319 105 123 65 110 320 155 183 210 248 82 178 9 0
318 121 123 65 110 320 155 183 210 264 82 178 10 0
316 105 123 65 110 314 139 183 210 248 82 15000 11 0
Chip#1
316 105 107 49 110 320 139 167 194 248 89 162 0 87
316 121 123 49 110 317 139 183 194 248 84 178 1 0
319 105 123 49 110 320 139 183 194 248 89 162 2 0
311 121 123 65 126 318 155 183 210 264 77 178 3 0
313 105 107 49 110 314 155 167 194 248 78 162 4 0
312 105 107 49 110 315 139 183 194 248 82 162 5 0
317 105 123 49 110 320 139 183 194 248 81 162 6 0
316 105 123 65 110 320 155 183 194 248 76 162 7 0
313 105 107 33 110 317 139 167 194 248 78 162 8 0
319 105 107 49 110 272 139 167 194 248 87 162 9 0
317 105 123 65 110 320 139 167 194 248 78 178 10 0
311 105 123 49 110 314 139 183 194 248 80 15000 11 0
Chip#1
323 105 123 49 110 324 139 167 194 248 93 162 0 88
316 105 107 49 110 319 139 167 194 248 87 162 1 0
316 105 107 49 110 319 139 167 194 248 87 162 2 0
312 105 123 49 110 314 139 183 194 248 85 178 3 0
312 105 107 49 110 316 139 167 194 248 77 162 4 0
318 121 107 49 110 322 139 167 194 248 87 162 5 0
317 105 123 49 110 320 139 183 194 248 82 178 6 0
310 105 107 49 110 314 139 167 194 248 73 162 7 0
319 121 123 65 126 319 155 183 210 248 91 178 8 0
316 121 123 65 110 318 155 183 194 264 85 178 9 0
319 105 107 49 110 322 139 183 194 248 93 162 10 0
319 121 123 65 110 323 139 183 194 248 88 15000 11 0
Chip#1
321 105 107 49 110 323 139 183 194 248 87 178 0 88
321 105 107 33 110 317 139 167 194 248 88 162 1 0
318 121 123 49 110 323 155 183 210 264 89 178 2 0
317 105 123 49 110 320 139 183 194 248 82 162 3 0
319 121 123 65 110 324 155 183 210 264 89 178 4 0
323 121 123 65 110 323 155 183 210 248 89 178 5 0
323 121 123 65 110 327 139 183 194 248 85 178 6 0
317 121 123 65 110 319 155 183 210 264 84 178 7 0
313 105 123 65 110 316 139 183 210 248 78 178 8 0
313 105 123 49 110 319 155 167 194 248 78 162 9 0
317 105 123 49 110 317 139 183 194 248 85 178 10 0
324 105 123 49 110 320 139 183 194 248 88 15000 11 0
Chip#1
316 105 123 49 110 323 139 183 194 248 89 178 0 88
318 121 123 65 126 323 155 183 210 264 89 178 1 0
321 105 123 49 110 320 155 183 194 248 88 178 2 0
317 121 123 65 126 325 155 183 210 264 88 178 3 0
321 121 123 65 126 322 155 183 210 264 85 178 4 0
321 121 123 65 126 323 155 183 210 264 87 178 5 0
314 105 107 49 110 324 139 167 194 248 80 162 6 0
313 105 107 65 126 320 155 183 194 248 81 178 7 0
314 121 123 49 110 315 139 167 194 248 77 162 8 0
313 105 107 49 110 319 139 167 194 248 80 162 9 0
314 105 107 49 110 318 139 167 194 248 77 162 10 0
322 121 123 49 110 324 155 183 210 264 89 15000 11 0
Chip#1
311 105 123 65 110 314 139 183 194 248 82 178 0 89
318 121 123 49 110 324 155 183 194 248 87 178 1 0
324 105 107 49 110 329 139 167 194 248 91 162 2 0
318 105 123 49 110 319 139 183 194 248 84 162 3 0
319 105 107 49 110 319 155 167 194 248 81 162 4 0
313 105 123 49 110 316 139 183 194 248 77 162 5 0
324 121 123 65 126 324 155 183 210 248 91 178 6 0
313 105 107 49 110 318 139 167 194 248 82 162 7 0
322 105 123 49 126 323 139 183 210 248 89 178 8 0
311 105 107 49 110 314 139 167 194 248 77 162 9 0
311 89 107 33 94 313 139 167 178 232 76 162 10 0
318 105 107 49 110 315 139 167 194 248 80 15000 11 0
Chip#1
314 121 123 49 110 315 155 183 194 248 80 162 0 89
324 105 107 49 110 320 155 183 194 248 91 178 1 0
317 105 107 49 110 324 139 167 194 248 88 162 2 0
321 105 123 49 110 323 139 183 194 248 85 162 3 0
321 121 123 65 110 323 155 183 210 264 84 178 4 0
318 121 123 49 110 320 155 183 210 248 81 178 5 0
321 105 107 49 110 323 139 167 194 248 82 162 6 0
312 121 123 65 110 315 155 183 210 248 81 178 7 0
318 121 123 65 110 316 155 183 210 248 82 178 8 0
313 105 107 49 110 322 139 167 194 248 82 162 9 0
308 105 107 49 94 311 139 167 194 248 73 162 10 0
317 105 107 49 110 318 139 167 194 248 84 15000 11 0
Chip#1
324 121 123 65 126 323 155 183 210 264 96 178 0 89
323 105 123 65 110 319 139 183 194 248 92 178 1 0
317 105 123 49 110 314 139 167 194 248 80 162 2 0
316 105 123 49 110 322 139 167 194 248 88 162 3 0
324 121 123 65 126 324 171 183 210 264 85 178 4 0
322 105 123 49 110 327 139 183 194 248 88 178 5 0
322 105 107 49 110 322 139 167 194 248 84 162 6 0
313 121 123 65 110 322 139 167 210 248 81 178 7 0
314 105 123 49 110 318 139 183 194 248 80 162 8 0
316 105 107 49 110 318 139 167 194 248 77 162 9 0
308 105 107 49 110 314 139 167 194 232 77 162 10 0
312 105 123 49 110 315 139 183 210 248 85 15000 11 0
