Chip#1
131 137 118 54 142 135 107 0 178 273 80 114 0 50
131 153 114 53 142 142 123 0 178 273 87 114 1 0
131 137 155 192 220 135 107 20 235 273 80 114 2 0
131 153 219 1290 783 140 123 532 1410 340 78 114 3 0
110 137 171 609 318 129 123 215 825 284 74 114 4 0
115 137 118 57 142 135 107 0 178 273 77 98 5 0
112 153 114 65 158 134 123 0 194 273 77 114 6 0
115 137 155 549 430 135 107 224 850 293 78 98 7 0
110 137 203 1329 983 132 107 695 1618 488 80 98 8 0
131 153 171 229 238 138 123 35 354 279 81 114 9 0
131 153 171 65 142 139 123 0 194 273 84 130 10 0
147 137 110 52 142 132 107 0 178 273 78 15000 11 0
Chip#1
147 153 118 57 142 134 123 0 178 273 84 130 0 51
115 137 117 54 142 132 107 0 178 273 77 98 1 0
131 137 171 195 224 139 123 25 338 276 87 114 2 0
115 137 203 1296 782 143 107 539 1410 341 81 98 3 0
114 153 171 609 334 137 123 215 835 392 76 114 4 0
111 137 112 49 142 137 107 0 178 273 81 98 5 0
106 153 109 53 142 129 107 0 194 273 69 114 6 0
111 137 114 548 430 134 107 224 850 290 78 98 7 0
115 137 203 1329 983 138 107 695 1618 488 84 98 8 0
115 137 116 224 237 132 107 25 338 273 76 98 9 0
131 137 116 56 142 135 107 0 178 273 85 114 10 0
147 153 171 49 142 139 123 0 194 273 85 15000 11 0
Chip#1
131 153 105 45 142 126 123 0 178 273 78 114 0 52
112 137 104 45 126 125 91 0 162 273 69 98 1 0
114 137 108 183 174 130 107 16 235 273 78 98 2 0
114 137 219 1283 773 138 123 531 1410 337 81 114 3 0
115 137 171 609 318 138 107 215 833 295 87 114 4 0
114 137 110 54 142 132 107 0 178 273 76 114 5 0
111 137 110 49 142 133 107 0 194 273 74 98 6 0
131 137 171 555 484 134 123 224 850 295 82 114 7 0
131 153 203 1345 983 134 123 711 1634 488 82 114 8 0
112 137 117 229 235 138 107 25 354 276 84 114 9 0
131 137 117 57 142 134 107 0 178 273 84 114 10 0
147 153 110 48 142 133 123 0 178 273 80 15000 11 0
Chip#1
131 137 110 49 142 133 107 0 178 273 77 114 0 52
105 137 105 45 126 128 107 0 178 273 69 114 1 0
115 137 155 194 174 138 107 21 235 273 85 114 2 0
115 137 203 1281 777 137 107 527 1410 338 76 114 3 0
115 137 155 609 318 132 107 199 770 290 77 98 4 0
114 137 113 56 142 133 123 0 178 273 80 114 5 0
110 137 112 49 142 130 107 0 178 273 77 98 6 0
115 137 118 544 430 134 107 224 850 290 81 114 7 0
111 137 203 1329 978 129 107 695 1634 472 78 98 8 0
114 121 116 225 232 135 107 22 338 274 81 98 9 0
131 153 118 49 142 135 107 0 178 273 87 114 10 0
147 153 113 54 142 135 123 0 178 273 81 15000 11 0
Chip#1
131 137 116 49 142 133 107 0 178 273 80 114 0 52
114 137 112 48 142 131 123 0 178 273 80 114 1 0
115 137 116 192 174 133 107 22 235 273 81 114 2 0
112 137 219 1280 775 134 123 526 1410 336 77 114 3 0
114 137 171 593 318 129 107 199 832 285 77 98 4 0
115 137 117 49 126 134 107 0 178 273 84 98 5 0
110 137 106 49 126 126 107 0 178 273 70 98 6 0
115 137 171 549 484 137 123 224 866 392 77 114 7 0
110 137 203 1329 978 132 107 695 1618 488 80 114 8 0
115 137 118 224 239 141 107 30 338 279 88 114 9 0
131 137 117 50 142 134 107 0 178 273 76 114 10 0
147 153 112 50 142 129 107 0 178 273 81 15000 11 0
Chip#1
131 137 112 50 142 133 107 0 178 273 76 114 0 53
131 137 113 57 142 135 107 0 178 273 84 114 1 0
110 137 112 190 174 131 107 13 235 273 85 114 2 0
114 137 203 1276 775 137 107 525 1394 335 78 98 3 0
131 153 187 625 334 143 123 215 833 392 87 114 4 0
112 137 116 56 142 133 107 0 178 273 80 114 5 0
131 137 155 49 142 140 123 1 194 276 92 114 6 0
112 137 118 544 474 133 123 224 850 392 78 114 7 0
115 137 203 1329 978 139 123 695 1618 488 80 114 8 0
115 137 118 226 234 138 123 24 338 273 82 114 9 0
114 137 110 50 142 129 107 0 178 273 80 114 10 0
147 153 104 50 142 126 107 0 194 273 77 15000 11 0
Chip#1
131 137 112 53 142 129 123 0 178 273 78 114 0 54
114 137 112 54 126 133 107 0 178 273 81 114 1 0
112 137 114 190 174 134 123 18 235 273 84 114 2 0
115 137 203 1272 776 143 123 528 1410 340 77 114 3 0
131 137 171 609 318 139 107 215 834 294 81 114 4 0
110 137 114 57 142 131 123 0 194 273 81 114 5 0
115 137 116 49 142 137 107 2 178 274 82 114 6 0
110 137 155 544 430 133 107 224 850 288 80 98 7 0
110 137 203 1329 979 134 123 695 1634 488 82 114 8 0
112 137 155 222 237 135 107 30 338 273 78 114 9 0
131 153 171 55 142 135 123 0 194 273 80 114 10 0
147 137 116 54 142 126 123 0 178 273 80 15000 11 0
Chip#1
131 137 112 50 142 133 107 0 178 273 81 114 0 54
114 137 114 50 142 130 107 0 178 273 76 114 1 0
131 137 116 187 174 133 123 17 235 274 80 114 2 0
131 153 219 1281 786 144 123 536 1426 440 87 130 3 0
111 137 171 609 318 130 107 199 832 283 78 114 4 0
109 137 108 57 142 133 107 0 178 273 76 98 5 0
112 137 113 65 142 130 123 0 194 273 76 114 6 0
114 137 155 546 430 129 107 224 850 294 78 98 7 0
131 137 203 1329 981 135 123 695 1634 488 82 114 8 0
131 137 171 225 233 134 123 26 354 376 81 114 9 0
131 137 114 56 142 129 107 0 178 273 78 114 10 0
147 153 118 49 142 137 123 0 178 273 88 15000 11 0
Chip#1
131 153 114 65 142 134 123 0 178 273 88 130 0 55
114 137 116 54 142 133 107 0 194 273 81 114 1 0
131 153 171 195 229 139 123 25 338 276 89 114 2 0
131 137 219 1282 780 143 123 535 1410 440 88 114 3 0
114 137 171 593 318 135 107 215 834 285 80 114 4 0
111 137 109 52 142 130 107 0 178 273 80 114 5 0
115 137 118 49 142 135 107 0 178 273 82 98 6 0
107 137 113 537 430 126 107 215 747 285 76 98 7 0
114 137 203 1313 942 132 107 695 1618 488 87 98 8 0
115 137 117 222 235 139 123 26 354 275 81 114 9 0
115 121 114 54 126 135 107 0 178 273 84 98 10 0
147 153 117 56 142 137 123 0 178 273 88 15000 11 0
Chip#1
131 137 113 56 142 134 107 0 178 273 80 114 0 55
131 153 171 55 142 138 123 0 178 273 82 114 1 0
112 137 113 188 174 135 107 19 235 273 80 98 2 0
131 137 203 1277 778 143 123 536 1410 338 84 114 3 0
109 137 155 593 318 132 107 199 770 284 74 98 4 0
112 137 112 53 142 130 107 0 178 273 76 114 5 0
131 153 116 65 142 139 123 6 194 274 87 114 6 0
115 137 171 551 430 134 123 224 850 294 78 114 7 0
112 137 203 1329 977 135 123 695 1618 488 77 114 8 0
114 137 114 216 174 130 107 20 338 273 74 98 9 0
131 137 116 56 142 135 107 0 178 273 81 114 10 0
147 153 117 49 142 137 107 0 178 273 84 15000 11 0
Chip#1
131 153 117 49 142 137 123 0 194 273 78 130 0 55
115 137 114 49 142 132 107 0 178 273 81 114 1 0
115 137 117 188 174 130 107 17 235 273 84 98 2 0
131 153 219 1272 778 143 123 529 1410 440 82 114 3 0
131 137 171 593 318 137 107 199 830 293 78 98 4 0
115 137 155 49 142 135 107 0 178 273 82 98 5 0
115 137 155 49 142 134 123 0 194 273 82 114 6 0
110 137 118 541 430 132 107 224 850 291 78 98 7 0
115 137 203 1313 942 133 123 679 1618 488 74 114 8 0
115 137 117 222 234 135 107 29 338 276 80 114 9 0
112 137 112 48 142 129 107 0 178 273 76 98 10 0
131 137 118 54 142 130 107 0 178 273 81 15000 11 0
Chip#1
131 153 113 54 142 133 107 0 178 273 82 114 0 56
107 137 108 49 126 126 107 0 178 273 76 98 1 0
115 137 117 191 174 133 123 22 235 273 85 114 2 0
131 137 219 1271 777 142 123 525 1410 340 78 114 3 0
131 153 187 609 318 138 123 215 837 297 84 114 4 0
131 137 118 49 142 139 123 0 178 273 85 114 5 0
112 137 113 65 142 137 123 0 194 273 81 114 6 0
115 137 155 546 430 134 107 224 850 299 85 98 7 0
115 137 203 1313 984 135 123 679 1618 488 84 114 8 0
131 137 171 221 239 134 123 24 354 276 85 114 9 0
131 153 114 65 158 134 123 0 178 273 76 114 10 0
147 153 116 52 142 128 107 0 178 273 74 15000 11 0
Chip#1
131 137 114 52 142 134 107 0 178 273 78 114 0 56
115 137 114 56 142 133 107 0 178 273 84 114 1 0
115 137 116 187 174 132 107 19 235 273 81 98 2 0
115 137 203 1269 771 137 123 533 1410 338 81 114 3 0
107 137 118 593 318 131 107 215 828 288 70 114 4 0
115 137 171 49 142 137 107 0 178 273 80 114 5 0
115 153 114 65 158 135 123 0 194 273 80 114 6 0
115 137 117 544 430 129 107 224 850 294 74 98 7 0
114 121 187 1297 942 133 107 679 1618 472 84 98 8 0
131 137 118 225 234 137 123 26 354 275 82 114 9 0
115 121 109 49 126 133 107 0 162 273 73 98 10 0
131 137 117 49 142 135 107 0 178 273 85 15000 11 0
Chip#1
131 137 112 49 126 128 107 0 162 273 73 98 0 56
115 137 114 49 142 138 107 0 178 273 78 98 1 0
131 137 117 183 174 134 107 17 235 273 81 114 2 0
131 137 219 1281 780 142 123 535 1410 345 84 114 3 0
131 137 171 609 334 139 123 215 833 290 82 114 4 0
131 137 118 49 142 133 107 0 178 273 76 98 5 0
111 137 116 65 142 133 123 0 194 273 82 114 6 0
131 137 171 550 430 134 123 224 850 392 77 114 7 0
115 137 203 1313 986 143 123 679 1618 488 87 114 8 0
112 137 113 217 228 130 123 22 338 273 73 114 9 0
131 137 118 65 142 140 123 0 178 273 84 114 10 0
147 153 171 49 142 137 123 0 178 273 87 15000 11 0
Chip#1
131 137 113 49 142 138 107 0 178 273 81 114 0 56
131 137 117 56 142 135 107 0 178 273 82 114 1 0
131 137 171 194 174 137 123 22 338 278 85 114 2 0
131 137 219 1266 777 151 123 537 1410 440 87 114 3 0
110 137 117 593 318 129 107 199 828 283 69 114 4 0
114 137 109 56 142 131 107 0 178 273 73 114 5 0
131 137 112 65 142 137 123 0 194 273 80 114 6 0
112 137 109 537 430 129 123 245 850 286 72 114 7 0
131 137 203 1314 978 135 123 679 1618 488 78 114 8 0
115 137 114 220 234 134 107 21 338 280 74 98 9 0
131 137 116 54 142 130 107 0 178 273 78 114 10 0
147 137 116 57 142 134 123 0 178 273 81 15000 11 0
Chip#1
131 137 114 50 142 133 107 0 178 273 76 114 0 57
114 137 114 50 142 130 107 0 178 273 73 98 1 0
112 137 118 188 174 134 107 25 235 274 85 114 2 0
115 137 203 1263 770 137 107 531 1394 340 81 114 3 0
110 137 155 593 318 133 107 199 829 285 73 98 4 0
115 137 155 49 142 140 107 0 178 273 85 114 5 0
115 137 118 65 142 138 107 0 194 273 85 114 6 0
115 137 171 546 430 137 123 224 850 295 81 114 7 0
115 137 203 1313 984 135 123 679 1618 488 82 114 8 0
115 137 155 225 174 135 107 29 338 280 84 98 9 0
131 137 117 49 126 134 107 0 178 273 80 114 10 0
147 153 117 54 142 138 123 0 178 273 82 15000 11 0
Chip#1
131 137 117 56 142 137 107 0 178 273 88 114 0 57
131 137 155 56 142 135 107 0 178 273 78 114 1 0
115 137 116 184 174 134 107 19 235 273 82 114 2 0
112 137 203 1269 767 143 107 527 1410 336 80 114 3 0
112 121 155 593 318 129 107 199 770 288 74 98 4 0
112 121 110 49 126 133 107 0 178 273 72 98 5 0
110 121 113 49 142 133 107 0 178 273 76 98 6 0
111 137 112 537 430 132 107 246 850 283 74 98 7 0
131 137 203 1313 978 138 107 679 1618 488 85 114 8 0
115 137 117 217 233 133 107 25 338 278 82 114 9 0
131 137 113 49 142 130 107 0 178 273 78 114 10 0
147 137 114 52 142 132 107 0 178 273 80 15000 11 0
Chip#1
131 137 110 52 126 126 107 0 162 273 73 114 0 57
115 137 114 54 126 135 107 0 178 273 81 114 1 0
131 153 171 192 221 142 123 25 338 273 84 114 2 0
110 137 203 1258 767 137 107 531 1410 336 78 114 3 0
105 137 171 593 318 130 107 199 824 280 78 98 4 0
131 137 116 49 142 135 123 0 178 273 80 114 5 0
115 137 114 49 142 135 107 0 194 273 74 114 6 0
131 153 171 542 474 135 123 224 850 392 76 114 7 0
110 137 187 1309 942 129 107 679 1618 472 70 98 8 0
131 137 171 227 239 140 123 33 338 281 81 114 9 0
131 137 118 57 142 134 107 0 178 273 82 114 10 0
131 137 114 54 126 129 107 0 162 273 80 15000 11 0
Chip#1
147 153 116 54 142 133 123 0 194 273 81 130 0 58
115 137 116 56 142 135 107 0 178 273 82 114 1 0
115 137 118 188 174 133 107 15 235 273 84 114 2 0
112 137 219 1260 763 135 123 528 1426 332 76 114 3 0
115 137 171 609 318 138 107 199 832 291 80 114 4 0
114 137 110 56 142 133 107 0 178 273 78 114 5 0
109 137 110 57 142 130 107 0 178 273 78 98 6 0
131 137 171 548 481 134 123 224 882 297 84 114 7 0
131 153 203 1329 992 134 123 727 1714 504 88 114 8 0
115 137 171 225 237 134 123 25 354 276 82 114 9 0
131 137 114 53 142 133 107 0 178 273 80 114 10 0
131 137 108 46 126 133 107 0 178 273 78 15000 11 0
Chip#1
147 153 171 49 142 137 123 0 194 273 85 130 0 58
131 137 114 53 142 134 107 0 178 273 87 114 1 0
115 137 116 190 174 133 107 20 235 273 80 114 2 0
115 137 203 1259 768 139 107 526 1410 338 82 114 3 0
114 137 155 593 318 130 107 199 828 285 77 114 4 0
131 137 117 49 142 138 123 0 178 273 81 114 5 0
107 137 105 57 126 129 107 0 178 273 76 98 6 0
112 121 155 535 430 128 107 215 866 293 78 98 7 0
110 137 203 1311 978 130 107 711 1682 488 74 98 8 0
114 137 116 220 232 130 107 22 354 273 82 114 9 0
131 137 171 49 142 131 123 0 178 273 81 114 10 0
131 137 116 53 126 129 107 0 178 273 78 15000 11 0
Chip#1
131 137 155 53 142 135 107 0 178 273 81 114 0 58
131 153 116 57 142 137 123 0 178 273 84 114 1 0
114 137 116 188 221 134 107 18 235 273 81 114 2 0
114 137 203 1260 764 135 107 526 1410 337 78 98 3 0
106 137 155 593 318 130 107 199 821 288 74 98 4 0
112 137 116 54 142 133 107 0 194 273 80 114 5 0
112 137 171 65 142 138 123 0 194 274 82 114 6 0
107 121 118 541 430 128 107 224 866 291 77 98 7 0
114 121 203 1313 942 133 107 711 1682 488 80 98 8 0
114 137 117 218 174 132 107 29 338 278 80 98 9 0
115 137 112 53 142 129 107 0 178 273 78 114 10 0
131 137 113 53 126 134 107 0 178 273 81 15000 11 0
Chip#1
131 137 116 50 126 134 107 0 178 273 80 114 0 58
131 137 118 54 142 134 123 0 178 273 81 114 1 0
131 137 118 187 174 137 107 20 235 273 80 114 2 0
131 153 219 1260 773 143 123 529 1410 340 82 114 3 0
115 137 171 593 318 137 107 215 828 288 72 114 4 0
114 137 114 57 142 134 123 0 194 273 80 114 5 0
131 153 116 65 142 139 123 0 194 273 87 114 6 0
115 137 171 537 430 131 123 224 882 289 77 114 7 0
131 137 203 1313 982 134 107 711 1698 488 78 114 8 0
111 137 116 214 229 130 107 22 354 273 78 98 9 0
131 137 117 49 142 140 107 0 178 273 88 114 10 0
163 153 171 65 158 143 123 0 194 275 95 15000 11 0
Chip#1
115 137 109 49 126 129 91 0 162 273 76 98 0 59
112 137 117 56 142 135 107 0 178 273 76 114 1 0
115 137 155 196 174 138 107 21 235 273 87 98 2 0
115 153 219 1256 770 142 123 532 1426 343 81 114 3 0
110 137 118 593 318 138 107 199 828 285 73 98 4 0
131 153 171 65 142 142 123 0 194 273 87 114 5 0
114 137 114 65 142 131 123 0 194 273 78 114 6 0
115 137 171 541 430 135 107 224 866 293 77 114 7 0
109 137 203 1314 979 129 107 695 1682 488 73 98 8 0
131 153 171 229 239 142 123 33 354 281 88 114 9 0
131 153 171 56 142 138 123 0 194 273 85 114 10 0
131 137 113 56 126 132 107 0 178 273 81 15000 11 0
Chip#1
131 153 117 54 142 130 123 0 194 273 82 130 0 59
115 137 155 54 142 137 107 0 178 273 81 114 1 0
112 137 109 183 174 128 107 15 235 273 73 114 2 0
115 137 203 1263 770 140 107 530 1410 341 81 98 3 0
115 137 117 593 318 133 107 215 828 284 78 114 4 0
103 137 108 48 126 130 107 0 178 273 70 98 5 0
115 137 118 65 142 137 107 0 194 273 81 114 6 0
115 137 118 541 430 133 107 224 866 293 78 114 7 0
107 137 203 1311 973 133 123 695 1682 488 73 98 8 0
109 137 118 220 237 138 107 26 354 278 82 114 9 0
131 137 171 49 142 139 123 0 194 273 85 114 10 0
131 137 114 54 126 133 107 0 178 273 82 15000 11 0
Chip#1
131 137 110 53 142 133 107 0 178 273 74 114 0 59
115 137 112 56 142 132 107 0 178 273 78 114 1 0
112 137 112 185 174 129 107 17 235 273 82 98 2 0
115 137 203 1254 764 138 107 527 1410 331 77 114 3 0
115 137 118 593 318 137 107 199 828 291 81 114 4 0
115 137 109 57 142 132 107 0 178 273 78 98 5 0
112 137 114 49 142 135 107 0 194 273 81 98 6 0
111 137 171 544 479 129 107 224 866 296 78 114 7 0
131 137 203 1313 986 137 107 711 1698 488 85 114 8 0
115 137 155 218 174 135 107 25 338 273 78 98 9 0
131 137 118 54 142 137 107 0 178 273 80 114 10 0
147 153 114 49 142 134 123 0 178 273 82 15000 11 0
Chip#1
131 137 105 49 126 129 107 0 162 273 70 114 0 60
112 137 112 50 126 129 107 0 178 273 78 98 1 0
112 153 117 187 174 131 107 14 338 273 80 114 2 0
109 137 203 1244 762 137 123 524 1410 331 76 114 3 0
111 137 171 593 318 140 123 215 828 288 80 114 4 0
109 137 112 49 126 135 107 0 178 273 78 114 5 0
114 137 116 65 142 139 123 0 194 273 82 114 6 0
115 137 155 545 430 138 107 224 866 296 82 98 7 0
112 137 203 1313 987 135 123 711 1698 488 85 114 8 0
109 121 112 216 174 126 107 17 338 273 76 98 9 0
131 137 118 54 126 132 107 0 178 273 82 114 10 0
147 153 118 49 142 135 123 0 178 273 80 15000 11 0
Chip#1
131 137 114 52 126 133 107 0 178 273 82 98 0 60
131 137 117 49 142 130 123 0 178 273 80 114 1 0
114 137 116 186 174 135 107 20 235 273 80 114 2 0
114 137 203 1254 765 138 107 526 1410 337 77 114 3 0
107 137 171 593 318 134 107 199 830 291 76 114 4 0
113 121 111 56 126 135 91 0 162 273 74 98 5 0
131 137 171 65 142 142 123 0 194 273 84 114 6 0
131 137 171 548 430 137 123 224 866 299 82 114 7 0
114 137 203 1310 973 129 123 711 1698 504 76 114 8 0
112 137 114 218 233 131 107 26 338 276 78 98 9 0
115 137 114 46 126 129 107 0 178 273 76 98 10 0
147 137 117 49 142 137 107 0 178 273 85 15000 11 0
Chip#1
147 153 118 55 142 129 123 0 194 273 81 130 0 60
115 137 116 49 142 134 107 0 178 273 80 114 1 0
115 137 117 190 174 134 107 20 235 275 87 98 2 0
111 137 203 1254 767 135 107 528 1410 337 77 114 3 0
109 121 114 593 302 130 107 199 770 285 77 98 4 0
109 121 110 49 126 125 91 0 178 273 76 98 5 0
112 137 116 49 142 135 107 0 178 273 78 98 6 0
131 137 171 541 474 134 123 224 866 294 81 114 7 0
109 137 187 1309 942 129 107 695 1682 488 74 98 8 0
131 137 171 222 235 134 123 30 354 283 82 114 9 0
131 137 117 49 126 137 107 0 178 273 85 114 10 0
147 137 155 56 142 142 107 0 178 273 84 15000 11 0
Chip#1
131 137 114 52 142 135 107 0 178 273 82 114 0 60
131 137 114 56 142 137 107 0 178 273 81 114 1 0
115 137 114 181 174 137 107 13 235 273 78 114 2 0
111 137 203 1249 756 130 107 520 1394 326 69 98 3 0
115 137 155 593 318 142 107 199 832 294 80 98 4 0
112 137 110 52 142 134 107 0 178 273 76 114 5 0
131 137 118 65 158 144 123 3 194 274 84 114 6 0
131 137 118 541 476 133 123 224 866 392 81 114 7 0
131 153 203 1309 981 133 123 711 1698 504 80 114 8 0
115 137 110 213 235 137 107 25 338 273 80 98 9 0
115 137 117 53 126 134 107 0 162 273 77 98 10 0
147 137 117 52 142 133 107 0 178 273 76 15000 11 0
Chip#1
131 137 171 53 142 138 107 0 194 273 84 114 0 61
131 137 116 52 142 130 107 0 178 273 76 114 1 0
115 153 171 190 220 138 123 22 338 376 82 114 2 0
115 137 219 1257 770 145 123 531 1410 342 87 114 3 0
110 137 171 593 318 134 107 199 829 286 76 98 4 0
131 137 171 49 142 139 123 2 194 278 82 114 5 0
115 137 113 49 142 135 107 0 194 273 84 98 6 0
115 137 155 535 430 133 107 224 866 291 77 98 7 0
109 121 187 1304 942 132 107 695 1666 488 74 98 8 0
111 121 113 211 174 129 91 20 338 273 71 82 9 0
131 137 171 57 142 140 123 0 194 273 80 114 10 0
147 137 155 49 142 140 107 0 178 273 85 15000 11 0
Chip#1
131 137 110 43 142 130 107 0 178 273 76 114 0 61
115 137 116 57 142 133 107 0 178 273 80 114 1 0
115 137 117 186 223 138 107 17 235 273 81 114 2 0
115 137 219 1249 773 147 123 527 1410 342 82 114 3 0
109 137 171 593 318 134 107 199 824 284 72 98 4 0
131 137 171 65 142 145 123 0 194 273 85 114 5 0
110 137 109 65 142 134 107 0 194 273 80 114 6 0
110 153 117 535 473 129 123 248 866 392 78 114 7 0
131 153 203 1309 978 137 107 695 1682 504 80 114 8 0
114 137 155 217 233 135 107 26 354 278 76 114 9 0
131 137 113 46 142 130 107 0 178 273 74 114 10 0
147 153 171 57 142 139 123 0 194 273 82 15000 11 0
Chip#1
147 153 171 49 142 137 123 0 178 273 89 130 0 61
115 137 110 54 142 129 107 0 178 273 78 114 1 0
115 137 117 190 227 135 123 18 235 273 87 114 2 0
109 121 203 1243 702 130 107 515 1394 335 74 98 3 0
115 121 155 593 302 138 107 199 770 288 76 98 4 0
109 137 109 53 142 133 107 0 178 273 77 98 5 0
131 153 171 65 158 142 123 0 194 273 85 114 6 0
115 137 171 545 430 135 107 224 866 298 81 98 7 0
115 137 203 1304 942 133 107 695 1666 488 80 114 8 0
131 137 171 222 234 135 123 29 354 273 78 98 9 0
131 137 171 56 142 135 123 0 178 273 82 114 10 0
147 137 114 53 142 134 123 0 178 273 82 15000 11 0
Chip#1
131 153 110 53 142 133 107 0 178 273 80 114 0 61
131 137 117 56 142 137 107 0 178 273 84 114 1 0
111 137 116 181 219 135 107 12 235 273 80 114 2 0
114 137 203 1248 759 133 107 516 1394 335 76 98 3 0
114 137 155 593 302 133 107 199 770 285 77 98 4 0
115 137 117 49 142 131 107 0 178 273 77 114 5 0
131 153 116 65 142 137 123 0 194 273 84 114 6 0
114 137 155 535 430 131 107 224 866 293 78 114 7 0
131 153 219 1313 987 139 123 711 1698 504 91 114 8 0
115 137 118 218 234 134 107 22 338 275 78 98 9 0
131 137 116 54 142 135 107 0 178 273 78 114 10 0
147 153 171 49 142 135 123 0 178 273 84 15000 11 0
Chip#1
147 153 112 57 142 133 123 0 194 273 78 114 0 62
131 137 155 49 142 135 107 0 178 273 80 114 1 0
115 153 171 186 225 140 123 24 338 275 82 114 2 0
115 153 203 1252 766 142 123 527 1410 337 80 114 3 0
115 137 171 593 318 139 107 199 827 286 76 114 4 0
131 153 171 65 158 140 123 0 194 275 85 114 5 0
131 137 116 49 142 139 123 0 194 273 78 114 6 0
107 137 117 531 430 132 107 224 850 288 73 98 7 0
114 137 203 1303 942 135 107 695 1682 488 80 98 8 0
114 137 155 218 232 131 107 22 338 274 78 98 9 0
131 137 171 49 142 140 123 0 178 273 81 114 10 0
131 137 113 50 126 133 107 0 178 273 78 15000 11 0
Chip#1
131 137 117 54 126 135 107 0 178 273 78 114 0 62
115 121 155 56 126 139 91 0 162 273 78 98 1 0
115 137 117 191 220 137 107 20 235 273 87 114 2 0
114 121 203 1249 702 135 91 523 1394 336 77 98 3 0
131 153 171 609 318 138 123 199 827 290 77 114 4 0
112 137 114 56 142 133 107 0 178 273 78 98 5 0
112 137 117 65 142 131 107 0 194 273 81 114 6 0
131 153 171 544 481 139 123 224 866 297 84 114 7 0
110 137 203 1294 973 132 107 695 1682 488 76 98 8 0
115 137 155 224 235 139 107 25 338 279 85 114 9 0
131 137 171 49 142 139 123 0 178 273 82 114 10 0
147 153 114 54 142 135 107 0 178 273 84 15000 11 0
Chip#1
131 153 118 49 142 143 123 0 178 274 85 114 0 62
131 153 116 57 142 133 123 0 194 273 78 114 1 0
112 137 113 179 174 131 107 15 235 273 76 114 2 0
131 137 219 1250 766 139 123 527 1394 338 82 114 3 0
112 137 155 593 318 137 107 199 770 290 80 114 4 0
131 137 117 49 142 138 107 0 178 273 82 114 5 0
112 137 112 65 158 133 123 0 194 273 74 114 6 0
114 137 117 534 430 138 107 215 850 295 82 114 7 0
115 137 203 1304 984 137 107 695 1682 488 87 114 8 0
111 137 112 214 235 130 107 18 354 273 76 114 9 0
131 137 171 56 142 138 107 0 178 273 85 114 10 0
147 153 117 49 142 134 107 0 178 273 82 15000 11 0
Chip#1
131 137 109 54 142 132 107 0 178 273 78 114 0 62
115 137 110 50 126 130 107 0 178 273 78 114 1 0
115 137 114 186 174 134 107 19 235 273 84 98 2 0
115 137 219 1243 764 142 123 525 1378 336 82 114 3 0
114 137 171 593 318 132 107 199 820 290 77 114 4 0
114 137 112 49 126 133 107 0 178 273 81 98 5 0
115 137 116 49 142 138 123 0 194 273 82 114 6 0
131 137 171 540 430 145 123 224 866 303 88 114 7 0
131 137 203 1298 977 138 123 695 1666 504 84 114 8 0
112 137 112 211 228 132 107 19 338 273 82 98 9 0
131 137 118 57 142 135 123 0 178 273 80 114 10 0
147 153 118 49 142 140 123 0 178 275 85 15000 11 0
Chip#1
131 153 113 52 142 137 123 0 178 273 82 114 0 63
114 137 116 53 142 134 107 0 178 273 81 114 1 0
115 137 155 192 174 135 107 19 235 273 81 114 2 0
115 153 203 1243 760 142 123 524 1394 340 85 114 3 0
115 137 171 593 318 137 123 199 820 289 78 114 4 0
115 137 116 49 142 143 123 3 178 275 91 114 5 0
112 137 113 65 158 133 123 0 194 273 76 114 6 0
114 137 155 539 430 135 107 224 850 298 82 114 7 0
107 137 187 1297 942 132 107 679 1666 472 77 98 8 0
111 137 114 217 235 138 107 27 354 376 80 114 9 0
115 137 113 52 142 133 107 0 162 273 80 98 10 0
147 137 155 54 142 138 107 0 178 273 85 15000 11 0
Chip#1
131 137 113 57 142 133 107 0 178 273 82 114 0 63
111 137 106 50 126 126 107 0 178 273 76 98 1 0
114 137 118 190 174 139 123 20 235 273 81 114 2 0
102 137 203 1229 747 126 107 505 1378 424 69 98 3 0
114 137 171 593 318 137 107 199 821 289 78 114 4 0
115 137 114 49 142 135 107 0 194 273 81 114 5 0
110 137 108 56 142 128 107 0 194 273 72 98 6 0
115 137 118 536 430 137 123 224 866 296 80 114 7 0
114 153 203 1286 977 135 107 679 1666 488 80 114 8 0
114 137 118 217 234 128 107 21 338 273 77 114 9 0
131 137 116 50 142 126 107 0 178 273 74 114 10 0
147 137 114 50 142 132 107 0 178 273 80 15000 11 0
Chip#1
147 153 117 56 142 133 123 0 178 273 84 130 0 63
131 137 117 56 142 135 107 0 178 273 81 114 1 0
115 137 171 190 174 138 107 24 235 273 87 98 2 0
115 153 219 1239 755 142 123 515 1394 337 78 114 3 0
111 137 117 593 318 132 107 199 814 283 69 98 4 0
112 137 109 53 126 132 107 0 178 273 76 98 5 0
111 137 110 49 142 135 107 0 178 273 82 98 6 0
106 121 109 530 414 129 107 215 850 284 76 98 7 0
110 137 203 1291 942 132 107 679 1666 488 82 98 8 0
115 137 116 220 232 135 107 24 354 276 82 114 9 0
131 137 113 54 142 133 107 0 178 273 76 114 10 0
147 153 171 56 142 137 123 0 178 273 84 15000 11 0
Chip#1
131 137 109 49 142 134 107 0 178 273 82 114 0 64
115 137 113 49 142 134 123 0 178 273 84 114 1 0
115 137 114 183 174 134 107 20 235 273 82 114 2 0
131 153 219 1245 761 140 123 525 1394 340 85 114 3 0
131 137 171 593 318 142 123 215 824 295 84 114 4 0
131 153 116 49 142 139 123 0 178 273 88 114 5 0
112 137 114 49 142 133 107 0 194 273 77 98 6 0
131 137 155 537 430 137 107 224 866 295 85 114 7 0
115 121 203 1288 942 134 107 679 1650 472 78 98 8 0
131 153 171 222 233 135 123 29 354 275 80 114 9 0
131 137 108 48 142 126 107 0 178 273 76 114 10 0
131 137 112 53 142 132 107 0 178 273 82 15000 11 0
Chip#1
131 137 117 56 126 130 107 0 178 273 81 114 0 64
115 137 114 52 142 128 107 0 178 273 74 98 1 0
107 137 116 182 174 130 107 15 235 273 78 98 2 0
131 153 219 1252 766 148 123 525 1394 343 88 114 3 0
107 137 117 593 302 132 107 199 815 285 74 98 4 0
109 137 108 52 142 129 123 0 178 273 74 98 5 0
131 153 171 65 158 139 123 0 194 275 87 114 6 0
115 137 171 537 430 138 123 224 850 298 87 114 7 0
111 137 203 1290 942 135 107 679 1666 488 80 114 8 0
115 137 117 222 232 132 107 25 338 275 80 98 9 0
131 137 114 56 142 135 107 0 178 273 80 98 10 0
131 137 114 54 142 137 107 0 178 273 80 15000 11 0
Chip#1
131 137 113 54 142 132 107 0 178 273 80 114 0 64
114 137 110 50 142 133 107 0 178 273 80 98 1 0
112 137 116 184 174 133 107 16 235 273 84 114 2 0
106 137 203 1241 753 137 107 515 1378 335 76 98 3 0
114 137 155 577 318 132 107 199 754 286 76 114 4 0
110 121 112 56 142 130 107 0 178 273 76 98 5 0
131 137 118 65 142 135 107 0 194 273 82 114 6 0
110 121 118 544 430 130 107 215 850 291 76 98 7 0
110 137 203 1313 983 133 107 679 1666 488 78 114 8 0
131 137 171 227 239 142 107 33 354 279 84 114 9 0
115 137 117 54 126 133 107 0 178 273 78 98 10 0
147 153 171 65 142 142 123 0 194 273 87 15000 11 0
Chip#1
131 137 110 50 142 129 107 0 178 273 76 114 0 64
111 153 112 49 142 134 123 0 178 273 80 114 1 0
131 153 113 183 224 137 123 17 235 273 81 114 2 0
115 137 203 1241 702 137 107 515 1378 335 78 98 3 0
110 137 116 593 318 130 107 199 811 283 73 114 4 0
115 137 109 57 142 132 107 0 178 273 78 114 5 0
131 137 114 65 158 133 123 0 194 273 81 114 6 0
115 137 155 537 430 132 107 215 850 290 80 98 7 0
115 137 203 1309 990 137 123 695 1666 488 87 114 8 0
115 137 116 216 237 133 107 21 338 275 80 98 9 0
131 137 112 52 142 134 107 0 178 273 81 114 10 0
147 153 113 52 142 135 123 0 178 273 81 15000 11 0
Chip#1
131 137 108 45 142 129 107 0 178 273 78 114 0 65
131 137 110 48 142 129 123 0 178 273 77 114 1 0
114 137 108 178 174 129 107 13 235 273 76 98 2 0
111 137 203 1240 755 135 107 513 1378 332 78 114 3 0
114 137 155 577 302 132 107 199 813 283 76 98 4 0
131 137 112 56 142 133 123 0 178 273 77 114 5 0
131 153 171 65 158 144 123 0 194 273 89 114 6 0
109 137 116 539 430 129 107 215 850 291 80 98 7 0
115 137 203 1297 992 139 107 679 1666 488 85 114 8 0
114 137 114 214 230 129 107 21 338 273 80 98 9 0
115 137 112 52 142 130 107 0 178 273 74 98 10 0
131 153 114 49 142 133 123 0 178 273 85 15000 11 0
Chip#1
147 137 114 53 142 133 123 0 178 273 84 114 0 65
112 137 112 52 126 124 107 0 178 273 78 98 1 0
115 137 117 190 174 135 123 20 235 274 88 114 2 0
131 137 219 1248 769 139 107 520 1378 343 88 114 3 0
131 153 171 609 318 140 123 215 825 297 87 114 4 0
106 137 113 53 126 130 107 0 178 273 77 98 5 0
131 137 118 65 142 138 123 0 194 275 80 114 6 0
115 137 171 550 487 131 123 224 850 289 80 114 7 0
112 137 203 1345 1013 131 107 679 1666 488 76 114 8 0
131 153 171 236 241 138 123 31 354 284 89 130 9 0
106 121 105 40 126 120 107 0 162 273 65 98 10 0
147 137 116 53 142 133 107 0 178 273 80 15000 11 0
Chip#1
131 137 114 49 126 132 107 0 178 273 80 114 0 65
131 137 114 53 142 134 107 0 178 273 78 114 1 0
115 137 155 187 174 137 107 20 235 273 85 114 2 0
115 137 203 1231 752 140 107 515 1362 340 82 114 3 0
115 137 171 577 302 139 123 199 818 293 87 114 4 0
131 137 112 49 142 133 107 0 178 273 80 114 5 0
112 137 114 49 142 137 107 1 178 273 80 114 6 0
115 137 171 550 483 132 107 224 850 291 84 114 7 0
111 137 203 1329 1000 130 107 663 1634 488 81 98 8 0
111 137 114 217 228 132 107 17 338 273 78 98 9 0
114 137 112 45 142 131 123 0 178 273 77 114 10 0
147 153 155 49 142 134 107 0 178 273 84 15000 11 0
Chip#1
131 137 109 52 126 128 107 0 178 273 76 114 0 66
115 137 116 54 126 128 107 0 178 273 80 114 1 0
131 137 171 192 174 140 107 29 235 280 92 114 2 0
108 137 219 1224 743 138 123 503 1378 440 77 114 3 0
115 153 171 593 318 137 123 215 811 288 84 114 4 0
115 137 113 49 142 134 107 0 178 274 78 114 5 0
109 137 105 57 142 128 107 0 178 273 76 98 6 0
115 137 116 537 430 133 107 215 747 289 81 98 7 0
131 137 203 1313 1005 139 123 679 1650 488 81 114 8 0
114 137 155 217 232 133 107 24 338 273 77 98 9 0
112 121 110 46 126 129 107 0 162 273 77 98 10 0
131 137 117 57 126 135 107 0 178 273 87 15000 11 0
Chip#1
131 137 108 48 126 128 107 0 178 273 77 114 0 66
131 137 110 52 142 130 123 0 178 273 76 114 1 0
131 137 171 187 174 139 107 26 235 279 92 114 2 0
131 137 203 1229 749 142 123 517 1378 340 81 114 3 0
115 137 117 577 318 137 107 199 818 285 82 114 4 0
131 153 171 49 142 142 123 0 194 274 85 114 5 0
115 137 117 49 142 135 107 1 194 273 87 114 6 0
114 137 117 542 480 131 107 253 850 392 80 114 7 0
103 137 203 1313 999 125 107 663 1650 472 73 98 8 0
114 137 114 230 237 134 123 24 354 274 87 114 9 0
131 137 113 54 142 130 107 0 178 273 78 114 10 0
131 137 105 44 126 128 107 0 178 273 77 15000 11 0
Chip#1
131 137 113 53 126 126 107 0 178 273 77 114 0 66
115 137 116 52 142 129 123 0 178 273 78 114 1 0
131 137 118 184 174 133 123 22 235 274 85 114 2 0
115 137 203 1231 748 137 107 515 1378 333 78 114 3 0
131 153 171 593 318 139 123 215 822 294 85 114 4 0
131 137 116 56 142 132 123 0 178 274 78 114 5 0
115 137 113 65 142 135 123 2 194 273 87 114 6 0
114 137 117 541 430 133 123 254 850 291 82 114 7 0
131 153 203 1329 1005 131 123 679 1650 504 85 114 8 0
115 137 118 226 235 135 107 24 354 283 84 114 9 0
131 137 155 56 142 135 107 0 178 273 85 114 10 0
147 153 171 49 142 137 107 0 178 273 88 15000 11 0
Chip#1
131 137 155 49 142 135 123 0 178 273 80 114 0 66
131 137 116 57 142 137 107 0 178 273 85 114 1 0
131 137 118 187 174 139 123 22 235 275 92 114 2 0
131 137 203 1201 740 137 107 497 1259 330 77 114 3 0
115 137 155 561 302 133 107 183 738 292 78 98 4 0
131 153 117 65 142 140 123 1 194 273 89 114 5 0
131 137 116 65 142 135 123 0 194 273 81 114 6 0
131 137 171 537 476 133 107 224 747 295 77 114 7 0
110 137 203 1304 984 133 123 663 1618 488 81 114 8 0
115 137 155 221 237 137 107 26 338 279 84 114 9 0
115 137 114 50 142 134 107 0 178 273 76 98 10 0
147 137 112 48 126 128 123 0 178 273 77 15000 11 0
Chip#1
131 137 109 49 142 130 107 0 178 273 77 114 0 67
115 137 113 54 126 135 107 0 178 273 82 98 1 0
115 137 112 181 174 135 107 20 235 273 78 114 2 0
111 153 219 1212 740 134 123 499 1378 336 76 114 3 0
114 137 171 577 302 134 107 199 805 288 80 98 4 0
112 153 113 54 158 133 123 0 194 273 77 114 5 0
131 137 110 49 142 138 107 0 178 273 85 114 6 0
114 137 118 539 430 126 107 215 747 291 77 114 7 0
115 137 203 1314 993 137 107 663 1634 488 81 114 8 0
115 137 113 216 234 132 107 20 338 273 76 98 9 0
131 137 114 49 142 133 107 0 178 273 82 114 10 0
147 137 114 52 126 133 107 0 178 273 78 15000 11 0
Chip#1
131 137 118 52 126 134 107 0 178 273 81 114 0 67
131 137 114 54 142 133 107 0 178 273 78 114 1 0
131 153 171 191 228 137 123 24 338 376 88 114 2 0
131 137 219 1222 747 144 123 513 1362 338 85 114 3 0
105 137 117 577 302 130 107 199 801 284 73 114 4 0
111 137 110 54 142 131 123 0 194 273 77 114 5 0
114 137 113 65 142 133 107 0 194 273 80 114 6 0
112 137 118 537 430 129 107 215 747 288 77 114 7 0
131 137 203 1313 989 135 107 663 1618 488 81 114 8 0
115 137 171 220 233 140 107 26 338 276 78 114 9 0
115 137 114 52 142 134 107 0 178 273 81 98 10 0
147 153 113 49 142 130 107 0 178 273 81 15000 11 0
Chip#1
131 137 116 54 142 133 107 0 162 273 81 114 0 67
115 137 110 50 142 131 107 0 178 273 77 114 1 0
107 121 110 178 174 130 107 11 235 273 78 98 2 0
131 137 203 1208 743 138 107 499 1362 332 80 114 3 0
131 153 171 593 318 145 123 199 813 392 88 114 4 0
105 137 106 50 126 124 107 0 178 273 73 98 5 0
115 153 118 65 142 137 123 0 194 273 85 114 6 0
107 137 118 555 488 132 107 215 747 288 77 98 7 0
111 137 203 1361 1039 130 107 663 1515 472 76 98 8 0
131 153 171 238 241 140 123 31 354 376 89 114 9 0
115 137 113 50 126 134 107 0 178 273 81 98 10 0
147 153 114 53 142 134 123 0 178 273 81 15000 11 0
Chip#1
131 153 117 49 142 137 107 0 178 273 85 114 0 68
114 137 112 49 126 125 107 0 178 273 80 114 1 0
131 137 118 179 174 135 107 21 235 273 81 114 2 0
114 137 203 1209 742 139 107 498 1259 331 76 114 3 0
111 137 171 577 318 131 107 199 796 284 74 114 4 0
111 137 110 52 126 128 107 0 178 273 73 98 5 0
115 137 117 49 142 137 123 2 194 273 78 114 6 0
105 137 112 545 480 128 107 215 747 284 72 98 7 0
110 137 203 1329 1027 129 107 647 1515 472 78 98 8 0
131 137 171 227 239 140 123 29 338 275 82 114 9 0
131 137 116 54 142 137 123 0 178 273 84 114 10 0
147 137 116 54 142 134 107 0 178 273 80 15000 11 0
Chip#1
131 153 155 49 142 138 123 0 178 274 87 130 0 68
131 153 117 54 142 133 123 0 178 273 77 114 1 0
131 137 114 179 174 133 107 15 235 273 77 114 2 0
115 137 219 1233 752 134 123 511 1378 336 78 114 3 0
131 137 171 593 318 139 123 215 815 293 78 114 4 0
131 137 118 49 142 137 123 0 194 274 85 114 5 0
131 153 171 65 158 144 123 5 194 276 85 114 6 0
114 137 118 554 493 130 107 215 747 290 71 114 7 0
114 137 203 1361 1045 137 123 679 1650 488 82 114 8 0
115 137 155 235 240 138 123 30 338 278 87 98 9 0
131 137 155 49 142 145 123 1 178 273 91 114 10 0
131 137 109 49 126 132 107 0 178 273 78 15000 11 0
Chip#1
147 153 171 65 142 142 123 0 178 274 84 130 0 68
131 137 117 56 142 134 107 0 178 273 84 114 1 0
111 137 113 183 174 135 107 20 235 274 80 98 2 0
114 137 203 1232 754 138 107 508 1378 332 82 114 3 0
115 137 171 593 318 139 107 199 820 290 80 114 4 0
109 121 105 50 126 126 91 0 162 273 78 98 5 0
115 121 114 49 142 137 107 0 178 273 78 98 6 0
131 137 171 545 495 137 123 224 850 296 82 114 7 0
107 137 203 1361 1039 128 123 663 1650 488 72 114 8 0
115 137 114 226 235 134 107 20 338 275 78 98 9 0
131 137 114 54 142 132 107 0 178 273 80 98 10 0
147 137 116 57 142 138 107 0 178 273 82 15000 11 0
Chip#1
131 137 114 49 142 130 107 0 178 273 78 114 0 68
115 137 113 50 126 130 107 0 178 273 80 114 1 0
110 137 110 182 174 130 107 15 235 273 80 98 2 0
110 153 203 1243 751 140 123 515 1394 332 74 114 3 0
131 153 187 609 334 144 123 215 833 392 82 130 4 0
115 137 114 57 142 134 107 0 178 273 77 114 5 0
115 137 114 49 142 138 107 0 194 273 84 114 6 0
131 137 117 561 495 133 123 224 850 291 77 114 7 0
131 137 203 1377 1043 134 123 679 1666 488 80 114 8 0
115 137 116 227 237 134 107 21 338 273 80 98 9 0
131 137 110 56 142 130 107 0 178 273 80 114 10 0
147 153 171 49 142 143 123 0 194 273 89 15000 11 0
Chip#1
131 137 117 52 142 135 107 0 178 273 78 114 0 69
115 137 114 53 126 132 107 0 178 273 80 114 1 0
114 137 116 186 174 134 107 21 235 273 81 114 2 0
114 137 203 1245 751 137 123 517 1394 335 84 114 3 0
112 137 116 593 318 132 107 199 823 286 73 114 4 0
110 137 114 49 142 135 107 0 178 273 77 114 5 0
115 137 113 65 142 134 123 0 194 273 80 114 6 0
131 137 171 561 501 138 123 224 850 300 88 114 7 0
111 137 187 1361 1039 129 107 663 1650 472 77 98 8 0
111 137 112 224 232 128 107 22 338 273 78 98 9 0
131 137 114 54 142 133 107 0 178 273 82 114 10 0
131 137 155 33 126 139 107 0 162 273 85 15000 11 0
Chip#1
131 137 112 50 142 130 107 0 178 273 76 114 0 69
110 137 113 48 142 132 107 0 178 273 73 114 1 0
131 137 114 186 174 134 123 18 235 273 82 114 2 0
115 137 203 1243 757 135 107 516 1394 333 76 98 3 0
107 137 155 593 302 134 107 199 816 285 72 98 4 0
114 137 117 54 126 138 107 0 178 273 81 98 5 0
115 153 118 49 142 137 123 0 194 273 74 114 6 0
111 137 155 556 494 134 107 215 850 291 77 98 7 0
131 137 203 1361 1045 140 107 679 1650 488 84 114 8 0
111 137 114 230 235 131 123 27 354 275 80 114 9 0
131 137 116 54 142 137 123 0 178 273 82 114 10 0
147 153 118 57 142 139 123 0 178 273 87 15000 11 0
Chip#1
131 137 113 54 142 137 107 0 178 273 81 114 0 70
111 137 108 50 142 125 123 0 178 273 78 114 1 0
131 137 171 190 174 138 123 25 235 275 88 114 2 0
110 137 203 1243 755 134 107 515 1394 333 77 98 3 0
115 137 155 593 318 138 107 199 770 293 81 114 4 0
111 137 106 50 142 138 107 0 178 273 76 114 5 0
131 137 118 49 142 137 107 2 194 273 88 114 6 0
115 137 155 545 446 134 107 215 747 293 82 98 7 0
115 137 203 1377 1042 137 107 663 1650 488 82 114 8 0
131 137 118 230 237 133 107 25 354 273 80 114 9 0
131 137 116 49 142 137 107 0 162 273 82 98 10 0
131 137 106 48 126 132 107 0 162 273 76 15000 11 0
Chip#1
131 137 113 54 126 129 107 0 178 273 78 114 0 70
112 137 112 52 142 132 107 0 178 273 76 114 1 0
110 137 110 181 174 128 107 17 235 273 77 98 2 0
114 137 203 1260 761 142 123 521 1394 340 80 98 3 0
115 137 171 593 318 140 123 199 829 294 81 98 4 0
114 121 113 57 126 135 107 0 178 273 80 98 5 0
112 137 109 49 142 134 123 0 194 273 76 114 6 0
114 153 171 561 498 134 123 224 850 290 78 114 7 0
109 137 203 1361 1034 132 107 679 1650 488 73 98 8 0
131 137 171 233 240 139 123 27 354 275 81 114 9 0
115 137 113 56 126 135 107 0 178 273 80 98 10 0
147 137 109 48 142 130 107 0 178 273 74 15000 11 0
Chip#1
131 137 109 46 142 128 107 0 178 273 74 114 0 70
131 137 118 56 142 133 107 0 178 273 84 114 1 0
114 137 109 182 174 131 107 15 235 273 77 114 2 0
115 137 203 1255 764 140 107 525 1394 337 81 114 3 0
131 137 171 609 318 137 123 215 827 289 81 114 4 0
106 137 105 46 142 128 107 0 178 273 73 114 5 0
114 137 109 49 142 134 107 0 178 273 80 98 6 0
131 137 155 545 501 140 107 224 850 298 89 114 7 0
131 137 203 1377 1050 140 123 679 1650 488 82 114 8 0
112 137 112 226 233 129 107 22 338 273 76 98 9 0
131 137 117 57 142 137 107 0 178 273 84 98 10 0
147 137 109 45 142 129 107 0 178 273 73 15000 11 0
Chip#1
131 137 108 50 142 130 107 0 178 273 81 114 0 70
131 137 112 54 142 131 107 0 178 273 77 114 1 0
131 153 117 187 227 138 123 24 235 376 89 114 2 0
115 137 203 1262 764 142 107 519 1378 335 76 98 3 0
131 153 171 609 318 138 123 215 828 294 80 114 4 0
131 137 113 49 142 138 107 0 178 274 80 114 5 0
115 137 116 49 142 135 107 3 194 276 87 114 6 0
110 137 112 545 489 128 107 215 747 289 74 98 7 0
115 137 203 1377 1046 134 107 663 1650 488 81 98 8 0
110 137 113 226 237 130 107 21 338 276 78 98 9 0
131 137 114 52 142 132 107 0 178 273 78 98 10 0
147 137 112 53 142 134 107 0 178 273 80 15000 11 0
Chip#1
131 137 101 48 126 126 107 0 178 273 70 114 0 71
131 137 118 49 142 137 123 3 178 276 84 114 1 0
131 153 171 194 227 140 123 22 338 273 89 114 2 0
115 137 203 1255 761 133 107 516 1378 335 76 98 3 0
115 137 118 593 318 133 107 199 821 286 80 114 4 0
114 137 105 52 142 130 107 0 178 273 73 114 5 0
115 137 117 49 142 139 107 0 178 273 85 114 6 0
115 137 155 561 499 137 123 224 850 296 80 114 7 0
112 137 203 1377 1039 126 123 663 1650 488 76 98 8 0
115 137 155 237 238 140 107 25 338 278 88 114 9 0
114 137 110 49 126 132 107 0 162 273 74 98 10 0
147 153 114 56 142 137 107 0 178 273 87 15000 11 0
Chip#1
131 137 113 54 142 134 107 0 162 273 78 114 0 71
114 137 108 50 142 133 107 0 178 273 76 114 1 0
131 137 114 187 174 137 123 18 235 273 84 114 2 0
115 137 203 1252 759 131 123 516 1394 336 76 114 3 0
112 137 155 593 318 130 107 199 818 284 70 98 4 0
111 137 105 53 126 132 107 0 178 273 69 98 5 0
131 153 118 65 142 142 123 1 194 275 87 114 6 0
112 137 116 545 494 132 107 215 747 291 70 98 7 0
111 137 203 1393 1035 128 107 663 1650 488 73 114 8 0
115 137 113 233 239 135 123 22 354 279 77 114 9 0
112 137 110 48 126 129 107 0 178 273 74 114 10 0
147 153 171 65 142 145 123 0 194 376 88 15000 11 0
Chip#1
131 137 110 48 142 132 107 0 178 273 78 114 0 71
115 137 113 54 142 135 107 0 178 273 87 98 1 0
131 137 116 184 174 135 107 20 235 273 80 114 2 0
115 137 203 1258 760 140 123 512 1394 338 84 114 3 0
131 137 171 593 318 137 107 215 824 289 81 114 4 0
112 137 109 54 142 130 123 0 178 273 81 114 5 0
131 137 171 65 142 143 123 0 194 273 87 114 6 0
114 137 171 545 493 138 107 224 747 296 82 114 7 0
115 137 203 1393 1046 134 107 663 1650 488 77 114 8 0
114 137 116 223 235 133 123 25 354 273 78 114 9 0
115 137 108 46 126 130 107 0 162 273 76 98 10 0
147 153 117 56 142 133 123 0 178 273 84 15000 11 0
Chip#1
131 137 116 49 142 137 107 0 178 275 88 114 0 72
115 137 116 52 126 137 107 0 178 273 82 98 1 0
131 153 118 186 224 137 123 20 338 376 82 114 2 0
114 137 203 1265 765 137 107 520 1394 335 81 98 3 0
107 137 116 609 318 129 123 215 820 286 72 114 4 0
111 137 104 49 142 128 107 0 178 273 77 114 5 0
131 137 113 65 158 138 123 0 194 273 84 114 6 0
131 137 171 561 499 135 107 215 850 293 81 114 7 0
131 137 203 1393 1046 133 123 663 1650 488 80 114 8 0
131 137 171 238 190 140 123 33 354 280 84 114 9 0
131 137 155 49 142 139 107 0 178 273 82 98 10 0
131 137 114 54 126 134 107 0 178 273 80 15000 11 0
Chip#1
131 137 109 50 142 130 107 0 178 273 77 114 0 72
115 137 117 56 142 137 107 0 178 273 81 114 1 0
131 153 171 192 229 135 123 22 338 275 87 114 2 0
111 137 203 1265 762 137 107 511 1394 337 76 98 3 0
107 137 118 593 318 135 107 199 827 293 76 98 4 0
115 137 114 57 142 133 107 0 178 273 77 114 5 0
115 137 155 65 142 142 107 0 194 276 89 114 6 0
115 137 171 561 499 138 107 224 747 295 80 114 7 0
115 137 203 1393 1048 132 107 679 1650 488 77 98 8 0
115 137 155 233 235 135 107 28 338 278 82 98 9 0
114 137 108 45 126 132 107 0 178 273 74 114 10 0
131 137 116 50 142 134 107 0 178 273 81 15000 11 0
Chip#1
147 153 117 53 142 134 123 0 178 273 80 114 0 72
114 137 112 52 142 135 123 0 178 273 81 114 1 0
131 153 171 190 224 139 123 18 338 273 82 114 2 0
131 137 203 1275 718 148 123 529 1410 345 91 114 3 0
114 121 155 593 302 135 107 199 770 292 73 98 4 0
114 137 108 57 142 131 123 0 194 273 76 114 5 0
131 137 171 65 158 138 123 0 194 274 87 114 6 0
107 121 116 545 494 130 107 215 747 291 76 98 7 0
111 121 187 1377 1041 135 107 663 1634 472 84 98 8 0
131 137 171 235 240 142 123 25 354 276 88 114 9 0
131 137 114 52 126 132 107 0 178 273 76 98 10 0
147 153 117 54 142 133 123 0 178 273 84 15000 11 0
Chip#1
131 137 118 56 142 137 107 0 178 273 80 114 0 73
131 137 110 53 142 130 123 0 178 273 76 114 1 0
110 137 110 188 174 130 107 15 235 273 78 114 2 0
111 137 219 1264 761 131 107 517 1394 332 72 114 3 0
131 153 171 609 318 139 123 215 833 296 87 130 4 0
131 137 118 49 142 143 123 0 194 278 85 114 5 0
111 137 112 49 142 134 107 0 178 273 77 114 6 0
110 137 171 545 495 133 107 215 747 293 74 114 7 0
111 137 203 1393 1036 132 107 663 1634 472 77 98 8 0
114 137 118 231 238 139 107 24 354 278 82 114 9 0
115 121 109 56 126 128 107 0 178 273 76 114 10 0
147 153 116 53 142 133 123 0 178 273 81 15000 11 0
Chip#1
131 153 117 56 142 137 107 0 178 273 84 114 0 73
115 137 116 57 142 133 107 0 178 273 81 98 1 0
115 137 116 183 174 130 107 20 235 273 80 98 2 0
131 137 219 1275 775 142 107 524 1410 440 82 114 3 0
112 137 118 609 318 131 123 199 822 284 76 114 4 0
114 137 117 49 142 137 107 0 178 273 84 114 5 0
114 137 109 49 142 132 107 0 178 273 81 98 6 0
115 121 155 545 446 134 107 215 747 296 82 98 7 0
107 137 203 1393 1031 132 107 679 1650 488 78 114 8 0
115 137 155 235 241 138 107 25 338 279 81 98 9 0
131 153 117 49 142 135 123 0 178 273 80 114 10 0
131 137 116 53 142 133 107 0 178 273 84 15000 11 0
Chip#1
131 137 104 45 142 128 107 0 178 273 72 114 0 73
131 137 113 49 142 134 123 0 178 273 81 114 1 0
115 137 155 191 174 139 107 20 235 274 82 98 2 0
131 153 219 1271 766 137 123 520 1410 440 80 114 3 0
114 121 155 593 318 133 107 199 770 285 77 98 4 0
107 137 109 53 126 133 107 0 178 273 76 114 5 0
112 137 116 49 142 135 107 0 194 273 84 114 6 0
131 137 171 561 504 139 123 224 850 392 82 114 7 0
131 137 219 1393 1045 140 123 679 1650 488 84 114 8 0
131 137 171 235 241 140 123 29 354 278 82 114 9 0
131 153 112 65 142 134 123 0 178 273 85 114 10 0
131 137 112 53 126 132 107 0 162 273 81 15000 11 0
Chip#1
131 137 110 52 126 133 107 0 162 273 88 114 0 74
115 137 113 56 126 134 107 0 178 273 84 114 1 0
114 137 114 182 158 133 91 15 235 273 78 98 2 0
114 137 203 1274 718 138 107 517 1410 335 80 114 3 0
131 153 171 625 334 147 123 215 838 392 85 114 4 0
131 137 118 49 142 135 107 0 178 273 84 114 5 0
111 137 117 49 142 130 107 0 194 273 78 114 6 0
102 121 112 558 492 125 91 215 747 284 69 98 7 0
112 153 219 1409 1045 134 123 679 1650 504 85 114 8 0
115 137 114 233 237 134 107 19 354 274 81 114 9 0
114 137 113 48 126 129 107 0 178 273 76 98 10 0
131 137 113 46 126 132 107 0 178 273 78 15000 11 0
Chip#1
131 137 110 48 126 132 107 0 162 273 74 114 0 74
131 137 114 52 142 133 107 0 178 273 77 114 1 0
107 137 110 187 174 130 107 13 235 273 77 114 2 0
114 137 203 1274 767 138 123 520 1410 337 85 114 3 0
112 137 118 609 318 137 123 215 824 291 77 114 4 0
109 121 113 56 126 134 107 0 178 273 77 98 5 0
110 137 109 57 142 128 107 0 178 273 74 98 6 0
112 137 117 561 503 135 123 239 850 392 78 114 7 0
112 137 203 1393 1041 137 123 663 1650 488 77 114 8 0
111 137 117 230 233 137 107 25 338 274 76 114 9 0
131 137 155 49 126 141 107 0 178 273 80 98 10 0
131 137 116 54 142 134 107 0 178 273 81 15000 11 0
Chip#1
131 153 108 48 142 129 107 0 178 273 73 114 0 74
131 137 114 54 142 134 107 0 178 273 77 114 1 0
115 137 155 194 174 144 107 24 235 280 87 114 2 0
131 153 219 1276 775 140 123 520 1410 337 82 114 3 0
115 137 171 609 318 135 107 199 827 289 73 114 4 0
115 137 118 57 142 135 107 0 178 273 85 114 5 0
115 137 117 65 142 143 123 0 194 273 81 114 6 0
109 121 118 545 446 132 107 215 747 294 77 98 7 0
111 137 203 1393 1039 129 107 663 1634 488 72 114 8 0
110 137 116 230 237 133 107 21 338 275 77 98 9 0
131 137 118 49 142 137 123 0 178 273 87 114 10 0
131 137 113 57 126 137 107 0 178 273 81 15000 11 0
Chip#1
131 153 116 56 142 144 123 0 178 273 85 114 0 75
131 137 112 50 142 133 107 0 178 273 81 114 1 0
115 137 117 187 174 137 107 16 235 273 87 114 2 0
115 137 219 1265 765 139 123 513 1410 330 77 114 3 0
111 153 171 609 318 138 123 215 823 293 82 114 4 0
115 153 117 57 158 137 123 0 194 273 80 114 5 0
114 137 118 49 142 137 107 0 194 273 80 114 6 0
115 137 171 561 446 135 107 215 747 291 77 98 7 0
112 137 203 1393 1036 135 107 663 1634 488 78 114 8 0
112 137 116 229 235 134 107 21 338 274 77 114 9 0
131 137 113 53 142 133 123 0 178 273 80 114 10 0
147 153 171 57 142 138 107 0 178 273 84 15000 11 0
Chip#1
115 137 110 52 126 133 107 0 162 273 76 98 0 75
131 137 117 54 142 135 107 0 178 273 80 114 1 0
131 137 171 191 223 139 123 22 338 276 87 114 2 0
115 137 203 1263 762 139 107 510 1378 337 80 114 3 0
115 137 171 593 318 137 107 199 811 288 74 114 4 0
112 137 113 54 142 133 107 0 178 273 78 114 5 0
107 137 110 49 142 130 107 0 178 273 74 98 6 0
109 137 116 545 498 132 107 215 747 291 80 98 7 0
131 153 219 1393 1042 145 123 679 1634 488 88 114 8 0
105 137 110 222 229 130 107 16 338 273 78 98 9 0
112 121 112 52 126 132 107 0 178 273 78 98 10 0
131 137 109 46 126 129 107 0 178 273 77 15000 11 0
Chip#1
131 137 112 50 142 130 107 0 178 273 76 114 0 75
112 137 110 53 126 133 107 0 178 273 78 114 1 0
103 137 100 166 174 119 107 1 235 273 69 98 2 0
131 137 203 1261 765 143 107 513 1394 337 81 114 3 0
109 137 114 593 318 128 107 199 816 284 74 98 4 0
109 121 110 54 126 132 107 0 178 273 80 98 5 0
131 137 113 65 142 133 123 0 194 273 80 114 6 0
109 137 118 545 496 132 123 215 747 293 80 114 7 0
112 137 203 1393 1039 130 123 663 1634 488 80 114 8 0
115 137 118 233 238 133 107 24 338 274 81 98 9 0
131 137 117 56 142 139 107 0 178 273 84 114 10 0
147 137 116 57 142 135 107 0 178 273 85 15000 11 0
Chip#1
131 137 116 56 142 138 107 0 178 273 88 114 0 76
111 121 111 53 126 129 107 0 162 273 74 98 1 0
112 153 114 188 174 133 123 18 235 273 84 114 2 0
114 137 203 1271 768 137 123 522 1410 340 80 114 3 0
107 137 117 593 318 138 107 199 819 289 73 114 4 0
107 137 110 49 142 126 107 0 178 273 73 98 5 0
114 137 110 49 142 135 107 0 194 273 78 114 6 0
131 137 155 561 499 135 107 215 747 294 74 114 7 0
114 137 203 1393 1039 137 123 679 1634 488 82 114 8 0
131 153 171 230 237 138 123 25 354 274 84 114 9 0
114 137 112 48 142 129 107 0 178 273 76 114 10 0
131 121 104 45 126 128 91 0 162 273 73 15000 11 0
Chip#1
131 137 105 54 142 129 107 0 178 273 77 114 0 76
112 137 113 53 126 133 107 0 178 273 73 98 1 0
105 137 114 184 174 130 107 16 235 273 77 98 2 0
112 137 203 1275 759 137 107 518 1410 336 80 114 3 0
106 121 110 593 302 130 107 199 821 283 76 98 4 0
131 137 114 49 142 137 123 0 178 273 87 114 5 0
131 153 117 65 158 148 123 5 194 376 93 130 6 0
131 153 171 561 496 140 123 224 850 297 87 114 7 0
114 137 203 1393 1040 133 107 663 1634 488 82 98 8 0
109 137 106 227 232 126 107 19 338 273 73 98 9 0
131 137 114 49 142 135 123 0 178 273 78 114 10 0
147 153 114 56 142 133 123 0 178 273 82 15000 11 0
Chip#1
131 137 102 46 126 133 107 0 162 273 74 114 0 76
131 153 114 54 142 135 123 0 178 273 78 114 1 0
115 137 112 186 174 135 107 19 235 273 80 114 2 0
115 137 203 1275 765 138 107 521 1394 334 78 114 3 0
114 137 118 609 318 134 107 199 823 286 77 114 4 0
111 137 113 49 142 134 107 0 178 273 81 114 5 0
115 137 118 49 142 139 107 1 178 273 85 98 6 0
131 153 171 561 503 140 123 224 850 301 87 130 7 0
131 153 219 1393 1037 140 123 679 1650 488 80 114 8 0
131 153 171 235 237 140 123 29 354 279 80 114 9 0
147 153 116 55 158 137 123 0 194 273 80 114 10 0
147 153 113 49 142 130 123 0 178 273 77 15000 11 0
Chip#1
131 137 117 56 126 133 107 0 178 274 77 114 0 76
114 137 116 54 142 133 107 0 178 273 77 98 1 0
112 137 114 181 174 137 107 15 235 273 77 98 2 0
115 137 203 1280 718 144 123 526 1410 341 80 114 3 0
111 137 171 609 318 134 107 199 825 290 77 114 4 0
109 137 113 53 142 134 107 0 178 273 70 98 5 0
110 137 112 65 142 129 107 0 194 273 76 114 6 0
115 137 171 561 495 137 107 224 850 301 78 114 7 0
99 121 187 1361 1023 121 107 663 1618 472 65 98 8 0
131 137 114 229 234 133 123 21 338 274 77 114 9 0
131 137 114 52 142 132 107 0 178 273 80 114 10 0
147 137 112 48 142 130 107 0 178 273 76 15000 11 0
Chip#1
131 137 114 54 142 135 107 0 178 273 81 114 0 77
115 137 112 57 126 137 107 0 178 273 81 114 1 0
131 153 171 196 224 142 123 21 235 274 87 114 2 0
115 137 219 1282 764 133 123 518 1410 440 76 114 3 0
131 137 171 609 334 142 123 199 830 293 87 114 4 0
110 137 113 53 142 135 107 0 178 273 78 114 5 0
105 137 104 53 142 129 123 0 194 273 70 114 6 0
107 137 113 561 489 130 107 240 747 291 80 98 7 0
111 137 203 1377 1036 129 107 663 1634 472 78 98 8 0
112 137 112 237 237 134 107 25 338 278 84 114 9 0
115 121 118 52 142 134 107 0 178 273 80 98 10 0
147 153 113 52 142 135 123 0 178 273 80 15000 11 0
Chip#1
131 137 117 49 142 138 107 0 178 273 85 114 0 77
110 137 113 54 142 129 107 0 178 273 76 114 1 0
114 137 116 184 174 135 107 16 235 273 80 114 2 0
131 137 219 1279 772 140 107 524 1410 338 80 98 3 0
115 137 171 609 318 140 107 215 832 289 82 114 4 0
110 137 110 54 142 133 107 0 178 273 76 98 5 0
131 137 109 49 142 135 107 0 178 273 77 98 6 0
115 137 171 545 499 135 107 246 850 291 78 98 7 0
115 137 203 1377 1035 128 107 663 1634 488 74 114 8 0
131 153 171 236 244 145 123 30 354 376 88 114 9 0
115 137 113 49 126 134 107 0 162 273 78 98 10 0
147 137 116 53 142 138 123 0 178 273 84 15000 11 0
Chip#1
131 137 106 39 142 125 107 0 178 273 70 114 0 77
115 137 108 49 142 130 107 0 178 273 74 114 1 0
115 137 109 186 174 132 107 19 235 273 77 114 2 0
107 121 203 1271 756 133 107 512 1410 330 70 98 3 0
106 137 155 593 318 129 107 199 821 287 73 98 4 0
114 137 110 57 142 128 107 0 178 273 69 114 5 0
112 137 113 49 142 135 107 0 178 273 78 114 6 0
115 137 155 545 497 137 107 215 747 296 78 114 7 0
111 121 187 1377 1036 129 107 663 1618 472 77 98 8 0
105 137 108 221 232 129 107 16 338 273 76 114 9 0
131 153 110 54 142 134 107 0 178 273 82 114 10 0
147 137 118 54 142 138 107 0 178 273 82 15000 11 0
Chip#1
131 137 110 48 126 134 107 0 178 273 77 114 0 78
111 121 113 52 126 133 107 0 162 273 78 98 1 0
131 137 112 186 174 130 107 22 235 273 80 114 2 0
131 153 219 1288 771 140 123 527 1426 440 81 114 3 0
115 137 171 609 318 142 107 215 832 290 77 114 4 0
114 137 112 56 142 130 107 0 178 273 76 98 5 0
105 137 109 56 142 131 107 0 194 273 74 114 6 0
115 137 171 561 499 141 107 224 747 296 80 114 7 0
131 137 203 1393 1036 132 107 679 1634 488 78 114 8 0
131 153 171 234 241 142 123 24 354 281 84 114 9 0
131 137 116 54 142 134 107 0 178 273 81 114 10 0
131 137 110 49 142 132 107 0 178 273 74 15000 11 0
Chip#1
131 137 105 48 126 126 107 0 178 273 74 114 0 78
131 137 112 56 142 130 107 0 178 273 82 114 1 0
115 137 117 192 174 135 107 24 235 274 85 114 2 0
131 153 219 1292 773 143 123 527 1426 440 81 114 3 0
115 153 171 609 318 139 123 215 837 299 87 114 4 0
112 137 108 54 142 131 123 0 194 273 78 114 5 0
115 137 116 49 142 142 107 0 194 275 85 114 6 0
112 137 118 545 498 129 107 224 850 285 74 98 7 0
115 137 203 1393 1040 138 107 679 1650 488 81 114 8 0
114 137 118 231 238 138 107 29 338 273 80 114 9 0
115 137 118 54 126 137 107 0 178 273 81 98 10 0
131 121 104 46 126 126 91 0 162 273 76 15000 11 0
Chip#1
131 137 114 56 142 134 107 0 178 273 77 114 0 78
115 137 117 49 142 138 107 0 178 273 87 114 1 0
102 137 104 181 158 129 107 8 235 273 71 98 2 0
115 137 219 1281 772 143 123 524 1426 335 84 114 3 0
111 137 117 609 302 133 107 199 833 283 69 98 4 0
131 137 118 49 142 138 123 0 178 273 81 114 5 0
115 137 171 65 158 142 123 0 194 273 84 114 6 0
115 137 171 561 508 138 107 224 850 298 84 114 7 0
109 137 203 1393 1039 131 123 679 1650 488 81 114 8 0
111 137 114 229 232 130 107 20 338 273 78 114 9 0
131 137 117 53 142 132 107 0 178 273 77 114 10 0
131 137 117 56 126 134 107 0 178 273 80 15000 11 0
Chip#1
131 153 118 57 142 141 123 0 178 273 82 114 0 79
131 137 155 56 142 138 123 0 178 274 81 114 1 0
115 137 155 188 174 133 107 25 235 273 82 114 2 0
115 137 203 1276 761 137 107 517 1410 335 73 98 3 0
112 137 171 609 318 134 107 199 838 290 77 98 4 0
111 137 114 65 142 130 123 0 178 273 76 114 5 0
105 121 106 53 126 126 107 0 178 273 70 98 6 0
131 137 171 561 501 134 123 224 850 299 80 114 7 0
115 137 203 1377 1047 139 107 679 1634 488 82 114 8 0
109 137 113 222 174 130 107 20 235 273 74 98 9 0
115 121 116 52 126 133 107 0 162 273 80 98 10 0
147 153 171 54 142 137 123 0 178 274 88 15000 11 0
Chip#1
131 137 114 54 126 137 107 0 178 273 81 114 0 79
131 137 117 57 142 137 123 0 178 273 81 114 1 0
114 137 114 190 174 135 107 22 338 274 84 114 2 0
115 137 203 1287 769 135 107 522 1410 333 77 98 3 0
114 137 155 609 318 135 107 199 833 291 77 98 4 0
115 137 116 57 142 137 107 0 178 273 80 98 5 0
115 137 110 65 142 139 123 0 194 273 84 114 6 0
109 137 118 545 493 130 107 215 747 288 77 114 7 0
115 137 203 1377 1041 129 107 679 1634 472 78 98 8 0
111 137 110 229 233 132 107 25 338 273 85 98 9 0
115 121 114 52 126 134 91 0 178 273 82 98 10 0
147 137 112 56 142 134 107 0 178 273 78 15000 11 0
Chip#1
131 137 155 57 142 134 107 0 178 273 85 114 0 79
115 137 109 49 142 132 107 0 178 273 76 98 1 0
131 137 118 192 224 140 107 21 235 273 88 114 2 0
115 137 203 1296 718 143 107 530 1410 341 78 98 3 0
114 137 171 609 318 133 107 199 834 290 76 114 4 0
115 137 114 57 142 134 107 0 178 273 78 114 5 0
115 137 118 49 158 138 123 5 194 273 87 114 6 0
111 137 155 545 493 137 107 224 747 289 78 114 7 0
109 137 203 1377 1031 132 107 679 1634 472 69 98 8 0
112 137 118 225 234 132 107 19 354 273 77 114 9 0
131 137 113 49 142 139 123 0 178 273 87 114 10 0
131 137 112 46 126 130 107 0 162 273 74 15000 11 0
Chip#1
131 137 117 57 142 139 107 0 178 273 85 114 0 80
131 137 112 48 142 138 107 0 178 273 74 114 1 0
115 137 117 194 174 137 107 19 235 273 80 98 2 0
111 137 203 1287 767 139 123 518 1410 333 76 114 3 0
110 137 171 609 302 129 107 199 829 284 76 98 4 0
131 137 116 49 142 137 107 0 178 273 84 98 5 0
115 137 155 65 142 139 123 1 194 273 84 98 6 0
131 153 187 561 495 143 123 224 866 296 89 130 7 0
114 137 203 1361 1019 128 107 679 1634 488 74 114 8 0
131 137 118 226 237 137 123 24 354 273 84 114 9 0
131 153 114 54 158 139 123 0 194 273 80 114 10 0
131 137 110 50 126 130 107 0 162 273 81 15000 11 0
Chip#1
131 137 110 53 126 133 107 0 178 273 80 114 0 80
131 137 155 49 142 140 107 0 178 273 81 114 1 0
115 137 117 192 174 139 123 21 338 273 84 114 2 0
112 121 203 1292 718 138 107 522 1410 334 77 98 3 0
111 137 171 609 318 139 107 199 834 293 78 114 4 0
131 137 113 49 142 135 107 0 194 273 82 114 5 0
114 137 113 65 142 137 123 0 194 273 81 114 6 0
115 137 118 545 487 137 107 215 850 288 76 98 7 0
111 137 203 1361 1016 129 107 679 1650 488 74 98 8 0
114 137 116 224 232 135 107 25 338 273 80 98 9 0
131 137 112 52 142 138 107 0 178 273 80 114 10 0
131 137 116 57 142 135 107 0 178 273 81 15000 11 0
Chip#1
131 137 113 53 142 134 107 0 178 273 74 114 0 80
115 137 112 52 142 130 107 0 178 273 72 98 1 0
114 137 113 187 174 133 107 17 235 273 78 98 2 0
115 137 203 1287 718 134 107 525 1410 337 74 98 3 0
115 137 171 609 318 139 107 199 836 289 80 98 4 0
112 137 112 57 142 135 107 0 178 273 78 114 5 0
115 137 155 65 142 140 107 0 194 276 87 114 6 0
114 137 171 545 494 138 107 224 850 296 82 114 7 0
115 137 203 1361 1017 133 107 695 1650 488 77 98 8 0
115 137 114 229 233 135 107 22 354 274 77 98 9 0
115 137 114 50 142 134 107 0 178 273 81 114 10 0
131 137 112 48 126 133 107 0 178 273 80 15000 11 0
Chip#1
131 137 110 54 126 134 107 0 178 273 80 114 0 80
115 121 112 50 126 130 107 0 178 273 77 98 1 0
115 137 117 194 174 133 107 16 235 273 77 114 2 0
131 137 203 1294 775 139 107 529 1426 338 78 98 3 0
131 153 171 625 334 139 123 215 837 293 81 114 4 0
115 137 112 49 142 138 107 0 178 273 80 114 5 0
131 137 112 65 142 137 123 0 194 273 73 114 6 0
112 137 118 554 485 133 123 224 850 392 78 114 7 0
131 137 203 1361 1017 135 123 679 1650 488 81 114 8 0
114 137 116 225 234 134 107 21 338 279 78 98 9 0
112 137 114 54 142 134 107 0 178 273 77 114 10 0
147 137 116 54 142 135 107 0 178 274 84 15000 11 0
Chip#1
131 153 110 53 142 133 107 0 178 273 76 114 0 81
131 137 114 57 142 135 123 0 178 273 84 114 1 0
109 137 108 192 174 132 107 17 235 273 78 114 2 0
115 137 203 1291 773 137 107 521 1426 337 78 98 3 0
112 137 155 609 318 138 107 199 770 288 74 98 4 0
115 137 117 49 142 135 107 0 178 273 82 114 5 0
112 137 116 49 142 135 107 0 178 273 84 98 6 0
112 137 155 545 489 137 107 215 850 291 78 98 7 0
111 137 203 1361 1020 132 107 679 1650 472 81 98 8 0
131 137 171 238 241 144 123 29 354 281 88 114 9 0
115 137 117 53 142 132 107 0 178 273 81 98 10 0
147 137 114 57 142 135 107 0 178 273 84 15000 11 0
Chip#1
131 137 108 50 126 132 107 0 162 273 81 114 0 81
131 137 117 54 142 132 107 0 178 273 78 114 1 0
109 137 108 184 174 126 107 9 235 273 72 98 2 0
115 137 203 1297 718 139 107 529 1426 342 80 98 3 0
110 137 171 609 318 137 123 215 833 293 74 114 4 0
114 137 117 65 142 139 123 0 194 273 84 114 5 0
112 137 114 65 142 134 123 0 194 273 76 114 6 0
115 137 117 545 484 134 123 224 850 290 80 114 7 0
111 121 187 1361 1017 129 107 679 1650 472 78 98 8 0
115 137 114 225 228 130 123 25 354 273 78 114 9 0
115 137 116 57 126 135 107 0 162 273 85 98 10 0
147 153 113 56 142 133 123 0 178 273 81 15000 11 0
Chip#1
131 137 110 52 126 130 107 0 178 273 81 114 0 81
111 137 109 50 142 125 107 0 178 273 72 114 1 0
131 137 117 194 174 137 107 21 235 273 82 114 2 0
115 137 203 1295 771 139 107 525 1442 338 82 114 3 0
112 137 116 609 318 133 107 199 829 286 74 98 4 0
109 137 108 53 126 128 107 0 178 273 76 98 5 0
115 137 118 49 142 145 123 0 194 273 84 98 6 0
115 137 155 545 495 141 107 224 850 300 82 98 7 0
114 137 203 1361 1025 133 107 679 1650 488 73 98 8 0
131 137 171 231 240 138 123 29 354 376 87 114 9 0
131 137 110 48 142 132 107 0 178 273 74 114 10 0
147 137 106 50 126 126 107 0 178 273 76 15000 11 0
Chip#1
131 137 108 49 142 132 107 0 178 273 80 114 0 82
115 137 110 54 142 132 107 0 178 273 78 114 1 0
115 137 117 188 174 137 107 22 235 273 84 98 2 0
131 137 219 1298 775 144 107 526 1426 340 82 114 3 0
131 153 171 625 334 139 123 215 843 392 81 114 4 0
131 153 117 65 142 139 123 0 194 273 81 114 5 0
112 137 110 65 142 135 107 0 194 273 80 114 6 0
131 153 171 561 500 142 123 224 850 303 87 114 7 0
115 137 187 1361 1018 138 107 679 1650 472 82 98 8 0
112 137 114 225 237 135 123 24 354 376 80 114 9 0
131 153 171 57 142 137 123 0 178 376 88 114 10 0
147 153 171 49 142 138 123 0 178 273 85 15000 11 0
Chip#1
131 137 112 49 142 132 107 0 178 273 77 114 0 82
109 137 109 53 142 132 107 0 178 273 76 98 1 0
131 137 114 183 219 129 123 17 338 273 80 114 2 0
131 153 219 1300 785 145 123 531 1442 440 87 130 3 0
106 121 155 609 318 134 107 199 786 284 76 98 4 0
131 137 110 57 142 137 107 0 178 273 78 114 5 0
131 137 118 49 142 138 123 5 194 273 84 114 6 0
131 137 171 545 492 133 107 224 850 293 80 98 7 0
115 137 203 1361 1017 133 123 695 1650 488 77 114 8 0
114 153 118 230 238 137 123 29 354 275 82 114 9 0
131 137 113 50 142 133 107 0 178 273 77 114 10 0
147 137 155 56 142 134 107 0 178 273 85 15000 11 0
Chip#1
147 153 110 49 142 129 123 0 178 273 76 114 0 82
131 153 171 57 142 135 107 0 178 273 84 114 1 0
112 137 117 186 174 137 107 22 235 273 82 98 2 0
131 137 219 1291 780 140 123 525 1426 342 84 114 3 0
106 137 116 609 318 129 107 199 828 285 70 98 4 0
131 137 114 49 142 134 123 0 194 273 82 114 5 0
115 137 114 49 142 133 107 0 178 273 80 98 6 0
114 137 117 558 492 133 107 250 850 289 78 114 7 0
115 137 187 1345 1015 132 107 679 1650 472 82 98 8 0
115 137 117 224 237 134 107 24 338 273 81 98 9 0
131 137 118 52 142 134 107 0 178 273 85 114 10 0
147 153 118 56 142 134 123 0 178 273 91 15000 11 0
Chip#1
115 137 111 46 126 132 107 0 178 273 70 98 0 83
111 137 108 50 126 126 107 0 178 273 73 98 1 0
131 153 171 194 225 138 123 25 338 274 89 114 2 0
115 137 203 1298 718 143 107 521 1410 342 77 98 3 0
115 137 171 625 318 142 107 215 786 296 84 114 4 0
131 137 118 49 142 138 107 0 194 273 80 114 5 0
110 137 112 49 142 137 107 0 178 273 77 98 6 0
112 137 171 558 490 134 123 224 850 392 81 114 7 0
131 153 203 1361 1021 137 123 695 1650 488 78 114 8 0
115 137 118 225 238 137 107 26 338 273 81 98 9 0
131 153 114 54 142 131 123 0 178 273 81 114 10 0
147 137 155 53 142 138 107 0 178 273 84 15000 11 0
Chip#1
131 137 113 49 126 135 107 0 178 273 80 114 0 83
115 137 117 56 126 135 107 0 178 273 76 98 1 0
131 137 112 187 221 138 123 16 338 273 77 114 2 0
131 137 219 1297 776 142 107 526 1426 341 81 114 3 0
111 153 171 609 318 134 123 215 833 392 76 114 4 0
131 137 116 49 142 138 123 0 178 273 84 114 5 0
112 137 113 49 142 133 107 0 194 273 72 114 6 0
114 153 118 558 489 137 123 224 850 392 84 114 7 0
111 153 203 1361 1016 133 123 711 1666 488 76 114 8 0
115 137 117 225 233 131 107 25 338 273 80 98 9 0
131 137 114 52 126 130 107 0 178 273 77 98 10 0
147 153 112 52 142 130 107 0 178 273 77 15000 11 0
Chip#1
131 137 110 50 142 129 107 0 178 273 77 114 0 83
115 137 112 49 126 134 107 0 178 273 77 98 1 0
115 137 117 191 174 134 107 19 235 273 81 98 2 0
111 137 203 1288 763 133 123 515 1426 337 74 114 3 0
114 137 171 609 318 135 107 199 786 291 80 98 4 0
106 137 110 54 142 128 107 0 178 273 70 98 5 0
131 137 171 65 142 139 123 0 194 273 88 114 6 0
131 137 171 545 493 139 123 224 850 297 85 114 7 0
115 137 203 1361 1017 133 107 695 1650 488 82 114 8 0
111 137 113 225 174 130 107 21 338 273 74 98 9 0
131 137 116 53 142 131 123 0 178 273 76 114 10 0
131 137 110 49 126 132 107 0 178 273 74 15000 11 0
Chip#1
131 137 109 50 126 130 107 0 178 273 76 114 0 84
131 137 112 56 142 134 107 0 178 273 80 114 1 0
112 137 114 187 174 138 123 20 338 273 78 114 2 0
112 137 203 1287 766 135 107 521 1426 333 74 98 3 0
115 137 171 625 318 134 107 199 838 289 74 114 4 0
131 153 118 65 142 142 123 0 194 273 81 114 5 0
131 153 113 65 158 138 123 0 194 274 82 114 6 0
115 137 171 558 491 137 123 248 850 296 82 114 7 0
131 153 203 1361 1020 137 107 695 1650 488 84 114 8 0
131 137 171 230 237 137 123 27 354 278 80 114 9 0
131 137 117 57 142 135 107 0 178 273 81 114 10 0
147 137 114 57 142 135 123 0 178 273 78 15000 11 0
Chip#1
131 137 116 54 142 132 107 0 178 273 80 114 0 84
109 121 105 46 126 129 91 0 162 273 74 98 1 0
115 137 116 187 174 134 107 22 235 274 78 114 2 0
115 137 219 1286 769 137 107 520 1426 338 77 114 3 0
115 137 171 609 318 134 107 199 833 291 76 98 4 0
110 137 112 57 142 129 107 0 178 273 76 98 5 0
131 153 118 65 142 138 123 0 194 273 78 114 6 0
112 137 116 556 485 130 123 250 850 296 74 114 7 0
110 137 203 1345 1017 133 107 679 1650 488 74 114 8 0
131 153 117 225 241 137 123 29 354 274 81 114 9 0
131 153 171 49 142 138 123 0 178 273 87 114 10 0
131 137 116 46 126 129 107 0 162 273 77 15000 11 0
Chip#1
147 153 113 50 142 131 107 0 178 273 77 114 0 84
115 137 110 52 142 129 107 0 178 273 76 114 1 0
115 137 118 187 174 135 107 22 235 273 82 114 2 0
115 137 219 1292 771 143 107 518 1426 337 78 114 3 0
107 137 171 609 318 134 107 199 786 291 73 98 4 0
115 137 155 49 142 143 107 0 194 275 81 114 5 0
106 137 108 57 142 130 107 0 178 273 72 98 6 0
109 137 114 554 484 129 107 224 850 291 76 114 7 0
131 137 203 1361 1022 135 107 695 1666 488 81 114 8 0
115 137 155 226 239 138 107 30 354 279 76 114 9 0
131 137 117 49 142 134 123 0 178 273 82 114 10 0
147 153 116 52 142 135 107 0 178 274 82 15000 11 0
Chip#1
131 137 109 49 126 130 107 0 178 273 72 114 0 85
111 137 109 54 126 132 107 0 178 273 77 98 1 0
115 137 155 195 174 143 107 25 235 275 89 114 2 0
131 137 219 1300 773 144 123 529 1426 440 81 114 3 0
111 137 118 625 318 134 107 199 836 288 77 114 4 0
115 137 155 49 142 138 107 0 178 273 80 114 5 0
131 137 117 65 158 135 107 0 194 273 78 114 6 0
110 137 171 556 489 134 107 215 850 295 74 114 7 0
131 153 219 1377 1030 138 123 695 1666 504 87 114 8 0
112 137 113 226 230 133 107 24 338 273 74 114 9 0
131 137 116 53 142 135 107 0 178 273 80 114 10 0
147 137 114 52 126 134 107 0 178 273 76 15000 11 0
Chip#1
131 137 109 50 126 129 107 0 178 273 78 114 0 85
131 153 171 65 158 137 123 0 194 376 84 130 1 0
131 137 116 194 174 137 107 17 235 273 85 114 2 0
114 137 203 1303 777 142 107 520 1426 338 80 114 3 0
115 137 171 625 318 137 107 199 847 293 78 114 4 0
115 137 117 49 142 142 123 0 194 273 81 114 5 0
110 137 108 49 142 129 107 0 178 273 72 98 6 0
115 137 171 545 494 132 107 224 850 296 80 114 7 0
114 121 203 1345 1020 132 107 679 1650 472 74 98 8 0
131 153 171 233 240 140 123 29 354 376 82 114 9 0
115 121 118 52 126 134 107 0 178 273 78 98 10 0
147 137 114 52 142 132 107 0 178 273 76 15000 11 0
Chip#1
131 153 171 56 142 134 123 0 178 273 82 114 0 85
131 137 171 49 142 138 107 0 178 273 80 114 1 0
105 137 106 182 174 125 107 13 235 273 73 98 2 0
115 137 203 1304 718 138 107 521 1426 342 81 98 3 0
112 137 171 625 318 130 107 199 839 285 76 98 4 0
110 137 114 49 142 132 107 0 178 273 76 98 5 0
110 137 110 57 142 128 107 0 194 273 74 98 6 0
131 153 171 561 495 137 123 224 850 299 84 114 7 0
101 121 203 1345 1015 125 107 679 1650 472 70 98 8 0
131 137 171 231 239 137 107 30 354 279 85 114 9 0
131 137 117 49 142 135 123 0 194 273 81 114 10 0
131 137 110 46 126 126 107 0 162 273 73 15000 11 0
Chip#1
131 137 116 53 142 134 107 0 178 273 80 114 0 86
131 137 116 56 142 133 107 0 178 273 77 114 1 0
115 137 118 190 174 137 107 21 235 273 78 98 2 0
115 137 203 1297 770 137 107 517 1426 341 77 114 3 0
115 137 171 625 318 142 107 199 786 296 82 98 4 0
111 137 108 52 142 128 107 0 178 273 76 114 5 0
112 137 113 49 142 138 107 0 178 273 80 114 6 0
131 137 171 545 492 139 123 224 850 301 82 114 7 0
114 137 203 1345 1023 138 107 679 1650 488 81 98 8 0
115 137 116 224 235 133 107 25 354 376 81 98 9 0
131 137 116 53 142 135 123 0 178 273 85 114 10 0
147 153 117 50 142 137 123 0 178 273 80 15000 11 0
Chip#1
131 137 112 50 142 129 107 0 178 273 77 114 0 86
115 137 112 54 142 128 107 0 178 273 78 114 1 0
115 137 113 182 174 130 107 15 235 273 78 114 2 0
112 137 203 1295 777 142 107 523 1426 340 78 98 3 0
114 137 171 625 318 140 107 199 844 290 78 98 4 0
115 137 109 54 142 129 107 0 178 273 77 114 5 0
114 153 108 65 158 133 123 0 194 273 81 114 6 0
115 137 171 545 492 138 123 224 850 300 82 114 7 0
111 137 203 1345 1022 134 107 679 1666 488 78 98 8 0
111 137 118 226 233 133 123 29 354 376 81 114 9 0
131 137 171 49 142 138 123 0 194 273 81 114 10 0
147 153 116 54 142 134 123 0 178 273 82 15000 11 0
Chip#1
131 153 116 53 142 133 123 0 178 273 84 130 0 86
112 121 106 49 126 128 107 0 178 273 76 98 1 0
131 137 171 192 174 142 123 21 235 273 84 114 2 0
115 137 203 1291 771 139 107 515 1442 338 84 98 3 0
115 137 155 609 318 139 107 199 786 289 78 98 4 0
115 137 171 49 142 143 107 0 178 275 85 114 5 0
110 153 108 49 142 133 107 0 194 273 80 114 6 0
115 137 118 551 485 129 107 215 747 295 74 114 7 0
131 153 219 1361 1023 137 123 695 1666 504 85 114 8 0
115 137 116 226 242 133 107 26 338 275 80 98 9 0
131 153 118 49 142 138 107 0 178 273 85 114 10 0
147 153 114 52 142 134 107 0 178 273 81 15000 11 0
Chip#1
131 137 112 52 142 139 107 0 178 273 81 114 0 87
115 137 116 53 142 137 107 0 178 273 78 98 1 0
115 137 118 192 174 142 107 21 235 276 88 114 2 0
131 153 219 1306 781 145 123 524 1442 440 88 114 3 0
109 137 155 625 318 130 107 199 836 291 80 98 4 0
112 137 116 57 142 133 107 0 178 273 80 114 5 0
111 137 112 65 158 138 123 0 194 273 80 114 6 0
131 153 171 554 490 134 123 249 850 296 80 114 7 0
115 137 203 1345 1018 137 123 679 1666 488 81 114 8 0
110 137 116 221 233 129 107 18 354 273 78 98 9 0
131 137 171 56 142 139 123 0 178 273 84 114 10 0
147 137 117 53 142 143 107 0 178 274 82 15000 11 0
Chip#1
131 137 117 49 142 137 107 0 178 273 87 114 0 87
110 121 104 46 126 126 107 0 162 273 67 98 1 0
114 137 106 186 174 132 107 13 235 273 76 114 2 0
131 137 203 1297 778 140 123 518 1442 340 80 114 3 0
131 137 171 625 318 137 107 215 843 289 80 114 4 0
115 153 118 65 142 135 123 0 194 273 78 114 5 0
107 137 104 52 142 130 107 0 178 273 72 98 6 0
109 137 114 547 478 128 107 215 850 288 74 114 7 0
115 153 203 1345 1015 131 107 695 1666 504 81 114 8 0
112 121 155 225 235 133 107 22 338 277 76 98 9 0
115 137 116 53 142 133 107 0 178 273 84 98 10 0
147 137 116 56 142 134 107 0 178 273 82 15000 11 0
Chip#1
131 137 117 53 126 137 107 0 178 273 85 114 0 87
115 137 155 52 142 134 107 0 178 273 81 114 1 0
115 137 114 187 174 137 107 14 338 273 82 114 2 0
112 121 203 1293 767 134 107 507 1426 336 77 98 3 0
115 137 155 625 318 133 107 199 833 288 74 98 4 0
115 137 112 49 142 130 107 0 178 273 81 98 5 0
112 153 116 65 158 131 123 0 194 273 81 114 6 0
115 137 171 549 487 137 107 224 850 294 77 114 7 0
115 153 203 1361 1017 129 107 695 1698 488 80 114 8 0
115 137 117 225 233 137 107 27 354 275 81 114 9 0
131 137 113 56 126 134 107 0 178 273 81 98 10 0
131 137 106 41 126 120 107 0 162 273 70 15000 11 0
Chip#1
131 137 116 54 142 135 107 0 178 273 80 114 0 88
112 137 108 45 142 129 107 0 178 273 78 114 1 0
115 137 116 190 174 138 107 17 235 273 80 114 2 0
109 137 219 1297 775 134 107 511 1442 336 76 114 3 0
114 137 171 625 318 133 107 199 835 291 78 98 4 0
112 137 109 56 142 138 107 0 178 275 78 98 5 0
112 137 104 50 142 132 107 0 178 273 76 98 6 0
109 137 155 549 485 132 107 215 850 291 78 98 7 0
115 121 203 1345 1020 137 107 679 1682 488 85 98 8 0
131 137 171 235 237 142 123 25 354 281 87 114 9 0
131 153 116 52 142 134 123 0 178 273 80 114 10 0
131 137 113 54 142 130 107 0 162 273 77 15000 11 0
Chip#1
131 137 110 49 126 129 107 0 162 273 77 98 0 88
131 137 155 49 142 135 123 0 194 273 84 114 1 0
115 137 117 192 174 137 107 21 235 273 82 98 2 0
131 137 219 1295 778 137 123 518 1442 440 80 114 3 0
115 137 171 625 318 137 107 215 847 293 81 114 4 0
131 137 155 49 142 137 107 0 194 273 84 114 5 0
107 137 108 49 142 134 123 0 194 273 78 114 6 0
115 137 155 545 489 137 107 215 850 293 80 114 7 0
112 137 203 1345 1013 128 107 679 1682 488 76 114 8 0
105 137 117 227 230 126 107 21 354 273 78 98 9 0
115 137 113 52 126 132 107 0 178 273 81 114 10 0
147 137 118 49 142 135 107 0 178 273 88 15000 11 0
Chip#1
131 137 117 49 142 137 107 0 178 273 81 114 0 88
115 137 113 53 126 129 107 0 178 273 76 98 1 0
131 153 117 198 225 137 123 20 338 273 82 114 2 0
131 137 203 1293 771 143 123 513 1442 340 80 114 3 0
131 137 171 641 318 142 123 215 842 294 84 114 4 0
110 137 110 54 142 126 107 0 178 273 77 114 5 0
131 137 113 65 158 138 123 0 194 273 80 114 6 0
115 137 155 556 489 135 107 215 850 392 80 114 7 0
115 137 203 1345 1016 133 123 679 1682 488 74 98 8 0
105 137 112 217 232 129 107 24 338 273 73 114 9 0
131 137 114 54 142 138 107 0 178 273 84 114 10 0
147 153 112 54 142 137 107 0 178 273 84 15000 11 0
Chip#1
131 137 113 56 142 135 123 0 178 273 82 114 0 89
114 137 113 49 142 133 107 0 178 273 78 114 1 0
112 137 110 190 174 133 107 14 235 273 77 114 2 0
111 137 203 1288 768 135 107 505 1426 331 70 98 3 0
115 137 171 625 318 138 107 199 786 294 80 98 4 0
115 153 109 49 142 135 123 0 194 273 77 114 5 0
115 137 155 49 142 140 107 1 194 275 89 98 6 0
131 153 171 561 496 145 123 224 866 301 89 114 7 0
131 137 203 1345 1013 135 123 679 1682 488 89 114 8 0
115 137 171 231 238 137 107 30 354 275 84 114 9 0
131 137 114 57 142 135 107 0 178 273 84 114 10 0
147 137 118 52 142 132 107 0 178 273 80 15000 11 0
Chip#1
131 137 105 50 142 128 107 0 178 273 72 114 0 89
115 121 118 57 142 132 107 0 178 273 80 98 1 0
115 137 117 191 174 137 123 20 235 273 82 114 2 0
131 137 219 1302 776 139 123 511 1442 440 80 114 3 0
115 137 171 641 334 139 123 215 840 293 77 114 4 0
131 137 112 57 142 131 107 0 178 273 78 114 5 0
114 137 110 49 142 133 123 0 194 273 78 114 6 0
131 137 171 558 491 138 123 224 850 303 85 114 7 0
111 137 203 1345 1016 133 123 679 1698 488 77 114 8 0
131 153 171 226 238 139 123 27 354 376 80 114 9 0
131 137 110 50 126 124 107 0 178 273 73 98 10 0
131 137 111 49 126 137 107 0 162 273 81 15000 11 0
Chip#1
131 137 117 56 142 138 107 0 178 273 87 114 0 89
110 137 108 49 126 128 107 0 178 273 73 98 1 0
115 137 114 188 174 135 107 18 235 273 81 98 2 0
115 137 219 1294 772 134 123 506 1442 338 78 114 3 0
112 137 155 625 318 135 107 199 833 294 80 98 4 0
114 153 110 53 142 131 123 0 194 273 76 114 5 0
115 137 114 49 142 129 107 0 178 273 78 114 6 0
131 153 171 550 481 133 123 246 866 392 74 114 7 0
115 137 203 1345 1015 135 107 695 1682 488 81 114 8 0
114 137 117 231 238 139 107 24 354 278 85 98 9 0
115 137 155 57 142 138 107 0 178 273 81 114 10 0
131 137 108 46 142 126 107 0 178 273 74 15000 11 0
