Chip#1
84 99 91 98 99 80 79 65 100 78 99 101 0
100 97 98 93 100 80 95 97 99 94 102 101 1
100 98 91 108 95 96 95 81 107 94 91 96 2
84 101 75 107 79 80 79 81 106 94 97 100 3
100 96 94 93 98 80 111 97 97 94 93 98 4
84 101 91 110 101 502 399 81 114 94 97 98 5
84 97 91 101 79 160 143 81 103 94 97 101 6
84 96 87 96 96 64 79 65 95 78 92 91 7
100 96 107 110 96 112 111 97 96 110 98 94 8
100 105 91 104 101 96 95 97 103 94 103 100 9
100 98 91 98 101 80 95 81 97 94 102 99 10
84 98 95 95 98 80 95 81 99 94 96 15000 11

Chip#2
98 68 102 96 90 0 95 92 90 75 92 91 0
98 84 104 97 99 94 100 101 90 91 97 91 1
85 84 108 86 96 94 104 105 90 91 99 91 2
93 84 101 86 92 0 94 96 90 91 93 91 3
105 84 108 86 102 94 105 105 106 91 100 91 4
104 84 102 86 96 0 102 102 90 91 96 91 5
105 100 108 102 95 110 142 230 106 91 96 91 6
95 84 99 95 94 0 137 198 90 91 91 91 7
105 84 108 86 95 94 100 100 106 91 97 91 8
104 84 108 86 94 94 102 100 90 91 100 91 9
103 84 109 86 96 94 102 104 90 91 104 91 10
101 100 109 102 100 94 104 106 106 107 102 15000 11

Chip#1
100 104 107 105 111 96 111 97 104 110 103 107 0
100 99 91 98 95 80 95 81 103 94 98 101 1
84 91 107 105 93 96 95 97 110 110 94 94 2
100 90 91 99 95 96 95 97 101 94 97 98 3
84 103 91 108 95 96 95 97 105 94 109 110 4
84 93 107 105 98 490 399 81 109 110 93 94 5
100 103 107 102 95 176 175 97 103 110 101 103 6
100 106 107 110 95 96 95 97 109 110 108 110 7
100 102 107 114 95 112 111 113 105 110 107 106 8
84 102 91 108 101 80 95 81 108 94 103 103 9
100 99 91 104 95 96 111 97 99 110 101 97 10
84 99 91 94 79 80 95 81 100 94 97 15000 11

Chip#2
101 84 107 86 99 94 100 105 90 91 97 91 0
94 84 101 86 90 94 103 97 90 91 93 91 1
98 84 102 86 95 94 98 100 90 91 93 91 2
101 100 107 102 105 110 106 110 106 91 102 107 3
98 100 102 94 98 94 100 100 90 91 95 91 4
104 100 100 102 100 110 97 100 106 107 94 107 5
99 100 104 102 96 94 144 214 106 91 99 91 6
101 100 108 102 104 110 151 214 106 107 102 107 7
101 84 108 86 100 94 106 106 90 91 104 91 8
105 100 107 102 99 110 107 108 106 107 103 107 9
103 84 98 86 99 94 94 102 90 91 94 91 10
98 100 104 97 93 94 102 97 90 91 96 15000 11

Chip#1
100 99 91 99 101 96 111 97 99 110 98 103 0
100 92 94 93 94 80 95 97 91 94 96 94 1
84 97 91 114 101 96 95 81 107 94 101 101 2
84 96 91 94 95 80 95 81 101 94 92 92 3
84 93 98 97 98 80 95 81 95 94 98 96 4
100 98 107 115 100 493 415 97 116 110 93 97 5
100 103 91 105 95 160 159 97 103 110 100 99 6
100 99 107 101 100 96 111 97 107 110 102 104 7
84 96 107 108 96 96 111 97 97 94 94 98 8
84 95 93 96 93 80 95 81 97 94 98 98 9
100 98 107 103 98 96 111 97 99 110 94 99 10
100 104 91 103 100 96 95 81 100 110 101 15000 11

Chip#2
105 100 107 102 95 110 100 101 106 91 97 107 0
91 84 102 91 92 94 91 94 90 91 91 91 1
98 84 103 97 89 94 98 97 90 91 92 91 2
100 100 107 102 95 94 100 106 106 91 99 91 3
101 100 103 102 101 110 103 102 106 107 95 107 4
98 100 98 91 87 94 97 94 90 91 91 91 5
103 100 110 102 101 94 147 214 106 107 99 91 6
104 100 107 102 98 94 148 214 106 107 94 107 7
98 84 104 86 95 94 98 100 90 91 91 91 8
99 100 111 102 94 110 105 107 90 107 100 107 9
104 84 105 86 92 94 104 101 90 91 98 91 10
107 100 110 86 95 94 104 105 90 91 95 15000 11

Chip#1
100 98 107 96 99 96 111 97 94 110 98 98 0
116 97 107 98 99 96 111 97 99 110 102 100 1
100 99 107 108 92 112 111 97 105 110 100 94 2
100 98 107 109 100 96 111 97 99 110 103 99 3
100 99 91 101 95 96 95 97 99 94 96 99 4
100 102 107 120 95 498 399 97 123 110 105 106 5
84 91 91 97 98 160 159 97 96 94 92 92 6
100 97 91 97 96 96 95 97 90 94 96 102 7
100 91 107 103 95 112 111 97 92 94 94 94 8
100 91 91 97 96 80 95 81 95 94 92 97 9
84 99 94 94 96 80 95 81 95 94 94 96 10
84 91 94 85 96 80 95 81 92 94 96 15000 11

Chip#2
107 100 102 102 100 94 94 102 90 91 97 91 0
100 100 103 102 100 94 99 104 106 91 96 91 1
104 100 111 102 100 110 104 103 106 107 100 107 2
104 100 105 102 102 110 102 107 106 107 102 91 3
105 100 110 102 108 110 110 112 90 91 107 107 4
104 100 107 102 100 110 103 105 106 107 99 107 5
95 100 101 102 99 110 141 230 122 107 95 107 6
103 100 104 102 100 94 144 214 106 107 99 107 7
100 84 97 95 90 0 95 96 90 91 93 91 8
96 100 104 96 93 94 98 104 90 91 99 91 9
94 84 99 90 89 94 89 97 106 91 92 91 10
99 100 100 102 95 110 98 97 106 91 96 15000 11

Chip#1
100 98 91 96 95 96 95 97 99 94 101 105 0
100 93 107 98 98 96 111 97 96 94 96 96 1
100 92 107 102 93 96 111 97 110 110 98 99 2
84 102 107 110 95 96 95 81 108 110 105 103 3
100 97 95 98 99 96 111 97 102 110 99 106 4
84 89 96 107 95 484 399 97 102 94 93 96 5
100 92 97 93 98 160 159 97 98 110 89 94 6
100 91 96 92 95 80 95 97 91 94 88 96 7
100 94 107 107 98 112 111 97 95 110 94 96 8
100 98 95 96 96 96 95 97 96 94 97 94 9
84 94 91 89 96 80 95 81 94 94 92 94 10
100 97 91 101 95 96 95 97 101 110 103 15000 11

Chip#2
105 100 110 102 102 110 106 106 106 107 102 107 0
98 100 104 97 96 94 100 101 106 91 90 91 1
104 100 107 102 96 94 100 103 106 107 101 91 2
97 84 101 96 89 94 93 97 90 91 96 91 3
101 100 108 102 100 94 105 108 106 91 100 91 4
105 100 104 86 98 94 105 102 90 91 97 91 5
101 100 102 102 99 94 143 214 106 91 99 91 6
102 116 107 118 101 110 148 230 122 107 101 107 7
99 84 101 95 90 94 99 100 106 91 94 91 8
96 100 101 97 92 94 100 99 106 91 97 91 9
93 100 95 95 87 94 94 97 90 91 91 91 10
99 100 103 102 95 110 98 102 106 107 97 15000 11

Chip#1
84 93 91 92 93 96 95 97 91 94 93 95 0
100 96 91 97 100 80 95 97 96 110 100 98 1
100 102 107 111 95 112 111 97 114 126 106 104 2
100 104 107 110 111 96 111 97 110 110 108 105 3
100 96 107 99 94 112 111 113 102 110 98 96 4
100 94 107 103 96 481 399 97 109 110 91 95 5
100 98 107 97 95 160 159 97 99 110 94 99 6
84 100 94 93 101 96 95 97 99 110 93 95 7
84 100 107 105 99 96 111 97 100 94 98 97 8
100 85 88 88 92 96 95 97 90 110 89 89 9
100 100 96 96 96 96 111 97 99 110 101 100 10
84 86 89 85 91 80 79 81 90 94 93 15000 11

Chip#2
99 100 109 102 95 110 99 105 106 91 94 107 0
103 100 102 86 95 94 98 105 90 91 94 91 1
101 100 104 102 99 94 103 103 106 91 98 91 2
104 100 104 102 106 94 105 111 90 91 106 107 3
104 100 105 102 100 94 106 103 106 107 101 91 4
94 100 101 102 93 94 97 102 106 107 96 107 5
99 84 103 86 98 94 149 214 90 91 98 91 6
95 84 102 102 99 94 137 214 106 91 92 91 7
98 84 99 86 94 0 99 97 90 91 91 91 8
101 100 110 102 104 94 104 113 106 107 102 107 9
98 100 107 102 93 110 102 103 106 91 96 107 10
96 100 97 95 90 94 93 94 90 91 88 15000 11

Chip#1
84 98 94 89 99 80 95 81 99 94 96 93 0
100 93 88 91 96 96 95 81 94 94 101 95 1
84 102 107 108 99 112 111 97 113 110 101 101 2
100 95 91 101 101 96 95 81 102 94 102 98 3
100 98 98 99 101 96 95 97 99 94 101 94 4
100 92 107 102 96 481 399 97 107 110 96 90 5
100 96 107 98 101 160 159 97 99 110 98 92 6
100 102 107 98 95 96 95 97 106 110 101 97 7
100 97 107 108 101 112 111 97 105 110 107 100 8
100 99 107 98 96 96 111 97 102 110 98 97 9
84 101 91 97 100 80 95 97 99 94 100 98 10
100 98 107 94 99 96 111 97 98 110 101 15000 11

Chip#2
105 100 108 86 95 94 102 101 90 91 98 91 0
99 84 101 86 95 94 100 99 90 91 93 91 1
99 100 103 102 95 110 99 99 106 107 96 91 2
95 100 103 102 95 94 99 101 90 91 99 91 3
96 100 100 102 89 110 99 99 106 107 96 91 4
100 100 103 102 99 110 105 102 106 107 99 107 5
96 100 100 86 96 94 142 214 106 107 95 91 6
101 84 101 102 98 94 143 198 90 91 95 91 7
91 100 98 102 93 110 96 95 106 107 95 107 8
89 100 94 95 82 94 93 91 90 91 86 91 9
107 100 114 102 102 94 110 113 106 107 105 107 10
103 100 101 102 92 110 99 101 90 91 96 15000 11

Chip#1
100 97 107 98 99 96 111 97 103 110 97 96 0
100 100 91 104 95 96 111 97 105 110 108 103 1
84 90 91 105 95 80 95 81 106 94 94 95 2
100 91 107 101 98 96 111 97 101 110 99 103 3
84 90 89 91 90 80 95 81 86 94 93 90 4
100 96 107 113 96 481 399 97 108 110 93 97 5
84 95 92 99 97 160 159 81 94 110 97 95 6
100 93 92 86 94 80 95 97 99 94 92 94 7
100 108 107 115 95 112 111 97 108 110 104 105 8
100 97 91 105 95 96 95 81 101 110 97 97 9
84 96 93 101 98 80 95 81 100 94 97 99 10
100 96 107 97 99 96 111 97 97 110 98 15000 11

Chip#2
98 84 101 86 94 94 105 99 90 91 96 91 0
104 100 103 102 95 110 102 102 106 107 96 107 1
96 84 104 96 92 94 99 101 90 91 94 91 2
103 100 105 102 101 94 109 105 106 91 104 107 3
103 84 97 97 93 0 95 96 90 75 92 91 4
95 100 94 92 88 94 96 92 90 91 83 91 5
107 100 107 86 96 94 147 214 106 91 96 91 6
100 100 101 86 99 94 141 198 106 91 97 91 7
102 116 103 102 95 110 101 103 106 107 99 107 8
100 84 101 97 92 94 97 101 90 91 96 91 9
103 100 105 102 96 94 100 107 90 91 102 91 10
101 100 101 96 95 94 97 99 106 91 96 15000 11

Chip#1
100 104 107 101 95 96 111 97 108 126 102 104 0
100 100 107 101 100 96 111 97 105 110 101 99 1
100 93 123 106 95 112 111 97 105 110 99 93 2
84 92 95 104 93 96 95 81 96 94 96 96 3
84 91 91 90 90 80 95 81 92 110 93 97 4
100 93 107 109 98 481 399 97 109 110 100 101 5
100 97 107 105 101 176 175 97 103 110 101 103 6
84 96 91 102 99 96 111 81 99 94 93 103 7
100 94 107 105 93 112 111 97 99 110 99 93 8
84 97 94 95 94 96 95 97 97 110 93 94 9
84 96 98 100 93 80 95 81 97 94 102 95 10
84 96 95 98 95 80 95 81 100 94 97 15000 11

Chip#2
107 100 104 102 100 110 102 103 106 107 95 107 0
99 100 102 97 95 110 102 97 106 107 93 107 1
117 100 115 102 106 110 109 112 106 107 106 107 2
94 84 101 96 90 0 98 100 90 91 93 75 3
105 100 105 102 100 94 102 106 90 91 99 91 4
96 100 98 102 95 94 100 99 90 107 93 91 5
101 100 113 102 104 110 151 230 106 107 104 107 6
105 100 105 102 99 94 148 214 106 91 104 91 7
99 84 101 96 95 94 100 96 90 91 97 91 8
105 100 108 102 98 110 107 107 106 107 101 107 9
98 84 103 86 93 94 99 101 90 91 98 91 10
97 84 104 97 93 94 97 99 90 91 93 15000 11

Chip#1
100 98 97 96 100 96 111 97 102 110 100 100 0
100 98 107 98 98 96 95 97 97 110 97 98 1
100 103 107 113 95 112 111 97 116 110 104 104 2
100 99 107 103 95 96 95 97 105 110 101 98 3
100 92 92 96 96 96 111 97 90 110 97 94 4
100 94 107 110 99 480 399 97 112 110 97 91 5
84 96 98 104 95 160 159 81 95 110 96 96 6
100 98 96 99 100 96 111 97 97 110 98 98 7
100 102 107 111 98 112 111 97 100 110 103 103 8
100 93 91 96 101 96 95 97 101 110 100 98 9
100 94 98 92 99 96 111 97 97 110 94 96 10
116 102 107 104 95 96 111 97 104 110 103 15000 11

Chip#2
100 100 103 86 96 94 97 101 106 91 95 107 0
101 100 103 102 101 94 100 102 90 91 97 91 1
104 100 105 102 99 110 104 103 106 107 97 107 2
103 100 103 102 100 94 102 106 106 107 101 91 3
100 84 97 102 99 94 99 102 90 91 97 91 4
100 84 98 86 90 94 93 97 90 91 93 91 5
107 100 109 102 106 94 148 214 106 107 104 91 6
103 100 107 102 100 94 139 214 106 107 97 107 7
101 100 108 102 102 94 108 111 106 107 104 107 8
105 100 108 102 98 94 102 103 106 91 95 91 9
101 100 100 97 95 110 102 101 106 91 96 107 10
103 100 103 86 96 110 98 100 106 91 94 15000 11

Chip#1
116 97 96 96 98 96 111 113 101 110 98 97 0
100 96 98 98 100 96 111 97 101 110 97 97 1
100 97 107 104 99 96 111 97 115 110 98 97 2
100 96 107 102 99 96 111 97 104 110 97 94 3
100 97 98 98 99 96 95 97 100 110 98 96 4
100 100 107 110 95 476 399 97 115 110 98 97 5
100 104 107 111 111 176 175 113 109 110 106 105 6
100 100 91 99 95 96 95 97 101 110 97 94 7
84 94 107 103 96 96 111 97 97 94 96 98 8
100 96 107 96 94 96 111 97 97 110 101 98 9
100 92 91 97 98 80 95 81 100 94 96 98 10
100 93 96 96 93 80 95 81 95 94 97 15000 11

Chip#2
107 84 105 86 102 94 105 105 90 91 100 91 0
105 100 109 102 104 110 103 101 106 107 97 107 1
117 116 112 118 101 110 102 105 106 107 105 107 2
98 84 103 86 100 94 98 101 90 91 100 91 3
98 84 102 86 96 94 99 99 90 91 95 91 4
105 100 104 102 101 110 106 107 106 107 100 107 5
99 84 101 86 92 94 139 198 90 91 97 91 6
94 100 101 86 94 94 136 198 106 91 92 91 7
100 100 107 86 99 94 99 102 106 91 95 91 8
98 100 100 96 90 94 94 101 106 107 91 107 9
100 100 107 102 95 94 97 101 90 91 99 91 10
102 84 101 86 93 0 94 94 90 75 91 15000 11

Chip#1
116 110 107 102 111 96 111 113 109 110 107 103 0
84 92 91 90 94 96 95 81 97 94 100 94 1
100 96 107 108 94 96 111 97 109 110 98 97 2
100 96 97 98 94 96 111 97 101 94 98 98 3
84 89 94 90 92 80 95 81 92 94 92 91 4
100 100 107 113 101 475 399 97 114 110 104 99 5
100 105 107 106 95 176 175 97 105 110 104 105 6
100 97 107 99 95 96 111 97 103 110 99 98 7
100 100 107 109 99 112 111 97 101 110 107 99 8
84 85 92 91 91 80 95 81 94 94 94 89 9
100 102 107 104 95 96 111 97 106 110 108 103 10
100 99 91 98 95 80 95 97 101 110 101 15000 11

Chip#2
103 100 101 102 100 110 103 105 106 107 99 107 0
104 100 107 102 104 94 106 102 90 107 100 107 1
105 100 104 102 95 110 100 99 106 107 97 107 2
104 100 103 102 98 110 101 106 106 107 101 107 3
101 100 103 102 101 110 108 103 106 107 102 107 4
101 100 101 102 98 110 103 105 106 107 95 107 5
104 100 104 102 98 110 145 214 106 107 97 107 6
100 84 98 86 95 94 140 198 106 91 92 91 7
104 100 103 102 98 94 105 101 106 91 96 107 8
101 100 108 102 100 110 107 107 106 107 105 107 9
99 84 102 86 94 94 103 101 90 91 99 91 10
99 84 96 86 89 94 96 97 90 91 94 15000 11

Chip#1
100 100 107 96 95 96 111 97 104 110 103 105 0
100 96 93 90 96 80 95 97 92 94 93 92 1
84 91 96 98 93 80 95 81 106 94 96 88 2
84 87 94 97 91 80 95 81 99 94 91 92 3
100 97 91 97 94 96 95 97 101 110 102 102 4
84 98 91 107 97 475 383 81 113 94 92 96 5
100 93 94 99 98 160 159 97 92 94 96 94 6
100 98 98 97 95 96 95 97 97 110 102 98 7
100 88 107 104 94 112 127 97 96 110 97 90 8
100 97 98 96 96 96 95 97 96 94 97 95 9
84 95 89 95 93 80 95 81 91 94 93 90 10
84 93 94 91 92 80 95 81 92 94 93 15000 11

Chip#2
104 100 105 102 99 110 107 106 106 107 101 107 0
100 100 104 102 96 110 103 100 90 91 100 91 1
85 100 111 86 101 94 102 105 90 91 100 91 2
98 84 100 102 93 94 98 101 90 91 93 91 3
100 100 99 86 94 94 98 104 106 91 100 91 4
101 100 105 102 98 110 102 102 106 107 97 107 5
105 100 105 102 100 94 143 214 106 91 96 91 6
99 100 108 102 99 110 143 214 106 107 106 107 7
104 100 105 102 92 94 100 102 106 107 97 91 8
103 100 102 86 93 94 102 101 90 91 99 91 9
99 100 103 86 93 94 100 100 106 91 92 91 10
104 100 112 86 93 94 100 100 90 91 102 15000 11

Chip#1
84 90 91 90 94 80 95 81 95 94 93 90 0
100 99 94 101 111 96 111 97 102 110 101 98 1
100 102 107 111 98 96 111 97 112 110 103 99 2
100 103 107 108 101 96 111 97 109 110 104 104 3
84 87 89 95 93 80 95 81 94 94 92 86 4
100 96 107 110 100 474 399 97 110 110 96 91 5
100 98 91 104 95 160 159 97 103 94 102 102 6
100 96 96 93 99 96 111 97 98 110 99 91 7
100 100 107 110 100 112 111 97 107 110 101 96 8
100 103 91 104 95 96 95 97 103 110 102 104 9
84 90 89 90 89 80 95 81 89 94 93 85 10
100 94 96 98 99 96 111 97 95 110 97 15000 11

Chip#2
101 100 96 102 94 110 99 101 106 107 89 107 0
104 100 104 102 96 94 102 104 106 107 96 107 1
103 100 103 102 96 110 100 102 106 107 97 107 2
104 100 107 86 102 94 106 106 90 91 106 91 3
98 100 101 102 95 94 102 105 90 107 91 107 4
98 100 96 97 94 94 102 94 90 91 96 91 5
90 84 92 89 86 94 132 198 90 91 86 91 6
105 100 105 86 95 94 138 198 106 91 100 91 7
107 100 103 86 98 94 100 102 106 107 96 107 8
94 84 95 86 82 94 92 89 90 91 93 91 9
101 100 104 102 98 110 107 106 106 107 105 91 10
100 100 98 95 89 94 97 100 90 91 95 15000 11

Chip#1
100 94 94 91 96 96 95 97 97 110 93 97 0
100 94 98 94 100 96 95 97 99 110 102 97 1
100 98 107 103 98 96 111 97 114 110 103 95 2
100 91 98 97 94 96 95 97 100 110 96 95 3
100 96 97 97 94 96 95 81 101 94 94 95 4
100 102 107 104 95 475 399 97 112 110 98 98 5
100 98 91 98 95 160 159 81 99 110 97 95 6
100 97 96 91 95 96 95 97 99 94 96 92 7
84 92 96 99 93 96 95 81 96 94 94 96 8
84 87 88 85 86 80 79 81 85 94 85 89 9
100 103 107 97 101 112 111 97 102 110 104 102 10
100 100 98 94 100 96 95 97 101 94 103 15000 11

Chip#2
99 84 104 86 95 94 103 101 90 91 98 91 0
102 100 110 102 96 110 104 105 106 107 100 107 1
99 100 110 102 96 110 102 102 106 107 100 107 2
93 100 104 97 95 94 97 96 90 91 93 91 3
97 84 104 86 98 94 97 102 90 91 97 91 4
101 116 111 102 105 110 112 113 106 107 102 107 5
105 100 102 86 99 94 145 214 106 91 98 91 6
102 100 107 102 98 94 144 214 106 91 104 91 7
103 84 101 97 92 94 98 95 90 91 93 91 8
96 100 105 102 92 94 102 101 106 107 97 107 9
94 84 99 94 90 94 91 94 90 91 89 91 10
107 100 105 102 96 110 102 105 106 107 99 15000 11

Chip#1
100 97 96 93 93 96 111 97 99 110 93 96 0
100 102 107 96 95 96 111 97 97 110 103 102 1
100 93 107 105 93 96 111 97 107 110 96 92 2
100 99 107 98 98 96 111 97 104 110 101 102 3
100 96 98 98 98 96 111 97 99 110 101 95 4
100 106 107 119 95 484 399 97 121 110 103 104 5
100 102 107 105 111 176 175 97 108 110 106 103 6
100 96 91 98 98 96 95 97 94 94 98 98 7
84 94 107 99 92 96 111 97 90 94 91 92 8
116 98 107 97 111 112 111 97 104 110 99 97 9
100 96 94 95 93 80 95 97 90 110 92 95 10
68 86 88 86 86 64 79 81 87 78 91 15000 11

Chip#2
100 100 102 102 98 110 98 100 90 91 95 91 0
96 100 102 102 95 110 97 97 106 107 89 107 1
104 100 104 102 96 94 98 100 90 91 100 91 2
102 100 105 86 95 94 97 101 90 91 98 91 3
101 100 100 95 99 94 99 99 106 91 95 91 4
104 84 103 86 96 94 102 101 90 91 93 91 5
102 84 107 86 95 94 139 198 106 91 97 91 6
95 100 97 102 92 94 141 198 106 91 95 107 7
94 84 102 94 92 94 98 96 90 91 93 91 8
101 100 104 102 92 110 109 105 106 107 100 107 9
95 84 102 94 90 94 96 100 106 91 94 91 10
105 100 109 102 93 110 97 100 106 107 97 15000 11

Chip#1
84 97 95 96 96 80 95 81 99 94 97 103 0
100 92 92 90 92 96 95 97 89 94 92 92 1
100 99 107 109 95 112 127 97 118 110 107 104 2
100 96 98 101 93 96 95 81 99 94 94 95 3
100 92 95 95 93 96 95 97 91 110 98 101 4
84 99 107 113 95 478 399 97 115 110 110 103 5
100 94 98 93 99 160 159 97 95 94 97 95 6
100 90 88 85 87 96 95 97 90 94 91 92 7
100 92 107 99 95 96 111 97 97 110 100 97 8
100 98 107 97 96 96 111 97 97 110 102 99 9
116 99 107 102 96 96 111 97 102 110 102 98 10
100 103 107 103 95 96 111 97 102 110 107 15000 11

Chip#2
95 84 96 94 88 94 93 96 90 91 91 91 0
101 116 116 102 108 110 113 111 106 107 106 107 1
100 116 107 102 96 110 103 104 106 107 99 107 2
103 116 110 118 100 110 103 108 106 107 102 107 3
104 100 103 102 95 94 94 105 90 91 97 91 4
106 84 102 86 95 94 102 100 90 91 97 91 5
103 100 109 102 99 110 148 214 106 107 102 107 6
99 100 102 102 94 94 134 198 106 91 94 91 7
101 100 107 102 99 110 103 105 106 107 99 107 8
103 100 103 86 92 94 99 101 90 107 96 91 9
97 84 101 96 94 94 98 100 90 91 96 91 10
103 84 103 97 94 94 99 100 106 91 94 15000 11

Chip#1
100 99 107 98 101 96 95 97 99 110 101 102 0
100 100 107 97 111 96 111 97 99 110 98 104 1
100 100 107 118 95 112 111 97 115 110 103 102 2
84 96 91 103 95 80 95 81 95 94 98 97 3
100 92 92 96 95 96 95 97 95 94 96 94 4
100 87 107 104 95 475 399 97 108 110 93 95 5
100 96 98 101 95 160 159 97 95 110 98 97 6
100 96 98 94 99 96 95 97 94 110 98 97 7
84 96 91 107 96 96 111 81 97 94 93 91 8
100 94 91 99 95 96 111 97 101 110 103 102 9
116 104 107 104 111 112 111 113 103 126 107 106 10
100 98 94 92 95 96 111 97 95 110 94 15000 11

Chip#2
100 100 104 102 95 94 104 97 106 107 97 107 0
107 100 109 102 95 94 105 105 90 91 100 107 1
100 84 101 96 90 94 96 97 90 91 96 91 2
99 100 105 102 100 110 100 100 106 107 100 107 3
94 100 102 102 94 94 99 95 90 91 95 91 4
99 100 102 97 90 94 103 96 90 107 93 91 5
101 100 113 102 104 110 149 214 106 107 109 107 6
100 84 107 86 98 94 143 198 90 91 100 91 7
98 100 105 102 94 110 100 101 106 107 99 107 8
99 100 103 97 92 94 96 97 90 107 99 107 9
101 100 103 102 92 94 100 99 90 91 101 91 10
98 84 101 96 94 94 98 97 90 91 97 15000 11

Chip#1
100 99 98 98 101 96 111 97 98 110 103 96 0
100 96 98 97 101 96 111 97 96 110 94 95 1
84 96 107 110 95 96 111 97 109 110 102 96 2
84 99 98 103 98 96 95 81 101 94 98 94 3
100 96 98 96 98 96 111 97 99 110 98 96 4
100 97 123 110 111 480 415 97 116 126 99 99 5
100 100 94 99 100 176 159 97 95 110 94 95 6
100 97 107 97 99 96 111 97 94 110 98 102 7
100 94 107 99 96 112 111 97 96 110 94 97 8
100 103 107 101 101 96 111 97 101 110 99 97 9
100 98 96 97 95 96 111 97 99 110 97 93 10
100 97 98 96 96 96 95 97 96 110 94 15000 11

Chip#2
103 100 102 86 95 94 103 99 106 91 93 107 0
104 100 107 102 103 110 103 105 106 107 93 107 1
98 84 104 86 94 94 97 100 90 91 94 91 2
90 84 99 95 95 94 98 96 90 91 93 91 3
99 84 105 86 100 94 104 105 90 91 99 91 4
95 84 99 97 90 94 97 100 90 91 89 91 5
99 100 104 102 92 94 141 230 106 107 93 107 6
95 100 107 102 96 94 143 198 106 91 93 91 7
98 84 103 86 94 0 99 99 74 75 93 91 8
103 100 113 102 95 110 107 101 106 107 96 107 9
99 84 102 86 94 94 102 100 90 91 92 91 10
104 100 109 86 94 94 100 104 90 91 96 15000 11

Chip#1
100 94 92 92 98 96 111 97 94 110 95 97 0
100 99 98 97 97 96 111 97 96 110 101 98 1
84 98 91 103 95 96 95 97 107 110 94 91 2
100 104 107 106 95 96 111 97 107 110 104 99 3
100 103 91 101 95 96 111 97 102 110 103 103 4
100 103 107 109 99 480 399 97 113 110 105 98 5
100 99 107 102 101 176 175 97 103 110 106 99 6
100 99 107 99 98 96 111 97 94 110 99 102 7
84 92 107 102 90 96 95 97 95 110 93 88 8
84 93 93 94 89 80 95 81 90 94 92 89 9
100 92 93 97 95 96 95 97 95 110 99 94 10
100 92 84 90 86 80 95 81 88 94 92 15000 11

Chip#2
103 100 104 102 100 94 100 101 90 91 97 91 0
106 84 110 86 100 94 103 106 90 91 97 91 1
101 100 108 86 101 94 105 105 106 91 102 91 2
105 100 108 102 102 110 99 109 106 91 100 91 3
99 100 101 102 94 94 98 100 106 107 93 91 4
99 100 103 102 96 110 102 100 106 107 93 91 5
94 100 100 96 94 110 137 214 106 107 90 107 6
101 100 101 102 102 110 141 214 122 107 95 107 7
117 100 108 102 101 110 107 100 106 107 100 107 8
105 100 109 102 104 110 107 106 106 107 104 107 9
100 84 108 86 96 94 99 104 90 91 97 91 10
107 100 104 102 95 110 103 99 106 107 96 15000 11

Chip#1
100 99 91 90 95 96 111 97 96 94 94 96 0
100 99 98 96 100 96 111 97 97 110 98 96 1
100 105 107 112 95 96 111 97 115 110 101 102 2
100 90 89 91 92 96 95 97 96 110 92 89 3
100 102 107 98 96 96 111 97 104 110 106 102 4
84 93 107 104 93 483 399 81 109 94 92 97 5
84 96 98 97 98 160 159 81 99 94 97 96 6
100 92 92 90 89 96 111 97 92 94 94 91 7
84 98 91 104 100 96 111 81 99 94 97 99 8
84 98 91 103 97 80 95 81 103 94 100 99 9
100 99 96 96 99 96 111 97 97 110 98 99 10
84 95 96 92 95 80 95 81 94 94 94 15000 11

Chip#2
104 100 104 97 94 94 99 94 90 91 96 91 0
100 100 102 96 98 94 102 108 106 91 97 91 1
103 100 102 102 96 94 104 107 90 91 99 91 2
96 100 105 102 95 110 100 105 90 91 101 91 3
99 100 104 102 99 94 103 101 106 91 96 107 4
117 116 108 118 100 110 108 103 106 107 102 107 5
95 84 97 92 92 94 138 214 106 91 93 91 6
101 100 103 102 96 94 143 214 106 107 99 107 7
94 84 99 96 89 94 94 96 90 91 88 91 8
90 84 96 89 87 94 92 96 90 91 93 91 9
101 100 105 102 95 94 104 104 106 91 101 91 10
100 100 102 102 90 110 99 97 90 107 96 15000 11

Chip#1
100 104 107 99 99 96 111 97 102 110 102 103 0
100 93 95 94 94 96 95 97 95 110 97 99 1
100 91 107 99 93 96 111 97 105 110 94 91 2
100 98 107 104 100 96 111 97 101 110 98 97 3
100 99 107 102 99 96 111 97 102 94 101 106 4
100 97 107 110 101 489 415 97 112 126 103 104 5
100 102 107 108 95 176 175 97 105 110 103 99 6
84 88 94 90 93 96 111 97 91 94 89 91 7
100 100 107 110 95 112 111 97 99 110 103 103 8
100 94 95 94 94 96 95 81 101 110 93 96 9
100 97 92 87 96 96 95 97 94 110 94 91 10
100 89 95 87 89 96 95 97 95 94 98 15000 11

Chip#2
99 100 97 102 93 110 93 99 106 107 93 91 0
107 100 115 102 105 110 104 108 106 107 104 107 1
98 100 104 102 92 110 99 99 106 107 93 107 2
95 100 102 102 94 110 100 103 106 107 97 107 3
94 84 102 86 98 94 102 100 90 91 97 91 4
94 84 99 91 94 94 97 100 90 91 92 91 5
104 116 111 102 105 110 150 230 106 107 107 107 6
101 100 110 102 105 110 154 214 106 107 106 107 7
98 100 105 86 96 94 102 102 90 91 100 91 8
100 100 105 102 98 94 99 103 106 107 102 91 9
100 100 104 102 95 110 99 99 106 91 99 107 10
98 100 103 86 93 94 97 102 90 91 91 15000 11

Chip#1
100 98 93 96 95 96 111 97 98 110 95 102 0
100 85 86 85 89 80 95 81 89 94 93 89 1
100 100 123 110 99 112 127 97 113 126 104 98 2
100 99 107 101 99 96 111 97 101 110 101 96 3
116 94 97 103 100 96 111 97 103 110 99 99 4
100 97 123 106 101 498 415 97 113 110 103 104 5
100 103 107 104 95 176 175 97 104 110 101 102 6
100 99 107 99 101 96 111 113 99 110 104 98 7
100 89 91 101 92 96 111 81 95 94 94 95 8
100 99 107 99 95 96 111 97 101 110 104 102 9
100 99 94 92 96 96 95 97 90 110 98 98 10
116 99 94 97 96 96 111 97 97 110 102 15000 11

Chip#2
98 84 98 96 90 94 92 93 90 91 93 91 0
103 116 105 102 99 110 102 105 106 107 102 107 1
104 100 103 102 99 110 98 103 106 107 96 107 2
103 100 108 102 100 110 102 106 106 107 108 107 3
100 84 104 102 105 94 102 106 90 91 102 91 4
101 100 107 102 98 110 101 102 106 107 97 107 5
107 100 110 102 104 94 152 230 106 91 101 91 6
103 100 109 102 100 110 151 230 106 107 101 107 7
107 100 108 102 101 110 103 107 106 107 102 91 8
104 100 108 86 95 94 104 105 90 91 102 91 9
100 100 102 102 95 110 99 108 106 107 100 91 10
105 100 103 86 100 94 102 106 106 91 97 15000 11

Chip#1
84 96 91 89 94 96 95 97 92 94 97 95 0
100 91 92 90 94 96 95 97 90 94 93 91 1
100 94 107 103 98 112 111 97 107 110 91 89 2
100 92 107 100 99 96 111 97 103 110 97 94 3
100 104 107 101 99 96 111 97 100 110 103 98 4
100 102 107 109 95 506 415 97 118 110 102 97 5
100 104 107 104 95 176 175 97 105 110 102 103 6
100 99 107 98 95 96 95 97 96 110 97 98 7
100 109 107 116 95 112 111 97 110 110 106 108 8
84 93 93 94 93 96 95 81 95 94 94 95 9
100 102 94 104 101 96 95 81 100 110 105 102 10
84 90 92 87 88 80 95 81 87 94 93 15000 11

Chip#2
91 100 101 102 92 94 97 97 106 91 90 107 0
101 100 97 102 90 110 94 99 106 107 89 107 1
104 100 109 102 94 110 98 101 106 107 101 107 2
96 100 101 97 95 94 94 103 90 91 97 91 3
99 100 103 97 102 94 100 97 90 107 102 91 4
103 100 107 102 100 110 103 106 106 91 97 107 5
99 100 103 102 96 110 150 230 106 107 97 107 6
100 100 104 102 96 94 142 230 106 91 94 107 7
95 100 96 90 92 94 92 91 90 91 86 91 8
94 84 101 95 90 94 92 97 90 91 88 91 9
99 100 104 102 98 110 100 107 106 107 101 107 10
99 100 105 102 96 94 100 102 106 107 97 15000 11

Chip#1
100 106 91 99 100 80 95 97 105 94 104 106 0
100 105 91 100 95 96 111 97 105 94 105 102 1
100 99 107 109 111 112 111 97 112 110 103 98 2
100 102 107 104 101 96 111 97 109 110 106 98 3
84 90 91 96 89 80 79 81 90 78 88 89 4
100 99 107 112 99 510 415 97 113 110 96 97 5
100 99 107 101 100 176 175 97 103 110 103 104 6
84 97 95 96 95 96 95 81 95 94 96 94 7
100 105 107 107 95 112 111 97 104 110 102 101 8
100 96 107 93 99 96 111 97 92 110 95 92 9
100 97 95 96 96 96 95 97 97 94 94 90 10
100 106 107 101 96 96 111 97 101 110 101 15000 11

Chip#2
99 84 99 95 93 94 98 95 90 91 93 91 0
103 84 105 102 98 94 98 99 90 91 99 91 1
103 100 100 102 93 110 99 97 106 107 96 107 2
99 100 105 102 100 110 103 105 106 107 105 107 3
105 100 101 102 96 110 108 105 106 107 102 107 4
96 100 103 102 96 110 97 102 106 107 95 107 5
98 84 99 102 94 94 145 230 106 91 97 91 6
117 116 111 118 102 110 159 246 122 107 102 107 7
99 100 101 102 94 94 99 102 106 91 100 107 8
104 100 104 102 98 110 102 103 106 107 99 107 9
101 100 107 102 102 110 107 107 106 107 107 107 10
107 100 108 102 99 110 103 103 106 107 100 15000 11

Chip#1
100 93 91 85 89 96 95 97 89 94 92 94 0
116 102 107 102 99 96 111 97 104 110 103 105 1
100 106 123 119 111 112 127 113 121 126 113 109 2
100 102 107 106 95 96 111 97 110 110 106 106 3
100 94 92 97 98 96 111 97 99 110 97 96 4
100 103 107 109 97 523 431 97 118 110 97 102 5
100 102 107 97 99 176 175 97 101 110 99 105 6
100 99 97 97 96 96 111 97 94 110 97 96 7
116 109 107 118 111 112 127 97 113 110 113 112 8
100 94 95 93 89 96 95 97 95 94 94 94 9
100 96 96 94 90 96 95 97 95 110 99 96 10
100 97 91 94 96 96 95 97 105 94 106 15000 11

Chip#2
117 116 108 118 100 110 109 106 122 123 101 123 0
100 100 105 102 98 110 97 99 106 107 95 107 1
99 100 105 86 94 94 99 96 106 91 94 91 2
104 100 105 102 105 94 110 110 106 91 104 91 3
103 100 108 102 102 110 107 107 106 107 103 107 4
99 100 98 96 100 110 96 95 90 107 89 107 5
103 100 107 102 103 110 153 262 122 107 100 107 6
103 100 108 102 99 110 156 246 106 107 100 91 7
93 84 99 95 92 94 98 95 90 91 88 91 8
99 100 105 102 99 94 105 101 90 91 102 91 9
100 100 104 102 104 110 103 102 106 107 102 107 10
98 84 102 96 92 94 100 94 90 75 92 15000 11

Chip#1
100 98 98 94 100 96 95 97 99 110 99 101 0
100 101 107 98 99 112 111 113 104 110 101 98 1
84 99 91 109 93 96 111 97 109 94 97 99 2
100 104 107 101 94 96 111 97 108 110 98 98 3
100 92 92 93 93 96 111 97 94 110 97 97 4
100 97 107 104 99 534 431 97 109 110 94 95 5
100 92 95 96 98 176 175 97 96 110 92 98 6
100 106 107 102 95 96 111 97 106 110 101 102 7
100 91 107 97 93 112 127 97 92 110 88 94 8
84 97 91 94 95 96 95 81 97 94 96 98 9
100 96 91 92 96 96 111 97 94 94 96 95 10
100 96 91 98 99 96 95 97 99 110 100 15000 11

Chip#2
101 100 108 102 100 110 106 107 106 91 104 107 0
94 100 107 86 98 94 99 101 90 91 93 91 1
101 100 108 102 92 110 104 100 106 107 97 107 2
101 100 105 102 98 94 104 99 106 107 99 91 3
94 100 100 96 93 110 99 99 106 107 93 107 4
101 100 107 102 102 110 108 105 106 107 97 107 5
103 116 108 118 103 110 160 262 122 107 106 107 6
100 100 101 102 95 110 154 246 106 91 95 91 7
101 100 102 102 90 110 100 95 106 107 94 107 8
95 84 96 96 86 94 98 96 90 91 93 91 9
101 100 107 102 101 94 100 105 106 107 102 107 10
101 84 107 86 93 94 100 97 106 91 97 15000 11

Chip#1
84 92 94 89 100 80 95 81 95 110 96 95 0
100 94 107 94 99 96 111 97 101 110 101 97 1
116 105 123 115 111 112 127 113 117 126 110 105 2
100 100 107 102 111 112 111 97 108 110 104 100 3
84 87 94 90 94 80 95 81 95 94 96 95 4
100 100 107 113 95 550 459 97 112 110 106 99 5
116 105 107 109 111 192 185 113 108 126 108 107 6
84 89 92 91 91 80 95 81 85 94 92 92 7
100 94 107 102 94 112 111 97 95 110 102 99 8
84 93 96 87 97 96 95 81 92 94 97 95 9
84 86 85 80 86 80 95 81 82 94 91 84 10
100 98 96 87 98 96 111 97 94 110 99 15000 11

Chip#2
105 100 104 102 98 94 105 101 106 91 96 107 0
103 100 107 102 99 94 100 101 106 91 93 91 1
101 100 105 102 94 94 98 102 106 107 96 107 2
96 100 102 102 93 94 98 101 106 91 100 91 3
105 100 109 102 101 94 108 106 90 91 101 91 4
95 100 102 102 94 110 97 97 106 107 89 107 5
99 100 104 102 98 110 159 262 106 107 95 107 6
101 100 105 102 101 110 155 246 106 107 95 107 7
100 100 104 102 92 110 98 100 106 107 97 107 8
97 84 101 96 90 94 97 95 90 91 91 91 9
101 100 105 102 96 110 103 102 106 107 97 107 10
98 100 104 95 95 110 99 92 106 107 91 15000 11

Chip#1
100 98 90 93 90 96 95 97 94 110 97 98 0
116 105 107 98 98 112 111 113 96 126 101 104 1
100 99 107 106 98 112 111 97 111 110 101 103 2
84 95 91 101 98 96 95 81 101 94 100 97 3
84 95 92 91 90 80 95 81 95 94 92 96 4
84 97 91 113 100 574 477 81 115 110 105 104 5
100 106 107 104 95 190 175 97 108 110 102 109 6
100 102 94 94 96 96 95 97 92 94 96 103 7
100 104 107 108 95 112 111 97 103 110 107 103 8
100 96 91 91 92 96 95 97 95 110 97 94 9
100 98 92 91 95 96 95 81 94 94 97 96 10
100 111 107 104 95 96 111 97 105 110 103 15000 11

Chip#2
104 100 111 102 101 110 106 102 106 107 105 107 0
107 100 108 102 104 94 108 105 106 91 102 91 1
105 100 109 102 100 110 104 106 106 107 104 107 2
105 100 105 102 106 94 104 103 90 107 106 91 3
96 100 102 97 101 94 98 97 106 107 99 107 4
99 100 108 102 96 94 104 104 106 91 94 107 5
104 116 114 118 106 110 167 271 122 123 105 107 6
104 100 109 102 103 110 159 262 106 107 101 107 7
100 100 102 102 94 110 103 100 106 91 96 91 8
101 100 107 102 94 94 100 102 106 91 101 91 9
107 100 110 102 104 110 105 107 106 107 104 107 10
96 100 103 102 95 110 98 97 106 91 99 15000 11

Chip#1
100 98 107 97 95 96 95 97 106 94 97 103 0
100 90 88 87 93 80 95 81 91 110 88 89 1
100 96 107 110 94 96 111 97 109 110 100 96 2
100 106 107 114 95 112 111 97 112 110 110 109 3
100 97 107 94 101 96 111 97 103 110 101 102 4
100 100 107 115 95 592 493 97 126 110 104 104 5
84 91 89 97 91 121 175 81 94 94 89 95 6
100 103 107 97 95 96 111 97 103 110 102 103 7
100 97 107 108 95 112 111 97 104 110 99 99 8
84 94 95 96 93 96 95 97 100 110 101 95 9
84 94 95 96 92 80 95 81 92 94 93 94 10
100 96 91 94 94 96 111 97 95 110 95 15000 11

Chip#2
99 100 98 86 93 110 94 100 106 91 96 91 0
101 100 109 102 100 110 104 99 106 107 102 107 1
101 100 109 102 99 110 102 101 106 107 105 107 2
105 100 107 102 101 110 104 103 106 107 103 107 3
103 100 109 102 106 110 104 110 106 107 107 107 4
107 84 103 86 96 94 102 104 90 91 99 91 5
105 100 110 102 101 110 159 262 106 91 105 91 6
103 100 105 102 104 110 157 246 106 91 102 107 7
105 100 100 97 96 110 100 99 106 107 95 91 8
117 100 107 102 99 110 108 112 106 107 110 107 9
101 100 113 102 107 110 109 111 106 107 106 107 10
101 100 111 102 105 110 109 107 106 107 100 15000 11

Chip#1
100 97 92 92 94 96 95 97 96 94 97 102 0
84 98 96 90 95 96 95 97 97 94 98 98 1
84 105 107 113 95 112 111 97 121 110 105 102 2
84 98 96 102 93 96 111 81 101 110 92 94 3
116 98 107 101 95 96 111 97 104 110 103 104 4
100 99 123 109 99 624 509 97 117 126 97 98 5
100 102 96 98 95 192 191 97 99 110 101 98 6
84 97 95 90 92 80 95 81 96 94 92 94 7
100 102 107 111 95 112 127 97 106 110 104 104 8
100 99 96 93 101 96 95 97 99 110 96 102 9
100 96 96 92 92 96 95 81 97 94 97 102 10
100 103 96 99 98 80 95 97 102 94 103 15000 11

Chip#2
105 100 105 102 100 110 99 102 106 91 93 107 0
99 100 100 102 95 110 97 102 106 107 94 107 1
96 100 104 102 98 110 100 105 106 107 99 107 2
100 100 105 102 100 94 99 106 106 107 102 107 3
117 116 113 102 107 110 107 114 106 107 105 107 4
97 100 97 86 92 94 94 95 90 91 93 91 5
100 100 101 86 98 94 161 262 106 91 95 91 6
99 100 97 86 99 94 155 262 106 91 90 107 7
100 100 102 102 96 110 100 97 106 107 96 107 8
104 100 107 102 93 110 102 105 106 107 102 107 9
105 100 104 86 94 94 98 105 90 91 104 91 10
101 100 105 102 98 110 103 106 106 107 100 15000 11

Chip#1
100 100 96 93 98 96 111 97 105 110 99 106 0
84 96 98 89 93 80 95 81 95 94 94 94 1
100 94 107 109 98 112 111 97 118 110 99 98 2
100 104 107 110 95 96 111 97 115 110 106 101 3
100 97 91 103 101 96 95 97 102 110 98 97 4
84 100 107 108 99 624 520 81 119 110 94 99 5
84 90 96 91 92 187 175 81 94 94 89 89 6
84 89 92 92 91 80 95 81 86 94 89 90 7
100 93 107 105 93 112 111 97 94 110 93 91 8
100 102 91 102 95 96 95 97 106 110 107 103 9
84 92 91 92 90 80 95 97 94 94 96 91 10
100 102 98 102 98 96 111 97 99 110 108 15000 11

Chip#2
101 84 108 102 96 94 100 104 106 91 100 107 0
104 100 105 97 95 94 102 102 90 91 96 91 1
98 100 103 86 94 94 100 101 90 107 95 91 2
103 100 108 102 100 94 103 106 90 91 109 91 3
100 100 101 102 96 110 99 100 106 107 97 107 4
107 100 105 102 98 110 107 101 106 107 99 107 5
105 100 105 102 99 110 162 271 106 107 104 107 6
105 116 107 118 100 126 164 271 122 107 101 107 7
105 100 105 102 98 110 106 103 106 107 96 107 8
99 84 101 96 87 94 99 99 90 91 97 91 9
99 100 103 96 92 110 97 100 106 107 97 107 10
101 100 110 102 95 110 101 107 106 107 101 15000 11

