Chip#2
117 116 113 102 100 110 103 101 106 107 97 123 0 0
117 116 110 118 105 110 107 103 106 107 100 107 1 0
105 100 120 102 104 110 105 105 90 91 101 91 2 0
106 116 112 277 424 126 260 470 122 218 297 123 3 0
103 100 107 272 321 110 260 454 122 231 297 107 4 0
103 100 101 102 101 110 102 102 106 107 101 107 5 0
101 100 113 238 396 110 397 855 138 443 944 139 6 0
101 100 103 259 423 110 392 832 138 379 800 139 7 0
117 116 105 102 100 110 107 113 106 107 111 107 8 0
101 100 107 96 90 110 415 886 138 513 976 139 9 0
100 100 108 102 95 94 406 838 138 427 872 139 10 0
103 100 109 102 99 110 105 112 106 107 105 15000 11 0
Chip#2
101 116 110 97 99 94 102 94 90 91 100 107 0 51
101 100 116 102 106 110 106 104 90 91 104 107 1 0
102 100 110 118 106 110 104 105 106 107 102 107 2 0
95 100 101 261 412 110 260 454 122 210 372 107 3 0
100 100 107 270 321 126 276 454 122 232 386 107 4 0
101 100 109 102 105 110 110 115 106 107 112 107 5 0
101 100 110 237 392 110 393 858 138 443 928 139 6 0
117 116 113 267 321 126 399 841 154 395 819 139 7 0
117 116 114 118 108 126 116 117 106 123 117 123 8 0
98 100 104 102 98 110 408 873 122 518 976 139 9 0
98 100 104 91 92 110 404 830 138 427 862 139 10 0
98 100 103 94 90 94 104 108 106 91 105 15000 11 0
Chip#2
117 116 122 102 105 110 110 111 106 107 107 107 0 51
117 116 116 118 111 110 108 103 106 107 100 123 1 0
107 100 119 102 102 110 104 103 106 91 105 107 2 0
101 100 108 272 321 110 260 454 122 218 385 107 3 0
117 100 118 279 424 110 276 454 122 246 297 107 4 0
117 116 109 102 111 110 114 112 122 107 112 107 5 0
105 100 102 228 385 110 388 844 138 427 928 139 6 0
103 100 102 254 420 110 391 828 122 379 800 139 7 0
103 100 102 96 93 94 104 106 106 91 109 107 8 0
101 100 100 95 90 110 405 871 138 509 976 139 9 0
117 116 115 102 107 110 413 842 154 427 866 155 10 0
107 100 109 102 100 110 105 110 106 107 111 15000 11 0
Chip#2
117 116 108 86 94 110 105 99 90 91 102 107 0 51
117 116 119 118 106 126 110 107 106 107 101 123 1 0
105 116 116 118 105 110 107 106 106 107 102 107 2 0
117 116 112 279 424 126 276 470 122 220 297 123 3 0
107 100 105 276 424 110 276 470 106 238 297 107 4 0
117 100 109 102 104 110 114 112 106 107 113 107 5 0
117 116 108 239 393 126 396 858 138 452 944 139 6 0
107 116 109 263 421 110 399 833 138 395 800 139 7 0
101 100 107 97 94 94 108 105 106 91 109 107 8 0
105 116 105 102 96 110 412 886 138 508 992 139 9 0
105 100 110 102 99 110 408 837 138 427 866 139 10 0
100 84 103 86 94 94 104 105 90 91 105 15000 11 0
Chip#2
117 116 110 102 95 94 104 99 106 107 94 107 0 51
117 132 122 118 109 126 117 107 122 107 106 123 1 0
101 100 120 102 105 110 106 112 90 91 104 107 2 0
105 116 112 277 424 126 276 470 122 223 297 123 3 0
103 100 104 270 424 126 276 470 122 233 297 123 4 0
117 116 115 118 109 126 115 116 106 107 111 107 5 0
107 100 107 234 394 110 392 855 122 443 928 123 6 0
103 100 108 263 420 110 392 831 122 379 784 123 7 0
117 116 114 118 107 110 120 118 106 107 122 107 8 0
103 100 105 102 92 110 411 902 138 519 992 139 9 0
100 100 102 96 84 110 399 831 138 427 857 139 10 0
117 100 112 102 95 110 108 116 106 107 107 15000 11 0
Chip#2
117 116 116 118 99 126 107 99 106 107 105 107 0 52
107 100 113 102 101 110 100 97 90 91 93 107 1 0
101 116 122 118 103 110 109 110 106 107 105 107 2 0
104 100 112 278 422 126 260 470 122 217 384 107 3 0
117 100 108 273 424 126 276 470 122 241 400 123 4 0
117 116 114 118 105 110 108 114 122 107 105 107 5 0
117 116 110 235 393 126 396 856 138 452 928 139 6 0
107 100 111 260 422 110 392 828 138 379 800 139 7 0
105 100 108 102 95 110 107 111 106 107 111 107 8 0
107 100 111 102 95 110 415 886 138 521 976 139 9 0
117 116 119 118 111 126 413 842 154 443 876 155 10 0
106 116 113 102 99 110 109 112 106 107 112 15000 11 0
Chip#2
117 100 114 102 96 110 105 104 106 91 101 107 0 52
107 100 114 102 102 110 98 103 90 91 94 107 1 0
103 100 120 102 104 110 104 103 106 91 100 107 2 0
103 84 111 273 321 110 244 454 106 215 385 107 3 0
105 100 109 271 424 126 276 470 122 230 297 107 4 0
117 116 104 118 105 110 108 110 106 107 105 107 5 0
103 100 105 233 391 110 386 850 138 443 928 139 6 0
117 116 110 263 321 126 398 839 138 395 800 139 7 0
103 100 112 102 98 110 107 111 122 107 108 107 8 0
100 100 107 102 94 110 415 886 138 514 976 139 9 0
106 116 107 102 98 126 409 838 154 443 865 139 10 0
103 100 110 102 99 110 106 115 106 91 104 15000 11 0
Chip#2
117 116 116 102 100 110 108 102 106 107 101 107 0 52
117 116 116 102 102 110 101 103 106 107 99 107 1 0
117 116 120 118 105 126 108 107 106 107 103 107 2 0
101 100 117 282 321 110 260 454 122 231 297 123 3 0
101 84 109 271 321 110 260 454 106 240 297 107 4 0
101 100 104 102 102 110 113 106 106 91 99 91 5 0
101 100 111 237 392 110 393 854 138 443 912 139 6 0
107 100 114 263 321 110 395 838 138 379 800 139 7 0
99 100 103 97 95 94 107 103 106 107 100 91 8 0
105 100 108 102 95 110 408 878 138 517 976 139 9 0
103 100 103 102 98 94 406 831 138 427 859 139 10 0
103 100 103 96 95 94 103 105 106 107 109 15000 11 0
Chip#2
117 116 121 102 102 110 112 107 106 107 106 123 0 52
117 116 115 118 106 126 107 101 106 107 97 123 1 0
117 116 120 118 103 110 110 111 106 107 104 107 2 0
107 100 110 274 321 110 260 454 122 219 297 107 3 0
103 100 107 268 424 126 276 470 122 235 400 123 4 0
101 100 111 102 107 110 110 111 106 107 105 107 5 0
107 100 110 235 391 110 389 852 138 443 928 139 6 0
99 100 105 261 417 110 396 832 122 379 784 123 7 0
105 100 110 102 100 110 112 112 106 107 109 107 8 0
101 100 109 102 96 110 419 886 138 520 976 139 9 0
105 100 107 91 92 110 406 839 138 427 863 139 10 0
104 100 110 86 99 94 106 108 90 91 104 15000 11 0
Chip#2
117 116 121 102 105 126 115 111 122 107 112 107 0 52
117 116 117 102 105 110 105 102 106 91 102 107 1 0
101 100 121 102 108 94 109 110 90 91 107 91 2 0
104 100 109 278 424 126 260 470 122 222 297 123 3 0
117 116 108 274 424 126 276 470 122 242 400 123 4 0
117 100 102 102 104 110 108 107 106 107 102 107 5 0
103 84 101 233 391 94 385 851 122 427 928 123 6 0
105 100 108 263 425 110 394 836 138 379 800 139 7 0
117 100 110 102 105 110 114 118 106 107 113 107 8 0
101 100 103 86 95 94 411 886 122 514 976 139 9 0
104 100 110 102 99 110 405 837 138 427 864 139 10 0
104 100 108 96 96 94 105 110 90 91 107 15000 11 0
Chip#2
117 100 114 102 98 110 105 100 106 91 100 107 0 53
117 116 120 102 105 110 110 110 106 107 102 107 1 0
101 116 120 118 105 110 108 111 106 107 106 107 2 0
117 100 115 279 424 126 260 470 122 222 297 123 3 0
101 100 116 277 424 126 276 470 122 239 297 123 4 0
117 100 108 118 113 110 114 110 106 107 107 107 5 0
107 100 104 232 392 110 392 852 122 443 928 139 6 0
100 100 103 260 419 110 393 834 138 395 800 139 7 0
100 100 101 96 98 110 110 106 106 107 108 107 8 0
101 100 109 102 105 110 420 886 138 521 976 139 9 0
107 100 111 102 99 110 408 836 138 411 870 139 10 0
103 100 105 102 94 110 97 108 106 91 107 15000 11 0
Chip#2
117 116 113 102 104 110 109 102 106 107 105 107 0 53
101 116 111 102 108 110 100 103 106 107 100 107 1 0
117 100 120 102 112 110 109 111 106 107 109 107 2 0
100 100 107 266 414 110 260 470 122 211 380 107 3 0
99 100 104 270 321 110 260 470 122 232 297 107 4 0
103 100 104 102 102 110 109 105 106 107 100 91 5 0
117 116 117 244 400 126 399 861 138 443 944 139 6 0
99 100 104 258 414 110 393 832 122 379 800 123 7 0
101 100 111 102 105 110 112 113 106 107 115 107 8 0
107 100 109 102 95 110 413 886 138 519 976 139 9 0
117 100 114 102 100 110 410 839 138 427 871 139 10 0
103 100 105 102 94 94 102 106 106 107 106 15000 11 0
Chip#2
117 100 111 102 98 94 104 101 90 91 101 107 0 53
117 116 115 118 109 110 113 107 106 107 99 123 1 0
117 100 115 102 104 110 105 101 106 107 102 107 2 0
105 100 110 272 422 110 260 454 106 220 383 107 3 0
100 100 105 264 421 110 260 454 106 231 297 107 4 0
103 100 103 96 104 110 110 106 106 107 102 107 5 0
103 100 109 238 388 110 392 855 122 443 928 139 6 0
107 100 108 265 421 110 395 837 138 379 800 139 7 0
104 100 104 102 98 110 109 108 106 91 107 107 8 0
105 100 109 86 96 110 410 886 122 516 976 139 9 0
100 100 104 102 96 110 406 842 138 427 865 139 10 0
105 100 105 102 95 110 104 111 106 107 104 15000 11 0
Chip#2
117 116 115 102 98 110 106 101 106 107 104 107 0 54
101 100 116 102 109 110 111 107 106 91 106 107 1 0
107 100 113 118 107 110 107 105 106 91 105 107 2 0
104 100 109 268 419 110 260 454 106 214 380 107 3 0
101 100 110 274 321 110 260 454 106 232 297 107 4 0
101 100 111 102 108 110 114 111 106 107 110 107 5 0
117 100 113 238 393 126 393 860 138 443 928 139 6 0
117 116 106 254 420 126 394 830 138 395 809 155 7 0
104 100 105 102 99 110 106 107 106 107 109 107 8 0
99 116 104 97 92 110 408 873 138 511 976 139 9 0
94 84 101 90 90 94 401 830 122 427 854 139 10 0
103 84 103 95 92 94 104 104 90 91 103 15000 11 0
Chip#2
117 100 109 97 95 94 98 94 90 91 95 107 0 54
103 100 107 86 100 94 99 95 90 91 96 91 1 0
105 100 105 102 96 94 99 100 106 91 95 91 2 0
105 100 114 271 423 126 260 454 122 219 384 123 3 0
105 100 109 274 424 126 260 454 122 232 297 107 4 0
103 100 102 102 102 110 98 104 90 91 99 91 5 0
117 100 108 233 394 110 392 857 138 443 928 139 6 0
117 100 107 260 419 110 393 839 138 395 800 139 7 0
104 100 110 102 102 110 109 110 106 107 111 107 8 0
103 100 109 102 98 110 412 886 138 520 992 139 9 0
101 100 116 102 108 110 411 847 138 427 877 139 10 0
100 100 104 97 96 94 100 102 106 91 106 15000 11 0
Chip#2
101 100 116 86 100 94 110 101 90 91 104 107 0 54
117 116 112 118 102 110 103 105 106 107 97 123 1 0
101 100 117 102 106 110 104 105 106 91 101 107 2 0
100 84 109 272 420 110 244 438 106 213 377 107 3 0
105 100 113 273 424 126 276 470 122 236 297 123 4 0
106 116 104 118 103 126 104 108 106 107 101 107 5 0
117 100 111 238 394 126 395 859 138 443 928 139 6 0
100 100 109 260 416 126 396 838 138 395 800 139 7 0
117 100 110 102 99 110 112 113 106 107 114 107 8 0
98 100 107 94 89 110 410 886 138 517 992 139 9 0
101 116 107 118 95 110 403 839 138 427 867 155 10 0
105 100 110 102 98 94 104 110 106 91 115 15000 11 0
Chip#2
117 116 115 102 102 110 109 102 90 91 107 107 0 54
105 116 108 102 101 110 102 102 106 107 97 123 1 0
104 84 115 102 104 94 102 104 90 91 99 91 2 0
100 100 110 265 416 110 244 438 106 214 373 107 3 0
117 100 113 276 424 126 276 470 122 237 297 123 4 0
104 100 100 102 100 110 99 107 106 91 101 91 5 0
103 100 103 231 389 110 388 848 138 443 928 139 6 0
107 100 105 259 416 126 395 836 138 379 800 139 7 0
103 100 105 96 98 110 108 111 90 91 107 91 8 0
103 100 108 102 98 110 415 886 122 517 976 139 9 0
95 84 99 89 87 94 392 827 122 411 854 123 10 0
98 84 105 97 89 94 98 103 90 91 104 15000 11 0
Chip#2
117 100 109 102 95 110 103 97 90 91 101 107 0 55
117 100 115 102 104 110 105 108 106 91 101 107 1 0
103 100 113 102 102 110 104 104 106 91 95 91 2 0
100 100 111 271 420 110 244 454 106 213 377 107 3 0
105 100 111 271 321 110 276 470 106 232 297 123 4 0
107 100 108 102 105 110 108 107 90 91 107 91 5 0
103 100 103 229 386 110 388 850 122 427 928 123 6 0
117 100 111 259 321 126 401 844 138 395 800 139 7 0
107 100 107 102 102 110 111 110 106 107 111 91 8 0
100 100 105 96 94 94 412 886 122 515 976 139 9 0
104 100 109 102 94 110 405 839 138 443 866 139 10 0
104 116 105 102 95 110 103 111 106 107 105 15000 11 0
Chip#2
117 100 109 102 99 110 104 101 106 91 100 107 0 55
106 116 110 102 101 110 102 102 106 107 93 107 1 0
101 100 117 102 104 110 105 108 90 91 104 107 2 0
104 100 112 268 417 126 260 454 122 212 377 107 3 0
117 116 112 273 424 126 276 470 122 239 400 123 4 0
117 100 111 102 109 110 113 117 106 107 109 107 5 0
101 100 111 237 391 110 393 859 122 427 928 139 6 0
107 100 104 257 416 110 393 836 122 379 784 139 7 0
103 100 108 102 101 110 107 112 106 107 110 107 8 0
96 84 104 97 88 110 401 877 122 509 976 139 9 0
104 100 108 102 99 110 403 840 138 427 866 139 10 0
104 100 109 86 92 110 104 107 90 91 101 15000 11 0
Chip#2
117 116 115 102 101 94 106 105 90 91 100 107 0 55
117 116 119 118 108 110 112 112 106 107 106 123 1 0
104 100 113 102 105 94 103 107 90 91 105 91 2 0
101 100 107 271 415 110 260 454 106 213 379 107 3 0
117 116 116 277 424 126 276 470 122 237 400 123 4 0
101 100 104 102 107 110 108 111 106 107 104 107 5 0
101 100 109 233 389 110 392 855 122 443 928 123 6 0
104 84 101 251 412 110 384 828 122 379 784 123 7 0
106 100 108 102 103 110 109 111 106 107 110 107 8 0
106 100 104 118 92 110 413 902 138 519 992 155 9 0
117 100 109 102 104 110 413 839 138 427 876 155 10 0
104 84 105 97 95 94 103 110 90 91 107 15000 11 0
Chip#2
117 116 114 102 94 110 97 100 106 107 99 107 0 55
117 100 116 102 106 110 109 107 106 107 100 107 1 0
105 100 113 102 104 110 105 105 90 91 101 91 2 0
100 100 105 277 417 110 260 454 106 211 378 107 3 0
117 116 113 277 321 126 276 470 122 242 400 123 4 0
117 116 105 118 107 126 115 114 122 123 107 107 5 0
102 100 102 233 382 126 388 853 138 443 944 139 6 0
117 116 107 265 422 126 396 836 138 395 800 139 7 0
117 116 115 102 106 126 114 122 106 107 117 123 8 0
104 100 105 102 93 110 413 886 138 519 976 139 9 0
94 100 98 95 86 94 393 832 122 427 858 139 10 0
101 100 113 102 98 110 112 116 106 107 111 15000 11 0
Chip#2
117 116 113 102 101 110 110 107 106 107 105 107 0 56
117 100 110 102 108 110 102 102 106 91 101 107 1 0
100 100 110 102 100 110 102 101 106 107 100 107 2 0
100 84 111 271 418 110 260 454 106 218 379 107 3 0
106 100 112 270 425 126 276 470 122 237 297 123 4 0
107 100 105 102 102 110 108 111 106 107 101 91 5 0
117 116 110 237 395 126 394 854 138 443 944 155 6 0
101 100 102 256 419 126 388 832 138 379 800 139 7 0
117 100 113 102 99 110 112 117 122 107 117 107 8 0
107 100 108 102 94 110 417 886 138 519 976 139 9 0
104 100 107 102 96 110 405 836 138 427 865 139 10 0
103 100 104 86 90 94 100 106 90 91 104 15000 11 0
Chip#2
117 100 115 102 101 110 106 106 90 91 102 107 0 56
101 100 111 102 105 110 109 106 106 107 97 107 1 0
117 116 124 118 107 126 113 112 106 107 106 107 2 0
107 100 114 269 423 126 260 454 122 217 381 123 3 0
104 100 105 269 423 110 276 454 122 232 297 107 4 0
100 84 102 96 98 94 106 107 90 91 98 91 5 0
117 116 110 238 396 126 393 860 138 443 944 139 6 0
101 100 111 266 321 110 399 848 138 379 800 139 7 0
98 84 102 94 92 94 102 105 90 91 101 91 8 0
117 116 116 118 104 126 419 902 138 526 1008 155 9 0
104 100 110 97 95 94 403 839 138 427 869 139 10 0
103 84 102 94 92 110 103 108 90 107 100 15000 11 0
Chip#2
117 100 108 102 93 110 97 103 106 91 95 91 0 56
101 100 115 102 107 110 105 108 106 91 102 107 1 0
105 100 116 118 100 110 108 108 106 107 102 107 2 0
94 84 102 265 415 110 244 438 106 208 373 107 3 0
100 84 105 265 423 110 260 454 106 232 297 107 4 0
101 116 106 102 102 110 104 106 106 107 100 107 5 0
107 100 105 232 387 110 390 859 122 427 928 123 6 0
103 100 105 257 415 110 391 834 138 379 800 139 7 0
101 100 114 102 104 110 109 118 106 107 114 107 8 0
107 100 107 102 96 110 413 902 138 514 992 139 9 0
100 100 105 102 92 94 401 842 138 411 860 139 10 0
107 100 107 102 99 94 105 118 106 91 110 15000 11 0
Chip#2
117 116 117 102 104 110 108 110 90 91 102 107 0 56
117 116 115 118 108 110 107 107 106 107 101 123 1 0
103 84 108 102 99 94 100 106 90 91 98 91 2 0
100 100 107 264 418 110 244 454 106 211 378 107 3 0
107 100 108 270 321 110 260 454 106 233 297 107 4 0
101 100 107 102 102 110 106 111 106 91 107 91 5 0
101 100 105 237 386 110 389 853 122 443 928 139 6 0
117 116 110 260 423 126 397 838 154 395 800 155 7 0
117 100 107 102 100 110 106 112 106 107 110 107 8 0
101 100 108 102 98 110 412 902 138 521 992 139 9 0
102 116 108 102 96 110 403 845 154 443 871 155 10 0
101 100 107 102 95 110 102 108 90 91 104 15000 11 0
Chip#2
133 116 115 118 101 110 103 105 106 107 102 107 0 56
106 116 114 118 106 110 102 102 106 107 97 123 1 0
117 116 120 118 104 110 107 106 106 107 102 107 2 0
95 100 110 274 425 110 260 454 122 214 386 107 3 0
117 100 115 278 424 126 276 470 122 237 297 123 4 0
100 100 101 102 104 110 107 106 106 107 102 107 5 0
117 100 113 244 399 126 396 859 138 443 944 139 6 0
117 100 113 260 422 110 398 837 138 379 800 139 7 0
117 116 117 102 99 126 112 109 122 107 110 107 8 0
101 100 107 102 96 110 417 886 122 523 992 139 9 0
101 100 109 86 95 110 403 840 138 427 870 139 10 0
106 100 108 102 98 110 106 110 106 107 107 15000 11 0
Chip#2
117 116 115 102 101 110 107 105 106 91 99 107 0 57
104 100 108 97 96 94 98 100 90 91 96 91 1 0
105 116 124 118 105 126 108 112 106 107 106 107 2 0
90 84 103 267 416 110 244 454 106 207 382 107 3 0
117 116 116 279 424 126 276 470 122 240 400 123 4 0
117 100 114 118 105 126 114 114 122 123 107 107 5 0
117 100 110 243 396 126 392 858 138 443 944 139 6 0
103 100 110 265 421 126 394 838 138 379 800 139 7 0
103 100 104 102 99 110 106 107 106 107 111 107 8 0
104 100 107 86 96 94 408 886 122 511 976 123 9 0
107 100 109 102 96 110 408 842 138 427 873 139 10 0
98 100 98 92 88 94 93 100 106 91 93 15000 11 0
Chip#2
101 100 105 102 94 94 94 96 90 91 94 91 0 57
117 100 120 102 107 110 108 107 106 107 101 107 1 0
101 100 122 102 106 110 109 111 106 91 105 107 2 0
101 84 103 271 419 110 244 454 106 211 380 107 3 0
107 100 111 270 424 126 276 470 122 234 297 123 4 0
117 116 103 118 103 126 109 106 122 123 106 107 5 0
117 100 105 235 395 126 394 855 138 443 928 139 6 0
101 100 103 256 420 110 393 836 122 379 800 139 7 0
104 100 104 102 96 110 104 108 106 107 110 91 8 0
100 100 105 96 94 94 412 886 122 517 976 139 9 0
103 100 108 102 98 110 405 841 138 427 867 139 10 0
104 100 111 102 99 110 103 111 106 107 106 15000 11 0
Chip#2
117 116 120 102 102 110 109 112 106 91 111 107 0 57
105 100 113 118 100 110 103 102 106 91 95 107 1 0
101 100 124 102 109 110 108 107 106 107 102 91 2 0
105 100 111 270 422 110 244 454 122 217 379 123 3 0
99 100 108 270 419 110 260 454 122 230 385 107 4 0
103 100 107 102 105 110 108 106 90 91 102 91 5 0
106 100 108 235 391 110 391 854 138 443 944 139 6 0
101 100 104 253 410 110 392 831 138 379 800 139 7 0
117 100 113 102 102 110 115 117 106 107 116 107 8 0
107 100 111 102 99 110 414 886 138 521 976 139 9 0
95 100 105 95 92 110 400 833 122 427 866 139 10 0
101 100 104 102 95 110 109 113 106 107 105 15000 11 0
Chip#2
117 100 113 86 99 94 103 105 90 91 103 91 0 57
101 100 115 102 101 94 102 102 90 91 94 91 1 0
106 84 116 102 100 94 103 104 90 91 99 91 2 0
103 100 109 274 421 110 260 454 106 214 383 107 3 0
107 100 110 273 321 110 260 454 106 237 297 107 4 0
117 100 107 102 105 110 114 112 106 107 104 91 5 0
104 100 108 234 387 110 391 854 122 443 928 123 6 0
101 100 109 258 417 110 388 833 138 379 800 139 7 0
117 116 110 118 102 110 113 114 122 123 113 107 8 0
93 84 98 94 84 94 404 879 122 510 976 123 9 0
99 100 100 94 90 94 404 837 138 427 865 139 10 0
104 100 107 102 93 110 106 106 106 107 104 15000 11 0
Chip#2
117 116 116 102 105 110 107 106 106 107 109 123 0 58
107 100 111 102 100 110 106 100 106 107 99 107 1 0
105 100 117 118 106 110 108 105 106 107 109 107 2 0
103 100 110 270 417 126 260 454 122 217 382 123 3 0
101 100 115 277 321 110 260 454 122 238 297 107 4 0
117 100 110 102 109 110 110 112 106 107 111 107 5 0
117 116 113 238 390 126 392 864 138 452 944 139 6 0
107 100 108 260 422 110 398 836 138 379 800 139 7 0
106 116 108 102 102 110 110 111 122 107 112 107 8 0
101 100 104 86 94 94 415 886 122 516 976 139 9 0
103 100 109 102 99 110 407 847 138 427 881 139 10 0
101 100 116 102 107 110 113 119 106 107 114 15000 11 0
Chip#2
117 116 108 102 98 110 105 101 106 91 100 107 0 58
117 116 107 118 101 110 106 96 106 107 99 107 1 0
101 100 114 102 106 94 108 107 90 91 105 91 2 0
117 116 113 278 424 126 276 470 122 224 385 123 3 0
105 100 110 276 424 126 276 470 122 236 297 107 4 0
117 100 107 102 104 110 109 111 106 107 102 91 5 0
96 100 101 227 382 110 387 850 122 427 928 123 6 0
104 100 102 256 420 126 394 833 138 379 800 139 7 0
117 100 109 118 103 126 108 111 106 107 111 107 8 0
103 100 105 86 94 110 415 886 138 513 976 139 9 0
95 84 101 96 93 94 397 834 122 411 863 139 10 0
96 100 105 97 96 110 101 108 106 107 105 15000 11 0
Chip#2
117 116 105 102 93 110 104 99 90 91 100 107 0 58
105 100 112 102 105 110 104 100 106 107 99 107 1 0
98 100 113 102 95 94 98 97 90 91 98 91 2 0
101 100 113 278 321 110 260 454 106 220 382 107 3 0
105 100 111 277 424 126 276 470 122 233 297 123 4 0
103 100 103 102 101 110 113 108 106 91 101 91 5 0
117 116 113 241 396 126 396 860 138 452 944 155 6 0
105 100 105 258 416 110 393 834 122 379 800 139 7 0
101 100 104 102 100 110 108 108 106 107 110 107 8 0
101 100 109 102 95 110 415 902 138 516 992 139 9 0
96 100 100 92 90 110 400 840 138 427 862 139 10 0
101 116 107 102 95 110 107 111 106 107 107 15000 11 0
Chip#2
117 116 110 102 103 110 104 101 106 107 104 123 0 59
101 100 110 102 107 110 109 104 106 91 98 107 1 0
101 100 123 102 100 110 107 101 106 91 99 107 2 0
101 100 108 268 417 126 260 470 122 214 382 123 3 0
101 100 113 276 424 126 276 454 122 239 297 123 4 0
117 100 110 102 113 110 110 111 106 107 112 107 5 0
101 100 105 237 388 110 393 848 138 427 928 139 6 0
105 100 109 257 415 110 392 830 138 379 800 139 7 0
104 100 104 102 100 110 108 112 106 107 110 107 8 0
96 84 105 95 92 94 408 886 122 513 976 139 9 0
98 84 103 95 94 94 393 828 122 427 864 139 10 0
101 100 104 97 92 94 105 101 106 91 102 15000 11 0
Chip#2
117 116 111 102 93 110 109 102 106 107 100 107 0 59
107 100 113 102 100 110 103 104 90 91 101 107 1 0
99 100 107 102 96 94 96 100 106 91 96 107 2 0
92 100 103 259 409 126 260 454 122 210 368 107 3 0
93 84 101 263 416 110 260 438 106 226 378 107 4 0
101 100 110 102 107 94 111 115 106 91 105 91 5 0
101 100 107 239 383 110 391 852 138 443 928 139 6 0
103 100 105 256 414 110 395 832 122 379 800 123 7 0
99 100 105 96 93 110 104 105 106 107 102 107 8 0
100 100 105 97 94 94 414 886 122 519 976 139 9 0
92 100 101 88 88 94 399 832 138 427 858 139 10 0
95 100 102 95 88 94 97 100 90 91 104 15000 11 0
Chip#2
117 116 113 102 103 110 108 107 106 107 108 107 0 59
101 100 111 102 106 110 110 107 106 91 101 107 1 0
100 100 108 102 95 110 103 100 106 107 96 107 2 0
107 100 113 272 420 110 260 454 122 217 387 107 3 0
105 100 104 267 321 110 276 470 106 232 297 107 4 0
101 100 102 102 101 110 106 108 106 107 97 91 5 0
105 100 105 232 388 110 393 851 122 427 928 123 6 0
117 100 109 264 423 126 399 846 138 395 800 139 7 0
94 84 98 94 90 94 102 104 90 91 104 91 8 0
103 100 104 86 94 110 414 886 122 520 976 139 9 0
105 100 108 102 96 110 411 840 138 427 869 139 10 0
101 100 107 102 94 110 107 112 106 107 110 15000 11 0
Chip#2
133 116 116 102 106 126 114 110 106 107 102 123 0 59
117 100 112 102 101 110 103 99 106 91 97 107 1 0
117 116 123 118 105 110 108 108 106 107 104 107 2 0
101 100 117 277 321 110 260 454 122 220 297 107 3 0
117 100 115 276 321 126 276 470 122 242 297 123 4 0
117 116 112 118 113 126 117 119 122 123 107 107 5 0
101 100 109 235 389 126 392 855 138 443 944 139 6 0
105 100 103 256 409 110 388 827 138 379 784 139 7 0
106 100 102 102 100 110 107 106 106 107 110 107 8 0
100 100 103 102 93 110 413 886 138 514 992 139 9 0
104 100 111 118 94 110 410 845 154 427 869 155 10 0
99 100 102 102 92 110 100 103 106 107 101 15000 11 0
Chip#2
117 116 115 102 98 110 109 105 106 107 104 107 0 60
117 116 117 118 113 110 112 110 106 107 103 123 1 0
117 116 120 118 105 110 113 111 106 107 101 107 2 0
117 100 117 274 422 126 276 470 122 219 379 123 3 0
105 100 103 266 422 110 260 454 106 230 387 107 4 0
117 100 113 102 107 110 115 112 106 107 110 107 5 0
104 100 105 237 385 110 393 857 138 443 928 139 6 0
117 116 113 264 417 126 400 842 138 395 813 155 7 0
101 84 104 86 96 94 109 108 90 91 107 91 8 0
101 100 105 102 92 110 417 902 138 512 992 139 9 0
96 100 101 94 90 110 398 839 138 427 870 139 10 0
117 100 108 102 95 110 108 110 106 107 106 15000 11 0
Chip#2
133 116 117 118 105 110 107 108 106 107 108 123 0 60
101 100 108 86 100 110 98 101 90 91 96 107 1 0
103 100 110 118 94 110 101 105 106 107 97 107 2 0
104 100 108 270 420 110 260 454 122 214 380 107 3 0
101 100 107 272 321 126 276 454 106 237 297 107 4 0
101 100 102 102 100 110 109 107 106 107 100 107 5 0
105 100 104 228 386 110 388 851 138 443 928 139 6 0
117 100 108 254 421 126 390 839 138 395 800 139 7 0
103 100 102 97 95 110 108 107 106 107 107 91 8 0
99 100 104 102 87 110 412 902 138 514 992 139 9 0
101 100 103 96 94 110 403 846 138 427 874 123 10 0
103 100 108 102 96 110 104 107 106 91 107 15000 11 0
Chip#2
117 116 107 97 98 94 102 102 90 91 97 107 0 60
101 100 113 118 102 110 103 103 106 91 99 107 1 0
101 100 124 118 113 110 114 116 106 107 114 107 2 0
103 116 108 273 419 126 260 454 122 214 374 123 3 0
105 100 107 273 424 110 260 454 106 238 297 107 4 0
101 100 107 102 101 110 108 112 106 107 105 91 5 0
101 100 110 237 392 110 393 852 138 443 928 139 6 0
101 84 103 257 410 110 386 825 122 379 784 123 7 0
101 100 110 102 102 110 113 113 106 107 110 107 8 0
101 100 103 102 94 110 415 902 138 520 992 139 9 0
104 100 110 86 95 110 406 846 138 427 870 139 10 0
117 100 108 102 96 110 106 111 106 107 106 15000 11 0
Chip#2
117 116 114 102 99 110 103 105 106 91 102 107 0 61
117 116 116 118 108 126 110 108 122 107 106 123 1 0
101 100 121 102 106 110 111 106 90 91 105 91 2 0
104 116 113 276 423 126 260 454 122 221 297 123 3 0
104 100 107 274 321 110 276 470 106 233 297 107 4 0
117 100 110 102 102 110 108 111 106 107 101 107 5 0
105 100 104 237 385 110 386 851 138 443 928 139 6 0
117 100 104 257 420 126 394 830 138 395 800 139 7 0
104 100 102 102 96 110 108 107 106 107 110 107 8 0
117 100 109 102 95 110 422 886 138 521 992 139 9 0
101 100 103 102 99 110 408 845 138 427 869 155 10 0
103 100 104 96 88 110 100 106 90 91 102 15000 11 0
Chip#2
117 116 113 102 96 110 102 96 106 107 100 107 0 61
101 100 113 102 106 110 104 107 90 91 103 107 1 0
105 100 115 102 99 110 100 107 106 107 102 107 2 0
103 100 108 268 417 110 260 454 122 211 373 107 3 0
107 100 109 273 425 126 276 454 122 230 297 123 4 0
117 116 113 118 109 126 113 117 106 107 113 107 5 0
107 100 107 232 388 110 391 857 122 427 928 123 6 0
96 100 105 264 417 110 391 832 138 379 784 139 7 0
107 116 110 102 105 110 110 108 106 107 112 107 8 0
103 100 102 102 88 110 411 902 138 514 976 139 9 0
101 100 108 102 98 110 413 848 138 427 878 139 10 0
96 100 102 97 89 110 100 103 106 107 100 15000 11 0
Chip#2
117 116 117 118 102 126 108 107 106 107 105 123 0 61
103 100 104 102 95 110 99 95 106 91 89 107 1 0
101 100 123 102 112 110 116 112 106 107 109 107 2 0
103 100 109 273 419 126 260 470 122 211 376 123 3 0
105 100 107 271 321 126 276 454 122 234 297 107 4 0
103 116 104 118 99 110 108 106 106 107 96 107 5 0
117 100 108 235 389 126 392 861 138 443 944 139 6 0
117 100 111 260 420 126 400 845 138 379 800 139 7 0
117 100 109 102 100 110 108 114 106 107 113 107 8 0
100 100 102 102 93 110 412 902 138 520 992 155 9 0
103 100 110 102 96 110 406 846 138 427 876 139 10 0
103 116 105 102 95 110 104 113 106 107 102 15000 11 0
Chip#2
133 116 116 118 107 110 106 106 106 107 105 123 0 61
117 116 114 118 102 110 108 106 106 107 101 107 1 0
117 116 115 118 102 110 109 111 106 107 102 107 2 0
104 100 110 274 420 110 260 454 122 215 376 123 3 0
117 116 121 282 424 126 285 470 138 244 400 123 4 0
117 116 113 118 109 126 112 113 122 123 106 107 5 0
104 100 102 229 382 110 383 852 122 427 928 123 6 0
101 100 103 256 414 126 389 836 138 379 800 139 7 0
107 100 109 102 98 110 108 111 106 107 106 107 8 0
103 100 108 97 93 110 412 886 122 521 992 139 9 0
100 100 107 102 99 94 408 848 138 427 877 139 10 0
107 100 111 102 100 110 106 112 106 107 107 15000 11 0
Chip#2
133 116 115 118 95 110 104 100 106 107 97 107 0 62
101 100 113 102 100 110 103 105 106 107 100 107 1 0
102 116 117 118 99 110 104 100 106 107 99 107 2 0
101 100 110 270 417 126 260 454 106 212 377 123 3 0
107 100 110 273 321 110 276 470 106 236 297 107 4 0
117 100 115 102 106 110 113 116 106 107 110 107 5 0
117 100 113 237 389 126 391 856 138 443 944 139 6 0
117 116 113 259 425 126 401 842 138 395 800 139 7 0
106 116 107 118 101 126 104 105 106 107 105 107 8 0
105 100 108 97 92 110 417 902 138 522 992 139 9 0
98 100 106 102 93 110 406 841 154 443 870 155 10 0
98 100 107 86 96 94 104 108 106 91 104 15000 11 0
Chip#2
117 116 104 102 96 110 104 103 90 107 100 107 0 62
101 100 111 102 106 110 102 102 106 91 95 107 1 0
105 116 120 118 102 110 106 103 106 107 101 107 2 0
103 84 111 278 321 94 244 454 90 216 384 91 3 0
98 100 101 266 424 126 276 454 122 229 297 107 4 0
101 100 110 102 104 110 108 108 106 107 102 91 5 0
117 100 109 233 389 126 391 856 138 452 944 139 6 0
101 100 100 258 417 110 392 838 138 379 800 139 7 0
117 116 113 118 98 126 109 118 122 123 115 123 8 0
101 100 103 95 88 110 410 902 138 516 992 139 9 0
101 100 109 102 101 110 405 850 138 443 881 139 10 0
101 100 104 86 96 94 104 107 106 91 105 15000 11 0
Chip#2
133 116 119 102 102 110 110 103 106 107 107 123 0 62
117 116 114 102 105 110 103 106 106 107 100 107 1 0
101 100 123 102 106 110 106 106 106 107 106 107 2 0
101 100 111 279 424 110 260 454 122 221 297 107 3 0
117 100 111 274 424 126 276 470 122 233 297 123 4 0
117 100 113 102 106 110 115 113 106 107 109 107 5 0
117 116 109 235 389 126 394 862 138 443 944 139 6 0
99 84 94 254 416 110 387 830 122 379 800 123 7 0
103 84 101 96 93 94 106 107 90 91 102 91 8 0
105 100 107 102 89 110 413 886 122 524 992 139 9 0
105 100 107 102 96 110 404 847 138 427 871 139 10 0
117 100 107 102 93 110 108 114 122 107 111 15000 11 0
Chip#2
117 116 108 102 98 110 106 97 106 107 99 107 0 63
117 116 119 102 105 110 103 103 106 107 101 107 1 0
106 116 121 118 102 110 102 105 106 107 101 107 2 0
100 84 111 277 423 110 244 454 106 214 385 107 3 0
105 100 109 274 321 110 276 470 122 236 297 123 4 0
117 116 113 118 109 126 114 117 106 107 106 107 5 0
117 100 111 240 392 110 394 858 138 443 928 139 6 0
117 100 116 264 424 126 403 844 154 395 818 139 7 0
117 116 111 102 100 126 115 114 122 107 116 107 8 0
103 100 110 102 92 110 412 886 138 517 992 139 9 0
96 100 103 94 89 94 403 845 138 427 870 139 10 0
101 100 109 96 92 94 104 110 106 91 102 15000 11 0
Chip#2
117 116 115 102 101 110 109 106 106 107 102 107 0 63
101 116 110 102 104 110 106 102 90 91 96 107 1 0
117 116 124 118 102 110 109 112 106 107 105 107 2 0
101 100 111 274 423 126 260 470 122 219 386 123 3 0
106 116 109 273 424 126 276 470 122 234 400 123 4 0
117 116 113 118 105 110 113 116 122 107 108 107 5 0
117 116 116 241 397 126 403 861 138 452 960 155 6 0
106 100 107 261 421 126 399 840 138 395 814 139 7 0
117 100 111 102 96 110 114 112 106 107 111 107 8 0
107 100 107 102 93 110 415 902 138 523 992 139 9 0
104 84 105 86 87 94 405 847 138 411 869 123 10 0
101 100 102 97 90 94 103 108 106 91 105 15000 11 0
Chip#2
101 100 114 86 98 94 105 101 90 91 99 91 0 63
101 116 119 102 102 110 106 100 106 91 100 123 1 0
117 116 136 118 105 110 115 111 106 107 104 107 2 0
101 100 105 266 421 110 260 454 122 208 381 107 3 0
100 100 109 267 321 110 260 454 106 231 297 107 4 0
101 100 105 102 99 110 109 108 106 91 102 91 5 0
107 84 108 232 388 110 393 857 122 443 928 123 6 0
107 100 109 264 425 110 396 842 138 379 800 139 7 0
117 116 108 102 95 126 107 109 122 107 111 123 8 0
99 116 107 102 93 110 418 918 138 517 1008 155 9 0
95 100 104 102 94 110 405 846 138 427 872 139 10 0
96 100 105 96 92 94 106 106 106 91 97 15000 11 0
Chip#2
117 100 116 102 101 94 105 101 90 91 99 107 0 64
101 100 110 102 102 94 102 99 90 91 97 107 1 0
107 100 124 102 106 110 108 110 106 91 103 91 2 0
103 100 113 270 423 110 260 454 106 215 385 107 3 0
117 116 114 274 424 126 276 470 122 237 297 123 4 0
101 100 111 102 104 94 109 110 90 91 105 91 5 0
101 100 109 238 389 110 395 860 138 443 928 139 6 0
101 100 113 267 321 110 400 842 138 395 800 139 7 0
103 100 105 102 93 110 110 107 106 107 106 107 8 0
103 100 108 102 93 94 413 902 138 514 992 139 9 0
103 100 105 102 98 94 406 846 138 427 876 139 10 0
93 84 95 86 84 94 92 95 90 91 94 15000 11 0
Chip#2
117 116 108 102 89 110 97 99 106 91 96 107 0 64
117 116 119 118 106 110 112 106 106 107 101 123 1 0
101 100 123 118 107 110 109 110 90 107 106 107 2 0
101 116 119 279 424 126 276 470 122 229 297 123 3 0
101 100 116 278 321 126 276 470 122 239 297 107 4 0
117 116 114 118 103 110 120 118 106 107 111 107 5 0
101 100 109 237 385 110 387 854 138 443 928 139 6 0
106 116 110 263 422 126 397 838 138 395 800 139 7 0
101 100 107 102 94 110 108 110 106 107 109 107 8 0
100 100 109 102 93 94 415 886 122 519 976 139 9 0
105 100 107 102 96 110 411 847 138 427 878 139 10 0
117 116 116 118 100 126 110 122 106 107 116 15000 11 0
Chip#2
117 116 121 102 99 110 110 105 106 107 110 107 0 64
117 116 116 102 100 110 107 103 106 107 100 107 1 0
105 100 119 118 101 110 107 107 106 107 102 107 2 0
105 100 115 277 321 110 260 454 106 220 385 107 3 0
101 116 116 278 424 126 276 470 122 239 297 123 4 0
101 100 107 102 104 110 110 108 106 91 102 91 5 0
117 100 107 238 389 126 394 859 138 443 944 139 6 0
117 100 107 258 417 126 393 836 138 379 814 139 7 0
101 100 111 102 101 110 115 116 106 107 111 107 8 0
101 100 113 102 93 110 415 886 138 519 992 139 9 0
100 100 99 96 90 94 399 839 138 411 868 139 10 0
101 100 104 96 89 110 103 102 106 91 100 15000 11 0
Chip#2
117 100 110 102 94 94 98 101 90 91 101 107 0 64
117 116 122 102 109 110 114 110 106 107 106 123 1 0
100 100 116 102 101 110 102 100 106 91 96 107 2 0
117 116 115 277 424 126 260 454 122 217 297 123 3 0
105 100 105 267 424 126 276 470 122 232 297 123 4 0
117 116 108 118 101 110 116 112 122 107 102 107 5 0
105 100 102 227 381 110 385 850 122 427 928 123 6 0
107 100 104 259 422 110 396 831 138 379 800 123 7 0
105 100 108 86 99 94 112 112 90 91 112 91 8 0
103 100 105 102 88 110 411 902 138 517 992 139 9 0
100 100 100 94 93 110 408 846 138 427 873 139 10 0
105 116 109 102 95 110 106 112 106 107 109 15000 11 0
Chip#2
117 116 115 102 98 110 102 102 106 91 101 107 0 65
117 100 122 102 106 110 105 106 106 91 104 107 1 0
101 116 120 118 96 110 101 102 106 107 101 107 2 0
104 100 112 272 422 126 260 454 122 214 385 123 3 0
117 100 115 269 424 126 276 470 122 232 297 123 4 0
117 116 107 118 103 110 107 107 106 107 105 107 5 0
101 100 114 243 394 110 393 861 138 443 928 139 6 0
101 100 105 261 422 110 398 834 138 395 800 139 7 0
101 100 110 102 99 110 107 113 106 107 106 107 8 0
100 100 103 94 88 110 417 902 122 513 992 139 9 0
99 100 108 95 92 110 403 840 138 427 871 139 10 0
99 100 101 96 88 94 98 101 106 91 99 15000 11 0
Chip#2
117 116 115 102 99 110 113 106 106 91 105 107 0 65
117 116 117 118 102 126 107 106 106 107 101 123 1 0
117 116 136 118 113 110 118 117 122 107 116 123 2 0
117 116 115 276 424 126 260 470 122 223 400 123 3 0
99 100 103 266 425 126 276 454 122 225 384 107 4 0
117 116 106 118 103 126 111 104 122 107 106 107 5 0
117 116 113 241 389 126 397 861 138 443 944 139 6 0
117 100 104 261 422 126 395 842 138 395 800 139 7 0
103 100 105 102 92 110 103 105 90 91 104 107 8 0
103 116 110 102 96 110 419 902 138 523 1008 155 9 0
103 100 104 102 89 110 412 850 138 443 872 139 10 0
101 100 114 102 95 110 109 116 106 91 110 15000 11 0
Chip#2
117 116 119 102 100 110 107 101 106 107 102 107 0 65
117 116 117 102 106 110 106 107 106 91 105 107 1 0
100 100 119 102 92 110 99 97 106 91 96 107 2 0
103 100 110 269 414 110 244 454 106 211 385 107 3 0
101 100 120 282 424 126 276 454 122 244 297 123 4 0
101 100 105 102 100 110 104 105 106 107 100 107 5 0
107 100 105 234 391 110 395 859 122 443 928 139 6 0
107 100 107 262 414 110 392 843 122 379 784 123 7 0
101 100 109 102 102 110 110 116 106 107 111 107 8 0
100 100 104 97 90 110 410 902 138 517 992 139 9 0
117 100 116 102 98 110 409 851 154 427 877 155 10 0
101 100 109 102 92 110 105 112 106 107 105 15000 11 0
Chip#2
117 116 105 97 90 110 98 97 106 91 93 107 0 66
101 100 111 102 102 94 102 104 90 91 98 107 1 0
117 116 120 118 105 110 108 110 106 107 105 123 2 0
101 100 116 278 321 110 260 454 106 220 297 107 3 0
101 100 107 271 321 110 260 454 122 234 297 123 4 0
117 100 115 118 109 110 112 116 106 107 111 107 5 0
104 84 107 235 389 110 392 860 122 443 928 123 6 0
103 100 107 258 419 126 394 840 138 395 800 139 7 0
101 100 110 102 99 110 109 115 106 107 111 107 8 0
117 100 113 102 95 110 420 902 138 523 1008 155 9 0
101 100 109 102 98 110 414 851 138 427 875 139 10 0
101 100 111 102 100 110 110 116 106 107 111 15000 11 0
Chip#2
117 116 104 94 90 110 99 92 106 107 99 107 0 66
117 116 122 118 103 126 108 106 106 107 100 123 1 0
106 116 123 118 98 110 107 106 106 107 101 107 2 0
101 100 114 276 321 110 260 454 106 218 297 107 3 0
105 100 111 276 321 126 260 454 122 231 297 107 4 0
101 84 103 102 102 94 106 104 90 91 105 91 5 0
117 100 110 234 385 110 392 860 138 443 944 139 6 0
101 100 117 264 321 110 399 845 138 395 800 139 7 0
96 100 100 92 88 110 97 99 106 107 100 107 8 0
97 84 104 96 88 94 406 886 122 510 992 139 9 0
101 100 105 102 92 110 411 848 138 427 873 139 10 0
101 100 104 95 90 110 109 105 106 107 104 15000 11 0
Chip#2
117 116 111 102 96 94 103 99 90 107 102 107 0 66
117 100 116 118 106 110 104 102 106 107 97 123 1 0
106 100 119 118 99 110 109 105 106 107 102 107 2 0
105 100 111 276 417 110 260 454 106 215 297 107 3 0
99 100 107 266 321 110 260 454 106 231 297 107 4 0
107 100 113 102 106 110 110 113 106 107 108 107 5 0
101 100 105 237 383 110 391 861 138 443 944 139 6 0
117 100 109 264 420 110 393 838 138 379 800 139 7 0
101 100 110 102 100 110 112 112 106 107 112 107 8 0
98 100 104 96 86 94 411 902 138 519 992 139 9 0
106 100 114 102 100 110 411 854 154 443 879 155 10 0
103 100 109 102 94 110 101 112 106 107 105 15000 11 0
Chip#2
117 100 115 102 98 110 106 106 90 91 101 107 0 66
101 100 116 102 101 110 104 97 106 91 95 107 1 0
117 116 120 118 111 110 112 113 106 107 111 107 2 0
101 100 119 274 424 126 260 454 122 219 297 123 3 0
107 84 107 270 321 110 260 454 106 232 297 107 4 0
101 116 110 102 108 110 115 116 106 107 107 107 5 0
104 100 102 233 381 110 385 852 122 443 928 139 6 0
107 100 107 254 414 110 393 839 122 379 784 123 7 0
101 100 109 102 101 110 108 115 106 107 109 91 8 0
100 100 102 95 93 110 415 886 138 520 992 139 9 0
107 100 107 102 102 110 413 853 138 427 877 139 10 0
105 100 104 102 94 110 108 110 106 107 106 15000 11 0
Chip#2
117 116 109 102 96 110 104 99 106 91 96 107 0 67
101 100 110 102 98 110 99 102 90 91 97 107 1 0
103 100 118 102 101 94 99 105 90 91 93 91 2 0
103 100 114 271 420 126 260 454 122 220 385 123 3 0
103 100 101 266 422 126 260 454 122 231 297 107 4 0
117 100 111 118 106 110 113 119 106 107 107 107 5 0
107 100 109 233 388 110 392 860 138 443 928 139 6 0
101 100 110 260 423 110 401 850 138 379 800 139 7 0
101 100 105 102 94 110 110 108 106 107 107 107 8 0
117 116 113 102 101 110 427 902 138 526 992 155 9 0
103 100 110 102 98 110 414 855 138 427 879 139 10 0
105 100 108 102 95 110 103 114 106 107 110 15000 11 0
Chip#2
117 116 116 118 99 110 104 105 106 107 105 107 0 67
117 116 117 118 106 110 106 107 106 107 102 107 1 0
101 100 119 102 96 110 99 102 90 91 96 107 2 0
103 100 113 271 422 110 244 438 106 215 385 107 3 0
107 100 110 267 423 110 260 454 106 230 297 107 4 0
117 100 112 102 102 110 113 115 106 107 106 107 5 0
117 100 114 244 398 110 401 864 138 443 928 139 6 0
117 116 115 260 420 126 403 844 154 395 814 155 7 0
105 100 102 102 96 110 108 111 106 107 106 107 8 0
96 100 103 96 88 110 413 902 138 519 992 139 9 0
95 84 102 97 93 94 401 845 122 427 871 139 10 0
107 100 110 102 96 110 104 112 106 107 106 15000 11 0
Chip#2
117 116 110 102 98 110 99 94 106 91 100 107 0 67
101 100 116 102 100 110 102 101 90 91 95 107 1 0
117 116 120 118 107 110 109 113 106 107 111 107 2 0
117 116 121 280 425 126 260 470 122 220 297 123 3 0
105 100 108 270 423 110 260 454 106 234 387 107 4 0
117 116 111 118 111 110 116 115 106 107 108 107 5 0
103 100 104 232 382 110 388 857 122 427 928 123 6 0
101 100 110 258 422 110 396 841 138 395 800 139 7 0
117 100 113 118 101 110 114 113 122 107 112 107 8 0
94 84 98 91 89 94 406 902 122 511 976 123 9 0
100 100 108 102 95 110 408 852 138 427 876 139 10 0
107 100 108 97 93 110 104 106 106 107 102 15000 11 0
Chip#2
117 116 116 102 99 110 106 105 106 107 101 107 0 68
117 116 113 118 105 110 104 102 106 107 96 107 1 0
117 116 136 118 111 126 112 114 122 123 111 123 2 0
107 100 116 272 416 110 260 454 122 220 387 123 3 0
101 100 108 270 422 126 260 454 106 230 297 107 4 0
117 100 114 102 105 110 114 113 106 107 106 107 5 0
101 100 116 243 393 110 398 863 138 443 928 139 6 0
101 100 109 265 418 110 401 845 138 379 800 139 7 0
98 100 100 95 92 94 100 103 106 107 101 107 8 0
117 116 115 118 101 110 426 918 138 530 1008 155 9 0
101 100 103 102 95 110 405 853 138 427 878 139 10 0
103 116 109 102 95 126 103 110 106 107 107 15000 11 0
Chip#2
117 100 108 102 92 110 98 94 106 91 97 107 0 68
117 100 117 118 108 110 106 111 106 107 105 107 1 0
101 100 118 118 105 110 107 108 106 107 105 107 2 0
103 100 113 272 412 126 260 454 122 219 374 107 3 0
99 84 107 259 416 110 260 454 106 225 379 107 4 0
105 84 104 102 105 110 109 113 90 91 104 91 5 0
101 100 110 233 389 110 395 862 138 443 944 139 6 0
103 100 104 256 409 110 393 839 138 395 800 139 7 0
101 100 102 102 99 110 103 106 106 107 106 107 8 0
101 100 105 102 99 110 418 902 138 519 992 139 9 0
105 100 114 102 101 110 411 854 138 427 875 139 10 0
107 100 107 102 98 110 112 114 106 107 111 15000 11 0
Chip#2
117 116 110 102 96 110 100 102 106 91 100 107 0 68
101 100 115 102 107 94 105 105 90 91 104 107 1 0
101 100 114 102 106 110 105 102 90 91 109 107 2 0
103 100 111 270 417 110 260 454 122 213 373 123 3 0
99 100 104 264 414 110 260 454 122 227 382 107 4 0
107 100 110 102 104 110 110 111 90 107 106 107 5 0
98 84 103 214 379 94 389 853 122 427 928 123 6 0
101 100 114 264 419 126 400 846 138 395 800 139 7 0
99 84 104 97 95 94 106 111 90 91 107 91 8 0
117 100 113 118 100 126 424 918 138 526 1008 155 9 0
104 100 104 86 90 94 407 844 138 427 872 139 10 0
101 100 104 102 100 110 110 113 106 107 110 15000 11 0
Chip#2
117 116 114 102 98 110 100 102 106 91 102 107 0 69
117 100 110 118 102 110 106 108 106 107 96 107 1 0
105 100 110 118 100 110 104 103 106 107 104 107 2 0
101 100 113 271 412 110 244 438 122 214 375 107 3 0
103 100 107 263 414 110 260 454 122 229 374 107 4 0
107 100 109 102 107 94 110 112 90 91 106 107 5 0
105 100 108 233 385 126 392 859 138 443 944 139 6 0
117 100 109 259 413 126 398 845 138 395 800 139 7 0
102 100 104 102 96 110 104 108 122 107 107 107 8 0
101 100 102 102 90 110 413 902 138 522 992 139 9 0
101 100 103 102 93 110 408 846 154 427 875 139 10 0
104 100 108 102 94 94 103 113 106 91 106 15000 11 0
Chip#2
117 116 114 102 98 110 104 103 106 107 99 107 0 69
117 116 115 102 100 110 108 105 106 107 100 107 1 0
103 100 111 102 100 110 100 103 106 107 97 107 2 0
101 100 117 276 418 110 260 454 122 215 376 123 3 0
103 100 107 265 413 110 260 438 122 226 373 107 4 0
105 116 107 118 106 126 111 109 122 123 103 123 5 0
97 116 109 229 379 126 391 861 138 443 944 139 6 0
100 84 107 250 410 110 391 837 138 379 800 139 7 0
117 100 108 102 101 110 116 112 106 107 115 107 8 0
100 100 112 102 94 110 419 902 138 522 992 155 9 0
97 84 104 94 87 94 405 844 122 427 868 139 10 0
107 100 114 86 96 94 105 117 106 107 111 15000 11 0
Chip#2
117 116 113 102 98 110 103 101 106 107 101 123 0 70
117 100 113 102 104 110 107 110 106 91 100 107 1 0
103 84 114 102 101 110 103 109 106 91 100 91 2 0
100 100 102 261 401 110 244 438 106 201 360 107 3 0
107 100 112 269 419 126 276 454 122 231 380 123 4 0
104 100 105 102 101 110 106 112 106 107 102 107 5 0
101 84 107 232 382 110 393 861 122 443 928 123 6 0
103 100 114 260 410 110 401 845 138 379 819 139 7 0
117 116 108 118 103 126 116 116 122 123 111 123 8 0
100 100 107 97 87 94 417 902 138 516 992 139 9 0
105 100 107 86 98 94 411 851 138 427 881 139 10 0
107 100 109 102 95 110 108 112 106 107 110 15000 11 0
Chip#2
101 116 104 86 92 94 97 101 90 91 98 107 0 70
117 116 119 118 106 126 109 109 122 107 106 123 1 0
105 100 114 102 99 110 104 102 106 107 101 107 2 0
101 100 115 265 408 110 244 438 106 213 372 107 3 0
100 100 111 263 416 110 260 438 122 227 376 107 4 0
104 100 110 102 102 110 108 111 106 107 105 107 5 0
99 100 103 227 378 110 393 859 138 443 928 139 6 0
101 100 107 258 412 110 396 842 122 379 800 139 7 0
107 100 110 118 100 110 115 112 106 107 111 107 8 0
96 100 101 96 87 110 413 902 138 516 992 139 9 0
101 100 111 102 98 110 411 853 138 427 878 139 10 0
103 100 105 97 90 110 98 106 106 91 101 15000 11 0
Chip#2
117 116 111 102 101 110 103 101 106 91 101 107 0 70
101 100 111 102 99 94 103 105 90 91 98 107 1 0
103 84 109 86 98 94 96 106 90 91 98 91 2 0
96 100 105 257 409 126 260 438 122 208 364 107 3 0
101 100 109 266 417 110 260 454 106 232 297 107 4 0
101 100 108 102 101 110 107 111 106 107 104 107 5 0
94 100 101 232 379 126 392 859 138 443 944 139 6 0
100 100 104 253 407 110 398 844 138 379 800 139 7 0
103 100 109 118 102 126 106 109 122 107 112 107 8 0
103 100 108 102 98 110 419 902 138 523 992 139 9 0
105 100 105 102 100 110 410 850 138 427 875 139 10 0
105 100 105 102 100 110 106 110 106 107 106 15000 11 0
Chip#2
133 116 117 102 105 110 110 110 106 107 106 123 0 70
101 100 108 102 101 94 102 104 90 91 99 107 1 0
107 100 115 102 104 110 103 105 106 107 104 107 2 0
104 100 110 260 408 126 260 438 122 206 366 107 3 0
100 100 109 261 413 126 260 454 122 227 377 123 4 0
104 100 109 102 102 110 103 107 106 107 106 107 5 0
105 100 108 232 379 110 393 865 138 443 944 139 6 0
105 100 109 259 413 126 403 846 138 395 816 139 7 0
104 100 108 102 101 110 110 110 106 107 110 107 8 0
103 100 108 102 99 110 422 902 138 523 992 139 9 0
105 100 113 102 101 110 418 859 154 443 885 155 10 0
104 100 109 102 95 110 102 110 106 107 104 15000 11 0
Chip#2
117 116 115 118 100 110 107 102 106 107 106 123 0 71
101 100 113 102 100 110 103 100 90 91 97 107 1 0
105 100 114 102 107 110 103 105 106 107 104 107 2 0
102 100 114 264 409 126 260 454 122 213 368 123 3 0
104 84 107 262 410 110 260 438 106 224 375 107 4 0
100 84 105 102 99 110 107 106 106 91 102 91 5 0
100 100 108 227 382 110 395 856 122 443 928 139 6 0
106 116 116 256 412 126 400 848 138 395 812 155 7 0
104 100 113 102 101 110 112 113 106 107 110 107 8 0
95 84 98 95 88 110 407 902 122 512 992 139 9 0
105 84 110 86 98 94 411 850 138 427 878 139 10 0
105 84 110 86 95 94 103 108 106 91 106 15000 11 0
Chip#2
101 100 103 102 95 110 99 97 106 91 97 107 0 71
101 100 109 102 101 110 102 101 106 91 99 107 1 0
101 100 123 102 105 110 113 111 106 107 109 107 2 0
117 116 120 280 413 126 260 454 122 221 374 123 3 0
101 100 111 261 417 126 276 454 122 230 379 123 4 0
101 100 108 102 104 110 109 110 106 107 107 91 5 0
100 84 105 229 379 110 392 858 122 443 928 123 6 0
95 100 105 246 403 110 391 835 138 379 800 139 7 0
117 100 110 102 108 110 113 114 106 107 120 107 8 0
99 100 109 97 93 110 417 886 138 519 992 139 9 0
117 116 115 118 105 110 417 858 154 443 875 155 10 0
101 100 110 102 101 110 113 112 106 91 112 15000 11 0
Chip#2
117 116 116 102 104 110 108 107 106 91 105 107 0 71
105 100 104 102 99 110 102 100 106 91 92 107 1 0
104 100 117 102 106 110 108 107 106 107 105 107 2 0
90 84 97 250 392 110 244 422 106 197 359 107 3 0
98 100 103 258 410 110 260 438 122 225 372 107 4 0
101 100 108 102 105 110 109 108 106 107 105 91 5 0
99 100 105 225 380 110 392 858 138 443 928 139 6 0
105 100 107 251 413 110 399 842 122 379 784 123 7 0
103 100 104 102 98 110 108 115 106 107 107 107 8 0
103 100 104 96 93 110 415 902 138 516 992 139 9 0
94 84 103 95 89 94 403 845 138 427 863 123 10 0
95 84 96 92 89 94 97 101 106 91 96 15000 11 0
Chip#2
117 100 111 102 100 94 103 103 106 91 104 107 0 72
117 116 115 102 107 110 106 106 106 91 100 107 1 0
117 116 116 118 105 126 109 109 122 107 105 123 2 0
104 100 111 271 413 126 244 438 106 211 373 107 3 0
105 100 107 264 415 126 260 454 122 230 374 123 4 0
101 100 108 102 105 110 114 116 106 107 109 107 5 0
117 116 108 231 382 126 391 861 138 443 928 139 6 0
101 100 108 258 410 110 403 844 138 395 800 139 7 0
104 84 105 86 101 94 106 110 90 91 112 91 8 0
100 100 104 102 92 94 414 902 122 519 976 139 9 0
101 100 104 102 98 110 405 845 138 427 864 139 10 0
101 100 107 97 94 110 106 106 106 107 104 15000 11 0
Chip#2
117 116 108 95 93 110 96 96 106 107 99 107 0 72
117 116 123 118 112 126 113 107 106 107 107 123 1 0
101 100 120 118 104 110 109 108 106 107 106 107 2 0
105 116 114 272 412 126 260 454 122 214 380 123 3 0
101 100 114 271 422 126 276 454 122 231 297 123 4 0
101 100 110 102 101 110 110 110 106 107 106 91 5 0
106 100 107 231 379 110 392 858 138 443 928 139 6 0
105 100 110 257 410 110 392 846 138 379 800 139 7 0
92 100 100 89 90 110 100 97 106 107 94 91 8 0
93 84 101 94 84 94 411 886 122 507 976 123 9 0
117 100 115 118 102 110 422 858 154 443 878 155 10 0
99 100 108 102 92 94 104 108 106 91 104 15000 11 0
Chip#2
117 116 108 102 94 110 104 99 106 91 97 107 0 72
117 100 119 102 105 110 108 111 106 91 104 107 1 0
117 116 120 118 107 110 112 108 106 107 105 107 2 0
105 100 116 266 413 126 260 438 122 211 376 107 3 0
107 100 111 271 422 126 276 454 122 233 297 123 4 0
107 100 104 118 104 110 107 108 106 107 107 107 5 0
107 100 108 233 381 110 392 855 122 427 928 123 6 0
105 100 107 254 417 126 393 836 138 395 814 139 7 0
103 100 108 102 95 110 104 107 106 107 105 107 8 0
98 100 104 94 88 110 405 886 138 504 992 139 9 0
107 100 114 102 99 110 412 857 138 427 876 139 10 0
117 100 113 102 99 110 104 111 106 107 115 15000 11 0
Chip#2
117 116 115 102 101 110 107 107 106 107 106 107 0 73
117 116 121 118 109 110 108 108 106 107 100 123 1 0
101 116 123 118 104 110 112 106 106 107 106 107 2 0
104 100 111 270 414 126 260 454 122 218 380 123 3 0
93 84 96 250 407 94 244 422 90 215 362 91 4 0
117 116 115 118 107 126 112 115 106 107 109 107 5 0
101 100 114 234 385 110 396 861 138 443 928 139 6 0
104 100 105 253 409 110 388 828 122 379 784 123 7 0
103 100 108 102 101 110 104 108 106 107 106 107 8 0
117 116 112 118 99 126 428 918 154 528 1008 155 9 0
100 84 105 86 92 94 408 850 122 411 869 123 10 0
100 100 98 96 90 110 103 102 90 107 99 15000 11 0
Chip#2
117 116 120 102 104 110 109 108 106 91 105 107 0 73
101 100 118 102 109 110 106 106 106 91 100 107 1 0
117 116 121 118 107 126 110 111 122 107 102 107 2 0
106 100 117 274 421 126 260 454 122 215 377 123 3 0
101 100 110 270 420 110 260 438 122 231 384 107 4 0
101 100 104 102 101 110 106 108 106 91 99 91 5 0
117 100 113 233 381 110 395 858 138 443 928 139 6 0
117 100 114 260 414 126 400 840 138 395 800 139 7 0
100 100 102 96 90 94 104 103 106 107 102 107 8 0
103 84 102 95 90 94 417 886 122 515 976 123 9 0
103 100 108 102 92 110 407 852 138 427 873 139 10 0
103 100 108 97 93 110 98 105 90 91 102 15000 11 0
Chip#2
117 116 110 102 94 110 97 99 90 91 94 107 0 73
101 100 110 102 100 110 100 99 90 107 93 107 1 0
105 116 117 118 99 110 102 102 106 107 100 107 2 0
105 100 117 273 414 126 260 454 122 220 379 123 3 0
98 100 101 253 412 110 260 438 106 221 376 107 4 0
117 116 114 118 107 110 110 115 106 107 112 107 5 0
105 100 105 227 375 110 385 858 122 443 928 139 6 0
103 84 104 251 406 110 396 833 122 379 784 123 7 0
101 100 113 102 104 110 113 116 106 107 113 107 8 0
117 100 116 102 98 110 427 902 138 523 992 139 9 0
117 116 113 118 99 126 410 851 154 443 875 155 10 0
104 100 108 102 96 110 109 110 106 107 106 15000 11 0
Chip#2
117 116 114 102 105 110 107 103 106 91 102 107 0 73
101 116 114 118 106 110 104 103 106 91 105 107 1 0
103 100 117 102 99 110 102 105 106 107 105 107 2 0
101 116 111 267 408 126 260 438 122 214 376 123 3 0
105 100 108 264 420 126 260 454 122 227 382 123 4 0
117 100 107 118 105 110 110 108 106 107 109 107 5 0
117 100 114 233 386 110 396 864 138 443 928 139 6 0
101 100 108 258 410 110 394 834 122 379 800 139 7 0
105 100 104 86 94 94 106 107 90 91 111 91 8 0
117 100 114 102 100 110 425 918 138 530 992 139 9 0
100 100 108 102 96 94 405 847 138 427 872 139 10 0
105 100 105 102 92 110 99 107 106 91 101 15000 11 0
Chip#2
117 116 107 96 90 110 99 99 106 91 97 107 0 73
103 116 115 118 99 110 106 101 106 107 100 123 1 0
104 100 121 118 100 110 106 101 106 107 96 107 2 0
99 100 111 267 410 110 260 454 122 210 372 123 3 0
101 100 111 265 421 110 260 454 106 232 384 107 4 0
101 100 113 102 106 110 114 115 106 107 115 107 5 0
105 100 107 232 380 110 391 856 138 443 944 139 6 0
105 100 104 254 407 110 392 837 122 379 784 139 7 0
103 100 105 102 96 110 105 110 106 107 110 107 8 0
105 100 108 102 95 110 414 902 122 518 992 139 9 0
96 100 101 96 92 110 406 845 138 427 869 139 10 0
107 100 108 86 93 94 104 108 90 91 106 15000 11 0
Chip#2
117 116 109 102 96 110 102 100 106 107 101 123 0 74
117 116 122 118 108 110 107 102 106 91 105 107 1 0
101 100 124 118 107 110 106 107 106 107 104 107 2 0
100 100 109 263 410 110 244 438 106 211 376 107 3 0
99 100 103 266 412 110 260 438 106 220 373 107 4 0
117 100 110 102 105 110 109 112 106 107 110 107 5 0
104 100 108 233 379 110 389 861 138 427 928 139 6 0
103 100 107 252 410 110 394 841 138 379 800 139 7 0
117 116 119 118 105 126 113 118 122 123 120 123 8 0
100 100 105 96 92 110 411 902 138 514 992 139 9 0
90 100 101 91 87 94 400 845 138 411 862 139 10 0
117 100 116 102 101 110 112 118 122 107 112 15000 11 0
Chip#2
133 116 120 118 109 110 119 113 106 107 115 123 0 74
117 100 115 102 107 110 106 102 90 107 102 107 1 0
98 100 115 102 95 94 98 95 90 91 94 91 2 0
117 100 117 274 420 126 260 454 122 215 379 107 3 0
101 100 114 270 421 126 260 438 122 229 384 123 4 0
101 100 107 102 100 110 111 108 106 91 105 107 5 0
117 100 113 239 387 126 402 865 138 443 928 139 6 0
117 100 114 261 412 126 403 838 138 379 800 139 7 0
101 84 100 86 90 94 102 103 106 91 102 91 8 0
105 100 108 102 95 110 419 902 138 519 992 139 9 0
100 100 101 97 87 110 398 841 138 427 864 139 10 0
105 100 108 102 96 110 108 111 106 107 109 15000 11 0
Chip#2
117 116 114 102 98 110 104 103 106 91 100 107 0 75
117 100 114 102 101 110 103 101 106 91 95 107 1 0
101 100 120 102 105 94 111 110 90 91 104 91 2 0
101 100 107 260 402 110 244 438 122 202 366 107 3 0
101 100 117 270 423 110 260 454 106 231 297 123 4 0
98 100 96 102 98 110 101 101 106 91 96 91 5 0
101 100 116 238 385 110 399 861 138 427 928 139 6 0
105 100 105 250 412 126 398 839 138 395 800 139 7 0
101 100 111 102 106 110 113 116 106 107 118 107 8 0
117 100 108 102 94 110 419 902 138 519 992 139 9 0
107 100 114 102 100 110 411 845 138 427 872 139 10 0
105 100 101 97 93 94 102 105 106 107 102 15000 11 0
Chip#2
117 100 115 102 98 110 102 101 90 91 101 107 0 75
107 100 115 102 102 94 103 104 90 91 94 91 1 0
105 100 116 102 99 110 100 103 106 107 100 107 2 0
101 100 109 266 403 110 244 438 106 208 370 107 3 0
101 100 104 263 415 110 260 438 106 226 380 107 4 0
117 100 110 102 107 110 112 111 106 107 105 107 5 0
117 116 114 233 378 110 396 862 138 443 928 139 6 0
105 100 108 258 408 110 391 842 122 379 784 139 7 0
99 84 101 97 98 94 98 100 90 91 106 91 8 0
100 100 110 102 96 110 411 902 138 513 992 139 9 0
98 100 104 95 92 110 405 848 138 427 866 155 10 0
105 100 108 102 92 110 104 107 106 107 102 15000 11 0
Chip#2
117 116 117 102 101 110 107 105 106 107 99 107 0 75
101 100 122 102 107 110 110 111 106 91 104 107 1 0
107 116 120 118 102 110 108 103 106 107 102 107 2 0
101 100 115 272 414 110 244 438 122 218 376 107 3 0
117 100 120 278 321 126 276 454 122 234 297 123 4 0
101 84 109 86 108 94 110 115 90 91 107 91 5 0
105 100 107 231 385 110 388 862 122 443 928 123 6 0
100 84 100 246 403 110 387 834 122 379 784 123 7 0
101 116 110 102 99 110 112 112 106 107 111 107 8 0
99 100 104 97 98 94 417 902 122 517 976 139 9 0
104 100 103 86 90 110 404 845 138 427 866 139 10 0
100 100 100 95 92 110 98 107 106 107 97 15000 11 0
Chip#2
117 116 108 102 92 110 99 96 106 91 93 107 0 75
101 100 108 86 102 94 98 101 90 91 96 91 1 0
117 116 121 118 101 110 103 110 106 107 101 107 2 0
103 100 108 264 412 110 260 438 122 206 374 123 3 0
99 100 100 258 410 110 260 438 106 221 371 107 4 0
101 100 108 102 105 110 112 111 106 107 107 107 5 0
117 116 110 232 387 126 394 865 154 452 944 155 6 0
105 100 109 256 407 110 398 834 138 379 800 139 7 0
117 100 110 102 102 110 108 112 106 107 111 107 8 0
98 100 101 91 88 94 411 902 122 514 992 139 9 0
106 100 107 102 94 110 412 851 138 427 869 155 10 0
101 100 103 96 94 94 99 106 106 91 104 15000 11 0
Chip#2
133 116 116 102 104 126 108 106 106 107 110 123 0 76
117 116 116 118 107 110 107 108 106 107 99 123 1 0
105 100 117 118 101 110 104 103 106 107 100 107 2 0
100 116 109 260 403 126 244 438 122 211 372 107 3 0
101 100 110 265 421 110 260 454 122 231 384 107 4 0
117 100 110 102 111 110 110 116 106 107 107 107 5 0
96 100 101 214 372 110 379 851 122 427 912 123 6 0
103 100 105 250 407 110 396 836 122 379 800 123 7 0
100 100 103 92 93 94 101 106 90 91 101 91 8 0
102 84 105 86 94 94 412 886 122 517 976 123 9 0
117 100 114 102 98 110 411 854 138 427 872 139 10 0
103 100 104 96 95 110 102 108 106 107 102 15000 11 0
Chip#2
133 116 112 102 98 110 104 105 106 107 99 123 0 76
117 116 112 102 104 110 107 107 106 91 100 107 1 0
117 116 136 134 107 126 110 111 122 123 103 123 2 0
101 100 112 267 414 126 260 454 122 213 377 123 3 0
103 100 105 264 409 110 260 438 106 231 377 107 4 0
117 116 108 118 106 126 109 113 122 123 102 107 5 0
101 100 109 231 379 110 391 864 138 443 928 139 6 0
107 100 102 251 406 110 392 842 122 379 784 123 7 0
100 84 101 96 93 110 104 107 106 91 106 91 8 0
105 100 108 102 99 110 422 902 138 520 992 139 9 0
100 100 100 97 90 94 405 845 138 411 859 139 10 0
105 100 105 86 92 94 98 115 106 107 105 15000 11 0
101 100 116 102 101 94 103 101 90 91 102 91 1 0
107 116 119 118 101 110 103 102 106 91 97 107 2 0
107 100 116 265 409 126 244 438 122 215 376 107 3 0
99 100 103 259 409 110 244 438 106 225 375 107 4 0
117 100 108 102 109 110 112 110 106 107 106 107 5 0
117 116 116 235 387 126 397 872 138 452 944 155 6 0
107 100 105 246 402 110 389 836 138 379 784 139 7 0
117 100 109 102 98 110 110 112 106 107 111 107 8 0
101 100 105 102 93 110 414 902 138 520 992 139 9 0
94 84 95 94 89 94 402 837 122 411 862 123 10 0
99 84 99 96 89 94 95 104 90 75 94 15000 11 0
Chip#2
117 100 113 102 105 110 109 102 90 91 107 107 0 77
117 116 113 118 109 110 107 102 106 107 102 107 1 0
104 100 120 102 101 110 104 99 106 91 100 91 2 0
100 100 105 263 408 110 260 438 106 206 369 107 3 0
99 84 98 258 407 110 244 422 106 217 369 91 4 0
101 116 105 118 102 110 109 107 106 107 104 107 5 0
101 100 108 234 381 110 396 858 138 443 928 139 6 0
105 100 102 252 400 110 393 835 138 379 784 139 7 0
104 100 103 102 95 110 108 110 106 107 107 107 8 0
101 100 110 102 98 110 426 902 138 523 992 139 9 0
103 100 101 96 94 94 405 846 138 411 864 123 10 0
105 100 110 102 101 110 114 113 106 107 107 15000 11 0
Chip#2
117 116 110 102 96 110 103 99 106 107 96 107 0 77
104 100 109 102 99 110 102 100 106 91 93 107 1 0
103 116 119 118 96 110 99 105 106 107 97 107 2 0
103 100 104 266 406 126 260 438 122 210 366 123 3 0
97 84 97 263 406 110 244 422 90 219 366 91 4 0
101 100 108 102 98 94 105 108 90 91 100 91 5 0
117 100 105 233 376 110 400 855 138 443 928 139 6 0
117 100 109 257 405 126 396 839 138 379 800 139 7 0
101 100 103 102 93 110 106 110 106 107 107 107 8 0
103 100 110 102 98 110 423 902 138 520 992 139 9 0
117 100 108 102 95 126 411 853 154 427 871 155 10 0
104 100 107 102 96 94 104 110 106 91 107 15000 11 0
Chip#2
117 116 116 102 104 110 113 105 106 107 106 107 0 77
117 116 119 118 106 126 110 108 106 107 100 123 1 0
100 116 113 118 98 110 100 101 106 107 97 107 2 0
103 84 114 269 413 110 244 438 106 214 375 91 3 0
101 100 101 260 409 126 260 438 122 220 368 123 4 0
101 100 103 86 100 94 105 111 90 91 102 91 5 0
101 100 107 227 378 110 389 859 138 443 928 139 6 0
101 100 102 256 402 110 391 833 122 379 784 123 7 0
100 84 102 86 98 94 102 108 106 91 104 91 8 0
105 100 105 86 100 94 408 886 138 515 976 139 9 0
96 100 97 94 89 94 400 842 138 427 860 139 10 0
101 100 105 86 98 94 106 117 106 91 112 15000 11 0
Chip#2
104 100 103 97 95 110 99 91 90 91 93 107 0 77
117 116 122 118 107 126 114 110 106 107 108 123 1 0
100 100 117 102 95 94 100 97 90 91 94 91 2 0
100 100 114 264 407 110 260 438 106 208 372 107 3 0
107 100 109 260 413 110 260 422 106 225 376 107 4 0
101 100 105 86 100 94 109 102 90 91 101 91 5 0
117 116 110 234 378 126 397 860 138 443 928 155 6 0
117 116 109 257 408 126 398 840 154 395 800 155 7 0
98 84 97 94 88 94 103 100 90 91 102 91 8 0
99 100 104 96 93 110 410 902 138 514 992 139 9 0
104 84 108 102 94 94 412 845 138 411 864 139 10 0
103 100 108 97 94 110 104 110 106 107 110 15000 11 0
Chip#2
117 116 107 102 98 110 102 101 106 107 102 107 0 78
117 116 117 102 102 110 100 105 106 107 96 107 1 0
117 116 124 118 106 110 107 108 106 107 107 107 2 0
106 116 110 270 413 126 260 454 122 217 374 123 3 0
117 116 113 265 421 126 276 454 122 231 383 123 4 0
101 100 105 102 106 94 106 113 106 91 105 91 5 0
101 100 109 214 376 110 396 857 138 427 912 123 6 0
101 100 108 251 406 110 395 833 138 379 784 139 7 0
100 100 98 96 94 110 102 106 106 91 105 107 8 0
103 100 108 102 93 110 416 902 138 517 976 139 9 0
105 116 110 102 100 110 415 854 138 427 870 155 10 0
103 100 104 95 92 110 98 109 106 107 97 15000 11 0
Chip#2
117 116 110 102 100 110 108 103 106 107 100 107 0 78
117 116 119 102 106 110 108 107 106 107 100 123 1 0
117 116 120 118 107 110 105 111 106 107 104 107 2 0
105 100 113 264 407 110 244 438 106 215 368 107 3 0
117 116 114 264 416 126 260 454 122 234 385 123 4 0
101 100 108 102 104 110 108 110 90 91 104 91 5 0
107 100 100 228 372 110 389 853 122 427 912 123 6 0
105 100 103 248 402 110 391 834 138 379 784 139 7 0
107 100 108 102 98 110 109 113 106 107 107 91 8 0
97 100 98 92 89 110 409 902 138 509 992 155 9 0
99 100 104 97 89 94 399 842 138 427 861 139 10 0
103 100 103 102 93 110 100 106 106 91 106 15000 11 0
Chip#2
117 132 117 118 105 110 109 106 106 107 101 123 0 78
101 100 111 102 106 94 105 106 90 91 99 107 1 0
103 116 115 102 96 110 101 102 106 107 101 107 2 0
103 100 113 264 409 126 260 438 122 210 367 123 3 0
117 100 108 265 410 126 260 438 122 233 377 123 4 0
101 100 110 102 106 110 115 115 106 107 110 107 5 0
104 100 104 223 372 110 391 856 138 443 912 139 6 0
117 116 114 254 403 126 397 844 138 395 800 139 7 0
107 100 105 102 95 110 107 108 106 107 106 107 8 0
105 100 109 102 93 110 418 902 138 521 992 155 9 0
101 100 105 102 95 110 410 847 138 427 868 139 10 0
98 100 103 102 90 110 100 107 106 107 102 15000 11 0
Chip#2
117 116 108 102 102 110 103 100 106 107 99 107 0 79
117 116 119 118 105 110 108 107 106 107 102 107 1 0
101 116 120 118 112 110 109 110 106 107 111 107 2 0
104 100 113 265 405 126 244 438 106 208 368 107 3 0
107 100 105 262 412 110 260 438 106 224 375 91 4 0
117 100 110 118 105 110 112 111 106 107 105 107 5 0
101 100 116 229 379 110 396 867 138 427 928 139 6 0
101 100 110 253 406 110 396 840 122 363 784 123 7 0
105 100 103 96 99 110 106 111 106 91 111 107 8 0
98 100 101 94 90 110 413 886 138 515 976 139 9 0
100 84 105 86 94 94 400 845 122 411 862 123 10 0
98 100 104 92 92 110 99 106 106 91 99 15000 11 0
Chip#2
117 116 113 102 100 110 109 106 106 91 100 107 0 79
107 100 108 102 102 110 104 99 90 91 97 107 1 0
105 100 115 102 106 110 103 105 106 107 104 107 2 0
99 100 104 257 393 110 244 422 106 202 361 107 3 0
105 100 108 260 407 126 260 438 122 224 367 123 4 0
101 100 107 102 108 110 112 116 106 107 109 107 5 0
96 100 100 223 363 110 383 847 138 427 928 139 6 0
107 100 105 247 391 110 392 830 122 379 784 139 7 0
117 100 109 102 100 110 113 115 106 107 113 107 8 0
99 100 103 96 94 110 415 902 138 516 992 139 9 0
105 100 104 102 96 110 404 845 138 411 863 139 10 0
101 100 109 102 98 110 108 112 106 107 109 15000 11 0
Chip#2
117 116 113 102 100 110 103 101 106 107 104 107 0 80
117 100 114 118 108 110 107 110 106 107 105 123 1 0
117 100 117 118 102 110 103 106 106 107 101 107 2 0
100 100 105 261 401 110 244 422 106 207 362 107 3 0
101 100 111 265 410 110 260 438 106 231 377 107 4 0
101 100 105 102 102 110 105 110 90 91 102 91 5 0
101 100 104 214 369 110 389 857 122 427 912 123 6 0
105 100 104 246 395 110 392 833 122 379 784 123 7 0
105 100 108 102 96 110 108 108 106 107 109 91 8 0
100 100 105 91 90 110 415 902 138 514 976 139 9 0
103 100 108 97 90 94 404 837 138 427 860 139 10 0
103 100 113 102 96 110 108 106 106 107 109 15000 11 0
Chip#2
117 116 113 102 96 110 102 102 106 107 100 107 0 80
101 100 117 102 101 110 102 103 90 91 97 107 1 0
107 100 120 102 105 94 105 102 90 91 100 91 2 0
100 100 109 256 400 110 244 422 122 202 355 107 3 0
107 100 113 261 407 126 260 438 122 228 372 107 4 0
103 100 98 95 94 110 101 101 106 107 90 107 5 0
117 100 111 229 373 110 393 858 138 427 928 139 6 0
101 100 109 248 399 110 392 836 122 379 784 139 7 0
101 100 108 102 102 110 107 113 106 107 107 107 8 0
95 100 101 94 88 110 404 902 138 507 976 139 9 0
104 100 108 86 99 94 401 845 138 411 864 139 10 0
104 100 105 102 98 110 103 106 106 107 106 15000 11 0
Chip#2
117 100 101 96 89 94 94 97 90 91 90 107 0 80
104 100 109 102 99 94 99 102 90 91 92 91 1 0
99 100 113 102 98 94 97 100 90 91 94 91 2 0
98 100 105 258 397 110 244 422 106 207 359 107 3 0
106 100 112 260 410 126 276 438 122 225 371 123 4 0
117 100 113 102 112 110 113 117 106 107 110 107 5 0
103 84 102 214 366 110 384 852 122 427 912 123 6 0
101 100 114 256 408 110 400 843 122 379 784 139 7 0
105 100 105 102 95 110 104 108 106 107 107 91 8 0
107 100 110 102 95 110 417 902 138 517 976 139 9 0
95 84 102 96 88 94 394 834 138 411 854 123 10 0
103 100 102 102 92 110 100 105 106 107 102 15000 11 0
Chip#2
117 116 114 102 98 110 108 102 106 91 101 107 0 80
101 100 109 102 102 110 102 105 106 107 96 107 1 0
117 100 114 118 99 110 103 101 106 107 101 107 2 0
100 100 109 259 400 110 244 422 106 207 360 107 3 0
117 100 114 260 414 126 260 438 122 232 371 123 4 0
101 84 109 102 105 110 109 110 90 91 105 91 5 0
105 100 109 228 374 126 394 858 138 443 912 139 6 0
101 100 111 257 405 110 398 836 138 379 784 123 7 0
101 100 100 91 94 110 100 100 106 91 104 91 8 0
100 100 109 86 93 94 410 886 122 514 976 139 9 0
106 100 108 102 98 110 408 842 154 427 862 139 10 0
117 100 112 102 96 110 109 116 106 107 112 15000 11 0
Chip#2
117 116 114 102 102 110 106 100 106 107 104 107 0 80
107 100 111 102 101 110 103 105 90 91 97 107 1 0
117 116 116 118 103 110 106 108 122 107 102 107 2 0
103 100 108 259 393 126 244 422 122 206 355 107 3 0
105 100 111 257 403 126 260 438 122 223 365 123 4 0
100 100 97 102 100 110 102 107 106 91 100 107 5 0
103 100 104 214 361 110 386 851 138 427 912 139 6 0
117 116 114 253 401 126 399 834 138 379 784 139 7 0
103 100 105 102 94 110 104 112 106 107 107 107 8 0
105 100 105 102 96 110 416 902 138 514 976 139 9 0
117 100 111 102 100 110 412 848 154 427 869 139 10 0
98 100 100 92 87 94 93 102 90 91 100 15000 11 0
Chip#2
117 116 108 102 100 110 106 105 106 91 102 107 0 81
102 100 105 102 98 110 97 99 106 91 93 107 1 0
117 116 120 118 109 110 112 108 106 107 106 107 2 0
101 100 113 261 397 110 244 422 122 210 365 107 3 0
99 84 104 250 393 94 244 422 106 214 362 107 4 0
117 116 112 118 108 126 114 117 106 107 112 107 5 0
102 84 97 198 358 94 381 845 122 411 809 107 6 0
103 84 104 248 393 110 392 831 122 379 768 139 7 0
101 100 109 102 101 110 113 113 106 107 116 107 8 0
107 100 110 102 96 110 415 886 138 517 976 155 9 0
104 100 109 118 99 110 408 840 138 427 858 155 10 0
104 100 105 96 93 110 99 105 106 107 104 15000 11 0
Chip#2
101 100 105 97 92 94 102 96 90 91 94 91 0 81
101 100 108 102 102 110 106 103 106 107 99 107 1 0
101 100 113 102 101 110 108 102 106 107 100 107 2 0
101 100 105 257 402 110 244 422 106 206 359 107 3 0
101 100 111 260 406 110 260 422 122 230 370 107 4 0
101 100 109 102 108 110 113 107 106 107 105 91 5 0
117 100 114 231 376 126 398 859 138 443 928 139 6 0
98 84 96 240 387 110 386 821 122 363 784 123 7 0
117 116 108 118 101 126 113 113 122 107 112 123 8 0
117 100 114 102 102 110 418 902 138 521 976 139 9 0
99 84 97 94 89 94 392 837 122 411 853 123 10 0
100 100 108 97 93 94 99 107 90 91 100 15000 11 0
Chip#2
133 116 117 102 107 110 112 108 106 107 106 107 0 82
117 116 114 118 109 110 114 107 106 107 105 107 1 0
117 116 116 118 109 110 114 111 106 107 109 107 2 0
104 100 108 256 394 110 244 422 106 203 355 107 3 0
105 116 110 258 400 126 260 438 122 224 369 123 4 0
101 100 108 102 109 94 111 111 106 107 109 91 5 0
117 100 114 233 379 126 393 854 138 443 928 155 6 0
117 100 110 248 397 126 396 832 138 379 784 139 7 0
99 100 100 102 92 110 104 100 106 107 105 107 8 0
94 100 100 91 89 94 408 886 122 506 976 139 9 0
104 100 105 102 101 110 406 844 138 427 863 139 10 0
107 100 104 102 98 110 106 112 106 107 105 15000 11 0
Chip#2
117 116 108 102 96 110 100 99 90 91 99 107 0 82
101 100 103 102 100 94 100 100 90 91 93 91 1 0
101 100 115 118 106 110 107 106 106 107 102 107 2 0
105 100 110 259 397 126 260 422 122 206 362 123 3 0
117 100 113 258 407 126 260 438 122 224 374 123 4 0
101 100 102 102 104 94 102 103 90 107 102 91 5 0
117 116 111 227 372 110 392 856 138 443 912 139 6 0
107 100 105 244 394 110 387 828 138 379 784 139 7 0
104 100 102 102 96 110 108 111 106 107 105 107 8 0
96 100 102 94 88 110 410 886 138 506 976 139 9 0
104 100 107 102 93 110 401 845 138 411 862 139 10 0
104 100 108 102 96 94 104 115 90 91 111 15000 11 0
Chip#2
117 116 111 102 100 110 108 103 106 91 99 107 0 82
117 116 121 102 107 110 113 111 106 107 102 123 1 0
101 100 117 102 105 94 109 108 106 107 106 107 2 0
103 100 104 258 389 110 244 422 106 203 355 107 3 0
100 100 103 254 399 110 244 422 122 213 357 107 4 0
101 100 104 102 101 110 110 110 106 107 106 107 5 0
105 100 109 233 369 126 392 858 138 443 928 139 6 0
117 100 111 251 399 110 399 837 138 379 800 139 7 0
101 100 108 102 98 110 110 106 106 107 100 107 8 0
105 100 110 102 94 110 413 886 138 519 976 139 9 0
117 100 111 102 102 110 408 840 138 427 859 155 10 0
98 84 103 92 88 94 99 104 90 91 102 15000 11 0
Chip#2
117 116 111 102 98 94 105 100 90 91 98 107 0 83
101 100 121 102 108 110 112 106 106 91 104 107 1 0
107 100 116 118 107 110 109 110 106 107 109 107 2 0
105 100 108 257 393 110 244 422 106 206 357 107 3 0
107 100 110 258 400 110 260 422 122 221 361 107 4 0
101 100 98 86 98 94 103 105 90 91 98 91 5 0
105 100 108 214 371 110 394 850 122 427 912 123 6 0
104 84 107 241 389 110 390 830 122 363 768 123 7 0
117 100 110 102 103 110 112 118 106 107 115 107 8 0
117 100 113 102 96 110 418 902 138 514 976 155 9 0
97 100 102 95 90 94 399 832 138 411 852 123 10 0
103 100 109 102 98 94 103 110 106 91 107 15000 11 0
Chip#2
117 116 118 102 99 110 105 105 106 91 104 107 0 83
117 116 112 102 101 110 106 103 106 107 97 107 1 0
103 100 113 102 101 110 102 105 106 107 102 107 2 0
96 100 108 254 388 110 244 422 106 201 348 107 3 0
99 100 103 248 393 110 260 422 122 219 359 107 4 0
104 100 102 86 100 94 104 107 90 91 102 91 5 0
107 100 109 214 366 110 391 852 138 443 912 139 6 0
104 100 108 244 393 110 388 828 138 395 784 139 7 0
117 116 111 102 102 110 112 116 106 107 108 107 8 0
105 100 109 102 99 94 424 886 138 521 976 139 9 0
103 100 110 102 95 110 407 838 138 427 858 139 10 0
101 100 105 86 94 94 105 113 106 107 110 15000 11 0
Chip#2
117 116 113 102 100 110 105 99 106 91 106 107 0 83
117 116 107 118 106 110 102 101 106 107 95 107 1 0
117 116 119 118 108 110 108 107 106 107 109 107 2 0
100 100 110 260 393 110 244 438 122 203 356 123 3 0
100 100 107 250 394 110 244 422 106 219 361 107 4 0
117 116 112 118 109 126 112 111 122 107 107 107 5 0
100 100 104 214 361 110 381 838 138 443 912 139 6 0
101 100 109 250 395 110 393 826 138 379 784 139 7 0
103 100 102 102 96 110 103 108 106 107 106 107 8 0
98 100 104 96 92 110 405 902 138 511 976 139 9 0
103 100 109 102 102 110 403 841 138 427 856 139 10 0
102 100 104 102 94 110 102 110 106 107 110 15000 11 0
Chip#2
117 116 110 102 94 110 100 101 106 107 100 107 0 84
117 116 108 102 101 110 102 99 106 107 95 123 1 0
103 100 115 102 102 110 104 107 106 91 100 91 2 0
101 100 119 267 401 126 244 438 122 213 364 123 3 0
106 116 108 259 397 126 260 438 122 224 367 123 4 0
107 100 105 102 105 110 115 107 90 107 102 107 5 0
117 100 109 214 363 110 392 852 138 427 912 139 6 0
99 116 100 238 386 126 386 819 138 379 784 139 7 0
103 100 105 97 96 110 109 107 106 107 106 107 8 0
98 84 102 95 86 94 406 879 122 511 960 139 9 0
99 100 99 95 89 94 395 830 138 411 847 123 10 0
105 100 110 86 92 110 105 110 106 91 102 15000 11 0
Chip#2
133 132 116 118 102 126 112 105 122 123 106 123 0 84
101 100 110 102 99 94 102 102 90 91 93 107 1 0
117 116 120 118 104 110 109 112 106 107 110 107 2 0
105 100 114 258 394 110 244 422 106 208 355 107 3 0
103 116 107 254 396 126 260 438 122 220 371 123 4 0
105 100 105 102 99 94 107 106 106 91 104 91 5 0
103 84 109 214 362 94 392 851 122 411 809 123 6 0
101 100 110 246 391 110 389 826 138 379 784 139 7 0
106 100 109 102 102 110 112 114 106 123 116 107 8 0
105 100 110 102 96 110 415 886 138 514 976 139 9 0
117 116 110 118 105 126 412 846 154 427 860 155 10 0
107 100 102 102 89 94 102 108 106 91 106 15000 11 0
Chip#2
133 116 107 102 93 110 100 101 106 107 98 107 0 84
117 100 109 102 104 110 103 103 106 91 104 107 1 0
101 100 115 102 104 110 107 106 106 107 104 107 2 0
117 116 117 259 397 126 260 438 122 212 361 123 3 0
101 84 102 251 389 110 244 406 106 215 358 107 4 0
101 100 105 102 101 110 108 108 90 91 106 107 5 0
117 100 109 214 360 126 389 851 138 427 912 139 6 0
117 100 107 243 394 126 388 824 138 379 784 139 7 0
104 100 110 102 93 110 108 108 106 107 107 107 8 0
101 100 103 97 90 110 412 886 138 506 960 139 9 0
103 100 104 102 94 110 404 837 138 411 850 139 10 0
101 100 105 95 95 110 103 115 106 91 104 15000 11 0
105 100 108 102 101 94 103 104 90 91 94 107 1 0
117 100 108 102 100 110 104 103 106 107 105 107 2 0
117 100 115 263 399 126 244 422 122 208 360 107 3 0
96 100 101 251 391 110 244 422 106 217 354 107 4 0
106 100 104 102 103 110 104 107 106 107 104 107 5 0
105 100 105 214 362 110 387 848 138 427 912 139 6 0
98 100 103 243 387 110 385 817 138 379 784 139 7 0
99 100 103 97 96 94 106 107 106 107 105 91 8 0
105 100 104 86 93 94 411 886 122 510 960 139 9 0
101 116 110 102 102 110 406 840 138 427 856 155 10 0
101 100 111 102 99 110 106 112 106 107 112 15000 11 0
Chip#2
117 116 112 102 100 110 106 102 106 91 107 107 0 85
117 116 116 118 108 126 104 108 122 107 103 123 1 0
101 100 118 102 106 110 105 107 106 107 104 107 2 0
101 100 107 256 388 110 244 422 106 201 350 107 3 0
107 84 111 254 399 110 244 422 106 220 362 107 4 0
103 84 104 102 101 94 104 107 106 91 100 91 5 0
107 100 101 214 359 110 385 841 122 427 809 123 6 0
99 84 99 235 384 94 382 819 122 363 768 123 7 0
105 100 105 102 95 110 106 106 106 91 106 91 8 0
103 100 109 102 95 94 413 886 138 510 976 139 9 0
117 100 110 102 100 110 406 842 138 427 853 139 10 0
107 84 110 86 98 94 105 113 90 91 112 15000 11 0
Chip#2
117 116 115 102 99 110 106 101 90 91 102 107 0 86
100 84 99 96 93 94 94 93 90 75 87 91 1 0
103 100 110 102 101 110 104 103 90 107 99 107 2 0
117 116 114 260 399 126 260 438 122 211 356 123 3 0
101 100 110 253 399 126 260 422 122 220 362 107 4 0
117 116 109 102 107 126 113 111 106 107 106 107 5 0
117 100 105 214 359 110 386 851 138 443 809 139 6 0
101 100 107 245 392 110 387 819 138 379 768 139 7 0
103 100 102 102 99 94 110 110 106 107 107 107 8 0
105 100 111 102 96 110 419 886 138 515 976 155 9 0
104 100 107 102 98 110 403 836 138 427 851 139 10 0
98 84 98 95 88 94 98 104 90 91 97 15000 11 0
Chip#2
117 100 117 102 96 110 104 104 90 91 104 107 0 86
117 116 114 118 105 126 106 103 106 107 104 123 1 0
100 100 109 102 99 110 99 96 106 91 97 107 2 0
101 100 110 257 392 110 244 422 122 203 352 107 3 0
117 116 112 261 401 126 260 422 122 227 368 123 4 0
101 100 108 102 105 110 109 112 106 91 106 91 5 0
104 100 101 214 359 110 382 839 138 427 912 139 6 0
105 84 103 240 389 110 385 818 122 363 768 123 7 0
98 100 97 88 88 110 100 101 106 107 101 91 8 0
104 100 104 102 99 110 413 879 138 508 960 139 9 0
104 100 107 102 98 110 406 836 138 427 850 139 10 0
117 116 109 102 98 110 113 113 106 107 111 15000 11 0
Chip#2
117 116 113 102 102 110 104 105 106 107 107 107 0 86
107 100 107 102 99 94 99 100 90 91 94 91 1 0
103 100 111 102 100 110 105 110 90 107 101 107 2 0
100 84 104 246 381 94 228 406 90 187 343 91 3 0
117 100 115 261 400 126 260 438 122 227 372 123 4 0
106 100 109 102 104 110 110 113 106 107 102 107 5 0
104 100 102 223 357 110 383 840 122 427 912 139 6 0
107 100 107 241 385 110 389 818 122 363 768 139 7 0
105 84 108 102 99 110 108 107 90 107 105 91 8 0
104 100 105 102 94 110 411 886 138 514 976 139 9 0
99 84 103 97 96 94 403 833 122 411 842 123 10 0
97 84 98 92 89 94 96 99 90 91 98 15000 11 0
Chip#2
117 116 114 102 104 110 110 110 90 91 109 107 0 87
101 100 109 102 104 94 103 102 90 91 99 107 1 0
105 100 114 118 106 110 103 102 106 107 102 107 2 0
99 100 108 254 387 110 244 422 122 201 354 107 3 0
103 100 105 248 389 110 244 422 106 215 356 107 4 0
101 100 110 102 109 110 110 113 106 107 106 107 5 0
105 100 103 214 359 110 385 841 122 427 809 123 6 0
103 100 101 240 386 110 386 815 138 379 768 139 7 0
101 100 104 102 98 110 107 108 106 107 111 107 8 0
99 100 98 96 88 110 405 878 122 501 960 139 9 0
99 100 101 92 90 110 399 826 138 411 842 139 10 0
117 116 115 118 102 110 110 120 106 107 113 15000 11 0
Chip#2
117 100 109 102 96 110 100 99 106 91 102 107 0 87
117 116 119 118 109 110 112 110 106 107 111 107 1 0
103 100 111 102 100 94 106 102 106 91 102 91 2 0
104 100 108 259 387 110 244 406 106 202 349 107 3 0
107 100 109 251 393 110 260 422 122 218 357 123 4 0
105 84 104 86 100 110 108 107 90 91 98 91 5 0
117 116 109 226 365 126 395 846 138 443 912 139 6 0
103 100 107 239 385 110 387 823 138 363 768 139 7 0
100 100 101 97 93 110 103 107 106 107 110 107 8 0
101 100 109 102 95 94 413 886 122 510 960 139 9 0
105 100 105 102 95 110 404 831 138 411 844 139 10 0
101 100 115 102 96 94 106 116 90 107 109 15000 11 0
Chip#2
117 100 113 102 96 110 102 102 90 91 101 107 0 87
101 100 113 102 100 110 105 103 106 91 99 107 1 0
101 100 115 118 104 110 106 106 106 107 105 107 2 0
103 84 107 254 386 110 228 406 106 187 350 107 3 0
105 100 103 252 389 110 244 422 122 218 357 123 4 0
101 100 109 102 107 110 107 108 106 107 105 107 5 0
103 100 103 214 356 110 380 845 122 427 912 139 6 0
101 100 110 244 387 126 391 820 138 379 768 139 7 0
117 100 108 102 100 110 110 115 106 107 108 107 8 0
100 100 108 102 90 110 416 879 138 509 960 139 9 0
106 116 114 118 106 126 407 840 154 427 857 155 10 0
95 100 103 97 88 110 99 103 106 91 100 15000 11 0
Chip#2
117 116 120 102 102 110 110 110 106 107 111 107 0 88
101 100 109 102 105 110 104 103 90 91 102 107 1 0
103 100 107 118 99 110 106 106 106 107 99 107 2 0
104 100 108 253 385 110 244 406 106 203 354 107 3 0
104 100 113 257 393 110 244 422 106 222 367 107 4 0
98 84 98 86 94 94 105 102 90 91 98 91 5 0
117 100 111 229 360 126 391 848 138 427 912 139 6 0
101 100 107 241 384 110 385 825 122 363 768 139 7 0
101 100 103 102 92 110 104 110 106 107 107 107 8 0
100 100 108 102 92 126 412 902 138 504 976 139 9 0
107 100 111 102 96 110 410 840 138 411 856 139 10 0
103 100 108 86 95 110 106 112 90 91 109 15000 11 0
Chip#2
117 116 116 102 100 110 104 105 106 107 102 107 0 88
117 100 110 102 101 110 102 103 106 107 97 107 1 0
117 116 116 118 107 110 107 109 106 107 110 107 2 0
100 100 103 253 382 110 228 406 106 200 344 107 3 0
107 100 107 251 391 126 244 422 106 217 359 107 4 0
95 84 97 95 88 94 99 96 90 91 91 91 5 0
104 100 105 214 355 110 385 838 122 427 912 139 6 0
98 84 101 237 376 110 378 810 122 363 752 123 7 0
105 100 105 102 95 110 106 107 106 107 107 107 8 0
104 100 108 86 93 110 418 886 122 504 960 139 9 0
105 100 109 102 98 110 404 833 138 427 845 155 10 0
100 100 104 86 94 94 100 113 106 91 107 15000 11 0
Chip#2
117 116 105 102 94 110 102 100 106 107 97 107 0 88
101 100 114 102 106 110 106 108 90 91 102 107 1 0
107 100 111 102 100 110 106 105 90 107 100 107 2 0
103 100 109 251 388 110 244 406 106 201 349 107 3 0
101 100 108 252 387 110 244 422 106 219 362 107 4 0
106 100 102 102 102 110 107 106 106 107 106 107 5 0
104 100 102 214 359 110 385 844 122 427 809 123 6 0
100 100 99 235 383 110 385 817 122 363 768 123 7 0
107 100 109 102 96 110 112 112 106 107 114 107 8 0
104 100 107 102 90 110 414 878 138 508 960 139 9 0
99 100 98 96 94 94 399 827 122 411 843 139 10 0
103 100 104 102 93 110 103 107 106 107 107 15000 11 0
Chip#2
117 100 108 102 96 110 103 101 106 91 104 107 0 89
105 116 107 118 98 110 95 101 106 107 96 123 1 0
101 100 117 102 107 110 110 107 106 91 105 107 2 0
101 100 114 254 386 110 244 406 106 202 349 107 3 0
101 100 114 253 394 110 260 406 106 219 364 107 4 0
101 100 107 102 108 110 113 113 106 107 109 91 5 0
101 100 111 214 366 126 393 842 138 427 809 139 6 0
117 100 108 241 386 126 385 815 138 379 768 139 7 0
104 100 104 102 98 110 103 105 106 107 111 107 8 0
106 116 107 102 98 110 412 886 138 506 976 155 9 0
105 100 111 102 100 110 408 839 138 411 851 139 10 0
99 100 102 96 92 110 97 107 90 91 102 15000 11 0
Chip#2
117 116 110 102 98 110 103 103 106 91 99 107 0 89
101 100 110 102 106 110 109 106 106 91 101 107 1 0
105 100 107 118 98 110 102 101 106 107 98 107 2 0
99 100 102 245 381 110 228 406 106 196 344 107 3 0
105 100 105 253 388 110 244 422 106 221 357 107 4 0
101 100 111 102 102 110 114 115 106 107 105 107 5 0
117 116 113 227 365 126 394 847 138 427 912 139 6 0
101 100 100 238 381 126 386 809 138 379 768 139 7 0
117 100 104 102 101 110 110 117 106 107 112 107 8 0
103 100 100 102 89 94 411 877 122 503 960 139 9 0
90 100 101 102 93 94 399 824 138 411 842 139 10 0
101 100 111 102 96 110 110 115 106 107 112 15000 11 0
Chip#2
101 100 103 102 95 94 100 100 90 91 97 91 0 89
101 100 108 102 105 110 102 103 106 91 97 107 1 0
101 100 116 102 101 110 106 110 106 107 102 107 2 0
101 100 118 257 393 110 228 406 106 203 357 107 3 0
101 100 111 252 395 110 244 406 106 222 360 107 4 0
117 100 108 102 107 110 109 112 106 107 105 107 5 0
101 100 110 214 362 110 385 844 122 411 809 123 6 0
106 100 104 240 383 110 392 815 138 379 768 139 7 0
117 100 113 102 98 110 109 113 106 107 116 107 8 0
106 100 108 102 95 110 408 886 138 507 976 139 9 0
103 100 110 102 100 110 401 834 138 411 842 139 10 0
101 100 105 96 94 110 101 106 106 107 101 15000 11 0
