Chip#1
131 111 109 113 110 100 107 119 114 107 134 126 0
115 110 102 113 110 102 107 119 114 105 107 112 1
106 103 106 97 110 112 107 103 114 115 103 101 2
111 109 1179 1006 126 1376 1099 135 1202 936 118 106 3
103 106 1143 1009 126 865 683 135 626 488 103 106 4
99 106 113 113 126 111 123 119 130 112 107 103 5
110 111 1259 1491 126 570 619 135 658 664 134 107 6
101 107 1131 1294 126 496 530 119 386 408 107 103 7
97 103 102 129 126 111 139 135 146 136 107 103 8
98 98 104 113 110 720 805 119 626 744 102 106 9
103 102 104 113 126 464 502 119 314 408 107 106 10
102 100 103 97 110 99 107 103 98 100 104 15000 11
Chip#2
116 123 111 100 103 101 106 117 126 114 136 115 0
116 123 109 103 107 103 109 117 110 114 120 118 1
132 139 114 104 108 115 117 133 126 130 136 119 2
132 123 109 104 113 735 638 133 654 658 120 113 3
116 123 116 105 111 463 400 133 430 418 120 109 4
132 139 120 105 110 111 113 133 126 130 120 105 5
116 123 199 190 113 703 608 117 670 780 120 108 6
132 139 183 158 118 463 389 133 430 477 120 113 7
116 123 106 104 111 108 109 117 110 114 120 105 8
116 123 183 174 113 191 197 133 158 162 120 110 9
116 123 167 158 107 159 157 117 142 146 120 105 10
116 123 112 104 107 108 106 133 110 114 120 15000 11
Chip#3
122 112 122 121 122 136 127 116 142 114 132 130 0
122 112 122 121 106 136 127 116 142 114 148 130 1
122 112 122 121 122 136 127 116 142 114 132 130 2
122 112 122 121 106 136 127 116 142 114 132 130 3
122 128 138 121 122 136 127 116 142 130 148 130 4
122 112 122 121 122 136 127 116 142 114 132 130 5
122 128 138 121 106 136 127 116 142 130 132 130 6
122 112 122 121 106 120 127 116 126 114 132 114 7
122 128 122 121 122 136 127 116 142 130 132 130 8
122 128 138 121 106 136 127 116 142 114 132 130 9
122 112 122 121 122 136 127 116 142 114 132 130 10
106 112 122 121 106 136 127 116 126 114 132 15000 11
Chip#4
102 112 105 100 102 104 99 103 106 112 104 103 0
101 112 105 103 100 98 100 101 106 112 104 97 1
111 112 105 110 111 110 105 108 113 112 113 106 2
120 112 105 111 107 110 105 111 115 128 111 106 3
104 128 121 106 104 103 102 104 108 128 106 103 4
108 128 105 103 104 104 103 107 106 112 106 99 5
100 112 105 102 100 96 97 104 102 112 100 93 6
105 112 105 105 100 102 100 107 112 112 106 100 7
109 128 105 110 106 108 121 110 106 128 106 102 8
108 128 105 109 105 107 103 104 115 128 107 106 9
99 112 105 97 99 97 96 101 101 128 98 96 10
106 112 105 102 107 102 100 106 107 112 105 15000 11
Chip#1
131 137 110 113 126 104 123 119 114 111 134 129 0
131 109 105 113 110 102 107 119 114 102 118 115 1
111 105 114 113 110 114 123 119 130 120 108 107 2
105 110 1419 1221 126 1625 1294 119 1426 1111 118 106 3
106 114 1392 1224 126 1033 781 135 738 549 134 107 4
105 113 113 129 126 111 123 119 130 136 107 102 5
101 107 1378 1665 126 672 724 119 722 744 108 104 6
106 114 1262 1439 142 585 635 119 450 456 118 106 7
98 103 108 113 110 116 123 119 130 136 106 104 8
97 100 98 113 126 812 939 119 747 870 118 101 9
99 103 102 113 126 496 571 119 370 472 118 107 10
105 111 105 113 126 104 123 119 130 106 134 15000 11
Chip#2
132 123 114 126 110 107 112 133 126 130 136 115 0
132 123 112 126 118 111 116 133 126 130 136 129 1
116 123 111 110 110 111 113 117 126 114 120 115 2
116 123 106 104 114 788 676 117 718 724 120 109 3
116 123 113 103 107 495 420 117 478 446 120 105 4
116 123 120 110 113 115 113 117 110 114 120 106 5
116 123 199 174 115 791 677 117 702 820 120 106 6
116 123 167 158 114 495 417 117 430 492 120 108 7
116 123 102 126 107 104 104 133 110 100 120 104 8
116 123 167 174 110 175 181 117 142 162 120 108 9
116 123 167 158 105 149 148 133 142 146 120 106 10
132 123 113 126 111 108 109 133 126 114 120 15000 11
Chip#3
106 112 122 121 106 120 111 116 126 114 116 114 0
122 128 122 121 122 136 127 116 142 130 148 130 1
122 128 122 121 106 136 127 116 142 114 132 130 2
122 112 122 121 106 136 127 116 142 114 132 130 3
122 112 122 121 122 136 127 116 142 130 148 130 4
122 128 122 121 122 136 127 116 142 130 148 130 5
138 128 138 137 122 152 143 132 158 130 148 146 6
122 112 122 121 122 136 127 116 142 114 132 130 7
122 112 122 121 106 136 143 132 158 114 132 146 8
122 112 122 121 106 136 127 116 126 114 132 130 9
106 112 122 121 106 136 127 100 142 114 132 114 10
122 112 122 121 106 136 127 116 142 114 132 15000 11
Chip#4
109 112 105 109 107 102 104 109 108 128 108 105 0
97 112 89 102 100 104 99 104 105 9 104 97 1
106 128 105 103 110 102 101 107 107 128 105 104 2
107 128 105 105 110 104 104 106 109 128 105 111 3
102 112 105 99 104 100 100 102 106 112 105 102 4
102 112 105 98 101 96 99 100 104 112 101 97 5
108 128 121 106 110 108 104 113 109 128 107 106 6
99 112 105 98 104 99 99 104 106 112 100 97 7
110 112 105 104 112 104 105 109 109 112 108 104 8
100 112 105 98 101 104 98 99 102 112 102 99 9
99 112 105 96 99 94 97 102 99 112 98 98 10
103 112 105 103 98 100 100 103 104 112 104 15000 11
Chip#1
131 137 113 113 126 105 123 119 114 109 134 127 0
131 111 102 113 126 98 123 119 114 102 107 113 1
110 106 110 113 110 116 123 119 130 120 108 108 2
105 107 1435 1228 142 1696 1355 135 1474 1144 106 103 3
101 111 1419 1228 126 1068 810 135 747 557 106 104 4
109 109 117 129 126 110 123 119 130 120 104 106 5
103 106 1384 1674 126 720 765 119 747 760 118 107 6
102 106 1261 1440 126 605 667 119 450 456 106 103 7
111 110 117 172 142 118 155 135 162 152 134 109 8
99 109 107 113 126 837 953 119 765 904 134 110 9
107 106 109 122 126 513 587 119 370 488 107 116 10
106 107 110 113 126 105 107 119 114 106 134 15000 11
Chip#2
116 123 106 104 111 108 110 117 110 114 136 117 0
116 123 108 110 103 104 106 117 110 114 120 123 1
116 123 111 126 110 115 110 117 126 130 120 118 2
116 123 111 99 107 795 693 117 734 738 120 106 3
116 107 109 104 113 495 437 117 487 456 120 108 4
116 123 111 105 104 113 112 117 110 114 120 101 5
116 107 183 174 114 841 725 117 702 845 120 108 6
116 107 167 158 115 531 453 117 430 506 120 105 7
132 123 105 126 113 106 106 117 126 130 120 108 8
116 123 167 158 104 191 172 117 142 162 120 104 9
116 123 167 158 108 159 150 117 126 146 120 111 10
116 107 102 104 103 106 102 117 110 114 120 15000 11
Chip#3
122 128 122 121 122 136 127 116 158 130 132 146 0
106 112 122 121 106 136 127 116 142 130 132 130 1
122 128 122 121 122 152 127 116 142 130 148 130 2
122 128 122 121 122 136 143 116 142 130 132 130 3
122 128 122 121 122 136 127 132 142 130 148 146 4
106 128 122 121 122 136 127 116 142 130 132 130 5
122 128 138 137 122 152 143 132 158 130 148 130 6
122 128 122 121 122 136 127 116 142 130 132 130 7
122 128 138 137 122 152 143 132 158 130 148 146 8
106 128 122 121 106 136 127 116 142 114 132 130 9
122 128 122 137 122 152 127 116 158 130 132 130 10
122 112 122 121 122 136 127 116 142 130 132 15000 11
Chip#4
98 96 105 97 98 94 95 99 101 91 95 98 0
102 96 89 100 105 100 103 102 105 112 104 100 1
93 96 89 94 95 92 91 96 101 92 99 93 2
105 112 105 105 104 104 100 104 107 112 109 98 3
104 112 89 100 102 103 97 105 105 112 102 103 4
103 112 105 106 106 103 104 110 111 128 108 102 5
96 96 89 100 102 101 92 103 103 9 100 98 6
96 112 105 93 95 96 92 97 98 92 96 95 7
109 112 105 108 106 107 103 109 108 128 106 107 8
102 112 105 104 99 98 98 102 101 96 100 103 9
105 112 105 97 104 97 101 102 105 96 104 104 10
105 96 89 102 96 97 97 107 101 112 106 15000 11
Chip#1
131 137 109 113 126 104 123 119 114 110 134 126 0
131 107 101 113 126 100 107 119 114 99 107 113 1
110 106 107 113 126 112 123 119 130 120 106 104 2
109 115 1451 1243 126 1712 1355 119 1490 1144 118 107 3
105 110 1435 1242 126 1079 827 135 750 563 108 103 4
106 113 118 129 126 116 123 135 130 115 107 106 5
110 121 1419 1690 126 720 768 119 750 776 134 111 6
98 110 1271 1448 126 608 667 119 450 472 107 99 7
106 104 110 113 110 114 123 119 130 136 104 102 8
101 99 102 113 126 838 954 119 765 904 134 103 9
108 106 104 122 142 511 587 135 386 488 134 116 10
107 106 108 113 110 106 107 119 114 102 134 15000 11
Chip#2
116 123 109 99 104 101 107 133 110 114 120 110 0
116 107 105 101 104 107 106 101 110 114 120 117 1
132 123 112 126 111 114 117 133 126 130 136 118 2
132 123 109 101 114 805 709 133 734 747 120 109 3
116 123 113 104 110 514 437 133 487 457 120 101 4
116 123 117 126 110 115 117 133 126 130 136 104 5
132 123 199 174 117 841 725 133 718 850 136 109 6
116 123 167 158 107 525 453 117 430 502 120 101 7
116 123 106 105 105 106 109 133 126 114 120 104 8
116 107 167 158 107 175 181 117 142 146 120 105 9
116 123 167 158 107 175 149 133 142 146 120 105 10
116 123 114 126 108 108 109 117 110 114 120 15000 11
Chip#3
122 128 138 121 122 136 127 116 158 130 148 146 0
122 112 122 121 106 136 127 116 142 114 132 130 1
122 112 122 121 106 136 127 116 142 114 132 130 2
106 112 122 121 106 136 127 116 142 114 132 130 3
122 128 122 121 122 152 143 116 142 130 148 146 4
106 112 122 121 106 136 127 116 142 114 132 130 5
122 112 122 121 106 136 127 116 142 130 132 130 6
122 128 122 121 106 136 127 116 142 114 132 130 7
106 112 122 121 106 120 127 116 126 114 116 114 8
122 128 138 121 122 136 127 116 142 130 148 130 9
138 128 138 137 122 152 143 132 158 130 148 130 10
122 112 122 121 106 136 127 116 142 130 132 15000 11
Chip#4
101 112 105 104 98 99 97 101 104 112 98 100 0
97 112 89 98 96 93 94 100 99 112 97 95 1
104 128 121 103 102 93 104 103 103 128 104 99 2
97 112 105 93 95 98 93 97 99 96 99 93 3
102 112 105 104 99 105 97 105 105 112 100 102 4
108 128 121 108 105 102 104 112 107 128 107 105 5
104 112 105 104 100 104 104 102 106 112 106 100 6
96 112 105 98 94 94 95 99 98 112 94 97 7
100 112 105 98 98 97 98 103 100 112 98 98 8
103 128 121 102 102 102 103 103 105 128 102 105 9
105 112 105 103 102 103 103 101 100 112 96 98 10
101 112 105 103 99 97 96 99 102 112 101 15000 11
Chip#1
131 121 106 113 110 101 107 119 114 105 134 120 0
131 113 100 113 110 104 107 119 114 103 104 116 1
115 116 118 122 126 120 139 135 146 152 134 111 2
114 113 1467 1248 126 1712 1355 135 1490 1160 118 111 3
103 109 1419 1242 126 1079 810 135 750 569 118 101 4
106 137 117 145 126 108 139 135 146 116 108 107 5
105 113 1399 1686 142 736 764 135 748 776 106 107 6
102 107 1276 1456 126 610 667 119 450 472 106 98 7
102 105 109 129 126 117 123 135 146 136 104 103 8
106 107 107 113 126 836 961 119 766 904 118 110 9
103 105 101 113 126 511 587 119 370 472 106 109 10
106 113 107 113 110 110 107 119 114 105 134 15000 11
Chip#2
116 123 109 101 105 104 105 133 126 114 136 113 0
116 123 111 110 110 108 106 117 110 114 120 119 1
132 123 111 104 105 117 113 133 126 130 136 117 2
116 123 113 103 110 804 709 133 734 742 120 106 3
116 123 109 101 108 495 437 117 487 455 120 100 4
116 123 106 104 105 111 113 117 110 130 120 98 5
132 139 199 190 120 847 741 133 734 866 136 112 6
116 123 167 158 114 524 453 117 446 502 120 101 7
116 123 116 126 115 111 116 117 110 114 120 112 8
132 123 183 174 123 191 197 133 158 162 136 108 9
116 123 167 158 117 175 158 133 142 146 120 109 10
116 107 108 97 100 97 100 117 110 114 120 15000 11
Chip#3
106 112 122 121 106 136 127 116 142 114 132 130 0
122 112 122 105 106 120 127 116 126 114 132 130 1
106 112 122 121 106 136 127 116 142 114 132 114 2
106 112 122 121 106 120 127 116 142 114 132 114 3
122 112 122 121 106 136 127 116 126 114 132 130 4
122 128 138 137 122 152 143 132 158 130 148 146 5
122 112 122 121 106 136 127 116 142 114 132 130 6
122 128 122 137 122 136 143 132 142 130 148 146 7
138 128 138 137 122 152 143 132 158 130 148 146 8
122 112 122 121 106 136 127 116 126 114 132 130 9
122 128 122 121 122 152 143 132 158 130 148 130 10
122 128 138 121 122 152 143 116 142 130 148 15000 11
Chip#4
111 112 105 105 106 104 105 108 111 112 113 106 0
107 112 89 106 106 105 101 109 112 112 106 105 1
104 112 105 102 107 103 101 103 107 112 104 100 2
101 112 89 100 102 98 100 103 106 112 102 99 3
99 112 105 97 99 96 97 102 99 112 95 96 4
107 112 105 103 102 105 104 107 107 112 105 104 5
101 128 105 99 100 99 98 103 103 128 102 100 6
97 112 105 100 101 100 97 102 102 112 104 100 7
101 112 105 103 101 99 99 106 106 112 106 99 8
109 112 105 104 105 103 103 108 108 112 108 109 9
108 112 105 109 107 107 105 112 114 112 112 110 10
102 112 105 102 102 99 100 101 102 112 104 15000 11
Chip#1
131 113 106 113 110 104 107 119 114 101 134 120 0
131 111 102 113 126 106 107 119 114 96 103 114 1
110 109 113 122 126 117 123 119 130 136 118 111 2
110 121 1467 1249 126 1728 1371 135 1506 1160 134 110 3
106 114 1435 1250 126 1095 827 135 755 570 108 110 4
109 116 123 129 126 115 123 135 130 136 134 111 5
115 121 1419 1693 142 720 768 135 754 776 134 115 6
103 110 1277 1463 142 608 667 135 466 472 134 107 7
99 107 109 113 126 121 123 119 130 136 104 104 8
106 111 111 113 126 848 956 119 769 904 118 110 9
103 111 101 113 126 516 571 119 370 472 118 111 10
102 111 105 113 126 107 107 119 114 102 134 15000 11
Chip#2
116 107 100 99 104 94 101 117 110 100 120 108 0
116 107 105 101 108 100 106 117 110 114 120 119 1
116 123 109 100 107 110 111 133 110 114 120 112 2
116 123 103 105 108 803 693 117 734 740 120 105 3
116 123 111 104 108 495 437 117 478 453 120 104 4
116 123 116 126 115 118 116 117 110 130 120 106 5
116 123 199 174 114 837 725 133 718 843 136 106 6
116 107 167 142 111 525 453 117 430 500 120 97 7
116 107 108 110 110 110 110 117 110 114 104 108 8
116 107 167 158 107 175 181 117 142 146 120 101 9
116 123 167 142 108 159 148 117 142 146 120 108 10
116 123 109 110 105 108 105 117 110 114 120 15000 11
Chip#3
106 112 122 121 106 136 111 116 142 114 132 130 0
122 112 122 121 106 136 127 116 142 114 132 130 1
122 128 122 121 122 136 127 132 142 130 132 130 2
122 112 122 121 106 136 127 116 142 114 116 114 3
122 128 122 121 106 136 127 116 142 114 132 130 4
122 128 138 137 122 136 127 116 142 130 148 130 5
106 112 122 121 106 120 111 116 126 114 116 114 6
122 128 122 121 106 136 111 116 126 114 132 114 7
122 128 122 121 106 136 127 116 142 114 132 130 8
106 112 122 121 106 120 111 116 126 114 132 114 9
122 128 122 121 122 136 127 116 142 114 148 130 10
106 112 122 121 106 120 111 116 126 114 132 15000 11
Chip#4
96 112 105 97 94 93 95 99 98 112 100 99 0
105 112 105 103 102 104 99 107 108 112 105 104 1
97 112 105 98 100 97 93 101 99 112 100 99 2
102 112 105 104 102 99 97 103 102 112 100 102 3
97 112 89 97 95 91 91 99 97 96 97 93 4
100 128 105 102 100 99 101 102 101 128 99 100 5
109 112 105 112 111 108 105 109 111 112 108 107 6
97 96 105 98 94 94 96 96 101 94 100 97 7
106 112 105 104 102 103 104 108 107 112 104 104 8
100 112 121 102 99 98 99 103 105 128 100 103 9
93 96 89 95 94 96 92 96 98 95 93 98 10
103 112 105 100 100 100 97 102 103 128 101 15000 11
Chip#1
147 137 105 122 126 100 123 119 130 105 150 124 0
131 109 100 113 110 100 107 103 114 103 107 111 1
114 109 113 113 126 117 123 119 130 136 118 110 2
105 110 1483 1250 126 1728 1387 135 1506 1176 134 106 3
102 111 1435 1254 126 1087 827 119 765 573 118 111 4
102 110 110 129 126 110 123 119 130 114 104 106 5
93 101 1392 1685 126 704 754 119 747 760 103 102 6
94 105 1269 1459 126 596 667 119 450 472 99 98 7
101 105 108 113 126 117 123 119 130 136 107 108 8
103 105 107 113 126 834 958 119 761 904 118 108 9
106 107 107 113 110 517 571 119 370 472 118 116 10
105 109 102 122 126 103 123 119 130 105 134 15000 11
Chip#2
132 123 114 126 114 110 112 133 110 130 136 115 0
116 123 109 110 111 113 112 117 126 114 136 122 1
132 123 112 126 113 115 117 133 126 130 136 117 2
116 123 111 103 114 803 709 133 734 742 120 112 3
132 123 124 126 118 514 437 133 487 460 136 109 4
116 123 108 100 104 107 104 133 126 130 100 96 5
116 123 183 174 117 831 725 117 702 837 120 105 6
132 123 167 158 108 527 453 133 446 499 120 98 7
116 123 103 101 105 107 102 117 110 114 103 102 8
116 123 167 158 107 175 170 117 142 146 120 98 9
116 123 167 158 105 159 150 117 142 146 120 104 10
116 107 109 104 110 106 106 117 110 114 120 15000 11
Chip#3
122 112 122 105 122 120 127 116 126 114 132 130 0
122 112 122 121 106 136 127 116 142 114 132 130 1
122 112 122 121 122 136 127 116 142 130 132 114 2
122 112 122 121 122 136 127 116 142 130 132 114 3
122 128 122 121 122 136 127 116 142 114 148 130 4
122 128 122 121 122 136 127 116 142 114 132 130 5
106 112 122 121 106 120 127 100 126 114 132 114 6
122 128 122 121 122 136 127 116 142 114 132 130 7
122 128 122 121 122 136 127 116 142 114 132 130 8
122 128 122 121 106 136 143 116 142 130 132 130 9
122 128 138 121 122 152 143 116 158 130 148 130 10
122 128 122 121 122 136 127 116 142 114 148 15000 11
Chip#4
110 128 105 109 105 103 121 107 111 128 106 109 0
102 112 105 104 102 100 105 106 102 112 102 104 1
100 112 105 103 99 99 103 102 104 112 101 104 2
106 112 105 104 101 102 105 104 102 112 106 100 3
98 112 89 96 96 96 96 100 98 112 99 100 4
102 112 105 104 101 99 101 102 102 112 99 102 5
110 112 105 109 111 107 105 111 111 112 111 106 6
104 112 105 105 101 99 97 102 104 112 104 103 7
102 128 121 104 101 104 104 109 105 128 101 107 8
104 112 105 102 100 94 98 104 104 112 102 102 9
108 112 105 105 105 100 121 109 108 128 105 109 10
93 112 105 95 96 94 91 95 98 96 98 15000 11
Chip#1
131 115 104 113 110 101 107 119 114 105 134 124 0
131 111 105 113 126 105 107 119 114 104 118 118 1
111 114 111 122 126 115 123 119 146 136 118 113 2
110 115 1467 1261 142 1728 1371 135 1515 1176 134 108 3
109 121 1435 1257 142 1090 827 135 761 579 134 110 4
101 110 114 129 126 114 123 119 130 115 108 104 5
102 111 1401 1691 142 720 764 119 747 760 107 106 6
102 110 1277 1467 126 614 651 119 450 456 108 106 7
96 96 99 113 110 110 123 119 130 115 98 98 8
101 109 107 113 126 839 958 119 765 904 134 107 9
105 110 104 113 126 514 571 119 370 472 134 116 10
107 109 105 113 126 109 107 119 114 104 134 15000 11
Chip#2
116 107 109 110 111 106 109 117 110 114 120 112 0
132 123 102 100 105 104 103 133 110 114 136 115 1
116 123 111 100 105 108 112 117 110 114 120 109 2
132 123 108 103 117 804 709 133 734 737 136 109 3
116 123 119 104 114 495 437 133 487 456 120 106 4
116 123 108 101 104 113 113 117 126 130 120 100 5
116 123 199 174 117 835 725 133 718 850 120 108 6
116 123 167 142 107 520 437 117 430 502 120 102 7
132 123 112 126 117 111 114 133 126 130 136 108 8
116 107 167 158 107 175 181 117 142 146 104 100 9
116 123 167 158 113 159 160 117 142 146 120 109 10
116 107 103 103 110 103 106 117 110 114 120 15000 11
Chip#3
122 112 122 105 106 136 127 116 142 114 132 130 0
122 112 122 121 106 136 127 116 126 114 132 114 1
122 128 122 121 122 120 127 116 126 114 132 114 2
106 112 122 121 106 120 127 116 142 114 132 114 3
122 128 122 121 122 136 127 116 142 130 148 130 4
106 112 122 121 106 136 127 116 126 114 132 130 5
122 128 138 137 122 152 143 132 158 130 148 130 6
122 128 138 121 122 136 127 116 126 130 132 130 7
122 128 122 137 122 136 143 116 142 114 132 146 8
122 128 138 121 122 136 127 116 142 130 148 130 9
122 128 122 121 122 136 127 116 142 114 132 130 10
122 112 138 121 106 136 127 116 142 130 132 15000 11
Chip#4
99 112 105 98 100 96 91 96 101 112 97 93 0
98 112 89 102 99 97 98 97 100 112 100 98 1
106 112 105 110 106 102 105 105 105 112 107 109 2
104 128 105 103 101 98 101 103 104 128 102 99 3
103 128 121 106 111 106 102 108 112 128 109 105 4
102 112 105 108 105 100 101 108 103 112 104 102 5
102 112 105 104 102 98 98 103 105 112 104 98 6
105 112 105 105 104 104 101 99 107 112 104 103 7
106 112 105 106 104 102 104 109 107 112 106 105 8
101 112 105 99 101 100 99 101 104 112 99 102 9
96 96 89 93 95 93 90 95 97 95 91 98 10
106 112 105 105 104 102 99 103 105 112 101 15000 11
Chip#1
131 137 106 113 126 105 123 119 114 109 134 130 0
131 108 101 113 126 98 123 119 114 101 106 116 1
109 106 110 113 126 110 123 119 130 116 106 106 2
115 137 1483 1259 126 1728 1387 135 1515 1192 134 111 3
103 109 1435 1247 126 1083 827 119 756 575 104 106 4
106 111 114 129 126 114 123 119 130 120 108 107 5
107 116 1435 1698 142 720 765 135 748 776 134 109 6
101 107 1286 1472 142 606 667 119 450 456 107 110 7
114 115 123 129 126 129 139 119 146 136 134 122 8
98 101 99 113 110 832 949 119 755 904 107 103 9
110 111 111 122 126 514 587 135 386 488 134 114 10
102 107 100 113 126 101 107 119 114 100 134 15000 11
Chip#2
116 123 109 104 107 103 106 133 110 114 136 117 0
116 107 109 103 108 103 106 117 110 114 120 123 1
116 123 112 126 110 114 114 133 126 114 136 119 2
116 123 117 126 115 801 693 133 718 740 120 109 3
116 123 113 100 107 495 421 133 478 450 120 104 4
116 123 117 126 117 114 117 133 126 130 120 109 5
132 123 199 174 115 826 725 133 718 837 136 106 6
116 123 167 158 121 527 453 133 430 499 120 109 7
116 123 113 126 114 106 110 133 126 114 120 106 8
116 123 167 174 108 175 181 133 142 162 120 106 9
116 123 167 158 113 159 161 133 142 146 120 113 10
116 107 114 104 105 100 103 133 110 114 120 15000 11
Chip#3
106 112 122 121 122 136 127 116 142 130 132 130 0
122 112 122 121 106 120 127 116 126 114 132 130 1
106 112 122 121 106 136 127 116 126 114 132 114 2
106 112 122 121 106 136 127 116 142 114 132 114 3
122 112 122 121 106 136 127 116 142 114 132 130 4
122 128 122 121 122 136 127 116 142 130 132 130 5
122 128 138 137 122 136 127 132 142 130 132 130 6
106 112 106 105 106 120 111 116 126 114 116 114 7
122 112 122 121 106 136 127 116 142 114 132 130 8
106 112 122 121 106 136 127 116 126 114 132 114 9
106 112 122 121 106 136 127 116 126 114 132 114 10
122 128 122 121 106 120 127 116 126 114 132 15000 11
Chip#4
102 112 89 98 99 94 95 102 101 95 98 98 0
110 112 105 110 105 105 105 108 109 112 111 102 1
106 112 105 103 107 104 100 106 105 112 105 100 2
99 112 105 99 96 98 95 101 98 128 100 97 3
103 112 105 102 105 103 101 103 106 128 107 103 4
97 112 105 97 94 94 93 97 97 112 97 97 5
104 128 105 108 101 100 103 110 108 128 108 103 6
98 112 105 99 98 92 96 99 98 96 100 95 7
101 112 105 100 99 99 94 102 102 112 101 99 8
109 128 105 105 106 104 121 108 113 128 113 107 9
99 112 105 100 99 98 96 103 100 112 98 104 10
102 112 105 100 99 96 95 105 100 112 102 15000 11
Chip#1
131 137 110 113 126 108 123 119 114 114 134 146 0
131 116 109 122 126 106 123 119 130 111 108 120 1
115 107 110 113 110 119 123 119 146 136 107 111 2
105 113 1483 1270 126 1728 1387 119 1515 1176 118 110 3
109 111 1451 1261 142 1092 843 135 763 576 134 109 4
98 107 106 113 126 111 123 119 130 109 103 104 5
101 111 1419 1699 142 720 762 135 747 776 106 103 6
98 105 1274 1461 126 602 651 119 434 456 102 99 7
100 104 107 113 126 117 123 119 130 136 104 103 8
101 105 106 113 126 834 956 135 756 904 134 104 9
103 106 106 113 126 518 587 119 386 472 134 111 10
97 97 98 97 110 102 107 103 114 98 108 15000 11
Chip#2
116 123 112 110 108 106 108 117 110 114 120 117 0
116 123 109 105 113 106 104 117 110 114 136 125 1
116 123 108 110 110 113 117 117 126 114 120 117 2
116 123 105 104 108 804 693 117 734 739 120 102 3
116 123 105 103 108 495 418 117 478 450 120 105 4
116 107 113 110 110 115 110 117 110 114 120 101 5
116 107 183 174 115 830 709 117 702 836 120 104 6
116 107 167 158 107 515 437 117 430 494 102 101 7
116 107 100 105 110 101 105 117 110 98 103 100 8
116 107 167 174 113 175 181 117 142 146 120 110 9
116 107 151 142 104 148 152 117 126 146 120 104 10
116 123 109 99 105 100 102 133 110 114 120 15000 11
Chip#3
122 128 122 121 122 136 127 116 142 130 132 130 0
122 128 122 121 122 136 127 116 142 130 148 130 1
122 112 122 121 106 120 111 116 126 114 116 114 2
122 112 122 121 106 120 127 116 126 114 132 114 3
122 128 138 121 122 136 127 132 142 130 132 130 4
122 128 138 121 122 136 127 116 126 130 132 130 5
106 112 122 121 106 120 127 116 126 114 102 114 6
106 112 122 105 106 120 111 100 126 114 116 114 7
122 112 122 121 106 120 127 116 126 114 132 130 8
106 112 122 121 106 120 127 116 126 114 132 114 9
122 112 122 121 106 136 127 116 126 114 132 114 10
106 112 106 105 90 120 111 116 126 114 132 15000 11
Chip#4
106 128 121 102 101 99 98 104 103 128 101 102 0
102 112 105 96 94 96 96 100 98 112 100 100 1
109 128 105 106 110 109 121 107 113 128 107 109 2
104 112 89 103 99 98 97 102 102 112 102 100 3
104 112 105 102 101 100 98 103 104 112 99 104 4
110 112 105 110 106 108 104 104 113 128 111 106 5
103 112 105 106 100 99 100 102 102 128 101 97 6
104 112 105 105 101 99 99 105 106 112 101 102 7
104 112 89 99 99 102 97 103 101 112 105 102 8
100 112 105 103 96 97 97 103 102 128 98 102 9
103 112 105 98 96 93 99 103 99 112 99 105 10
104 96 89 98 100 99 98 97 98 9 100 15000 11
Chip#1
147 114 106 122 126 105 123 119 130 106 134 124 0
131 115 104 113 126 103 123 119 130 106 134 114 1
131 113 123 122 126 127 123 119 146 136 118 116 2
105 110 1467 1270 126 1728 1371 119 1506 1176 118 104 3
103 110 1451 1270 126 1089 827 135 755 571 107 106 4
106 107 118 113 126 115 107 119 130 116 107 106 5
111 121 1419 1705 142 720 759 135 748 776 118 111 6
105 110 1283 1471 126 608 651 119 450 456 118 104 7
103 105 110 113 126 117 123 119 146 136 118 106 8
103 103 103 113 126 833 953 119 760 904 134 104 9
98 97 97 113 110 512 571 119 370 472 100 106 10
109 110 105 113 126 111 123 119 114 111 134 15000 11
Chip#2
116 123 100 101 104 99 98 117 126 114 136 110 0
116 123 106 110 108 106 105 117 110 114 120 123 1
116 123 106 110 114 118 120 117 126 130 120 122 2
132 123 108 105 110 807 709 133 734 741 136 109 3
116 107 106 103 107 495 420 117 478 450 104 102 4
116 107 108 110 105 108 109 117 110 114 101 98 5
116 107 183 174 114 829 725 117 718 833 120 104 6
116 123 183 158 114 526 453 117 446 498 120 105 7
116 107 103 103 111 101 105 117 110 114 120 101 8
116 123 167 174 107 175 197 117 142 162 120 102 9
116 107 151 142 114 159 157 117 126 146 120 109 10
116 107 103 104 105 103 105 117 110 114 120 15000 11
Chip#3
122 128 122 121 122 136 127 116 142 114 132 130 0
106 112 122 105 106 120 111 100 126 114 132 114 1
122 112 122 121 106 136 127 116 126 114 132 114 2
122 112 122 121 122 136 127 116 142 114 132 114 3
106 112 122 105 106 120 111 116 126 114 132 114 4
122 112 122 121 106 136 127 116 126 130 132 130 5
122 112 138 121 106 136 127 116 142 114 132 114 6
106 128 122 121 106 136 127 116 126 114 132 114 7
122 112 122 121 106 120 127 116 142 130 132 130 8
122 112 122 121 106 136 127 116 126 114 132 130 9
122 128 122 121 122 136 127 116 142 130 132 130 10
122 112 122 121 106 120 127 116 126 114 132 15000 11
Chip#4
100 112 105 104 102 100 101 102 105 112 105 105 0
97 112 105 97 94 93 97 94 98 112 100 97 1
98 112 89 96 94 94 95 94 100 112 99 93 2
102 112 105 100 102 102 101 103 104 112 104 100 3
109 112 105 112 105 108 105 110 114 112 108 111 4
98 112 105 99 101 99 99 100 101 112 101 102 5
107 112 105 106 104 105 103 107 105 112 104 105 6
107 112 105 105 104 98 101 102 108 112 107 102 7
97 112 89 100 98 97 97 101 105 112 101 102 8
102 112 105 100 101 102 101 102 105 112 108 103 9
106 112 105 105 101 104 105 106 107 112 106 110 10
98 112 89 96 94 90 92 100 98 112 98 15000 11
