Chip#3
42 128 186 153 0 120 95 52 110 210 164 34 0 50
42 128 186 153 0 120 95 68 126 210 164 34 1 0
26 112 170 153 0 120 95 52 110 194 148 34 2 0
42 128 186 169 0 136 95 68 126 226 164 50 3 0
42 128 186 169 0 136 95 68 126 210 164 34 4 0
26 128 170 153 0 120 95 52 126 210 164 34 5 0
42 128 170 153 0 120 95 52 110 210 164 34 6 0
26 128 170 137 0 120 95 52 110 194 164 34 7 0
26 112 170 153 0 120 79 52 126 194 148 34 8 0
58 144 186 169 0 136 111 68 142 226 180 50 9 0
26 112 170 137 0 120 95 52 110 194 148 18 10 0
42 128 186 153 0 136 95 68 126 210 164 15000 11 0
Chip#3
26 128 170 153 0 120 95 52 110 210 164 34 0 53
42 128 170 153 0 120 95 52 110 210 164 34 1 0
26 112 170 137 0 120 79 52 110 194 148 34 2 0
42 128 186 153 0 136 95 68 126 210 164 50 3 0
42 128 170 153 0 120 95 52 110 210 164 34 4 0
42 128 186 153 0 136 95 68 126 194 164 34 5 0
42 128 186 153 0 120 95 68 110 210 164 34 6 0
42 144 186 169 0 136 111 68 126 210 180 50 7 0
42 128 186 153 0 136 95 68 142 210 164 50 8 0
42 128 186 169 0 136 95 68 126 210 180 50 9 0
42 128 186 153 0 136 111 68 126 210 164 50 10 0
42 128 186 153 0 136 111 68 126 210 164 15000 11 0
Chip#3
42 128 186 153 0 120 111 68 126 226 164 50 0 54
42 128 186 153 0 120 95 68 126 210 164 34 1 0
42 128 186 153 0 120 111 68 126 210 164 34 2 0
42 128 186 169 0 120 111 68 126 210 164 50 3 0
42 128 170 153 0 120 95 52 110 210 164 34 4 0
26 112 170 153 0 120 95 52 110 194 148 34 5 0
42 128 170 153 0 120 95 68 126 210 164 34 6 0
42 128 186 153 0 120 95 68 126 210 164 34 7 0
42 128 186 153 0 120 95 68 126 210 164 34 8 0
26 112 170 137 0 104 79 52 110 194 148 34 9 0
26 128 170 153 0 120 95 52 110 194 164 34 10 0
42 128 186 153 0 120 95 52 126 210 164 15000 11 0
Chip#3
42 128 170 153 0 120 95 52 110 194 148 34 0 53
42 128 186 153 0 120 95 68 126 210 164 50 1 0
42 128 186 153 0 136 111 68 126 226 164 50 2 0
42 128 186 169 0 136 111 68 126 210 164 50 3 0
42 128 186 169 0 136 111 68 126 210 164 34 4 0
26 128 170 153 0 120 95 52 110 210 164 34 5 0
42 128 186 169 0 136 111 68 126 210 164 34 6 0
26 128 170 153 0 120 95 52 110 210 148 34 7 0
42 128 186 169 0 120 95 68 126 210 164 34 8 0
26 128 170 137 0 120 95 52 126 210 148 34 9 0
42 128 186 153 0 136 95 68 126 210 164 50 10 0
42 112 170 153 0 120 95 52 110 210 164 15000 11 0
Chip#3
42 128 186 153 0 136 95 68 126 210 164 34 0 55
42 128 170 153 0 120 95 52 110 210 164 34 1 0
42 128 186 153 0 120 111 68 126 210 164 34 2 0
42 128 186 169 0 136 95 68 126 210 164 34 3 0
42 128 186 153 0 120 95 52 126 210 164 34 4 0
42 128 170 153 0 120 95 52 126 210 164 34 5 0
26 128 170 153 0 120 95 52 126 210 164 34 6 0
42 128 186 169 0 136 95 68 126 210 164 34 7 0
42 128 186 169 0 120 95 68 126 210 164 34 8 0
42 128 170 153 0 136 95 68 126 210 164 34 9 0
26 128 170 153 0 120 95 52 110 210 164 34 10 0
42 128 186 169 0 136 111 68 126 210 164 15000 11 0
Chip#3
42 128 186 169 0 136 95 68 126 226 164 34 0 55
26 128 170 153 0 120 95 52 110 194 164 34 1 0
58 144 186 169 0 136 111 84 126 210 180 50 2 0
42 128 170 153 0 120 95 68 126 210 164 34 3 0
42 128 170 153 0 120 95 52 126 210 164 34 4 0
42 128 186 153 0 136 95 68 126 210 164 50 5 0
42 128 186 153 0 120 95 68 110 210 164 34 6 0
42 128 170 153 0 120 95 68 126 210 164 34 7 0
42 128 170 169 0 136 95 68 142 226 164 50 8 0
42 128 186 169 0 136 111 68 142 210 164 50 9 0
26 112 170 137 0 120 95 52 110 210 148 34 10 0
26 128 170 153 0 120 95 52 110 194 164 15000 11 0
Chip#3
42 128 186 153 0 136 95 68 126 210 164 34 0 56
42 144 186 153 0 120 95 68 126 210 164 34 1 0
42 128 170 153 0 120 95 68 126 210 164 34 2 0
42 128 186 169 0 136 95 68 126 226 164 50 3 0
42 128 186 153 0 136 95 68 126 210 164 34 4 0
42 128 186 169 0 136 95 68 126 226 180 34 5 0
26 128 170 153 0 120 95 68 126 210 164 34 6 0
26 128 186 153 0 120 95 52 126 210 164 34 7 0
42 144 186 169 0 120 95 68 126 226 164 34 8 0
26 128 186 153 0 120 95 68 126 210 164 34 9 0
42 128 186 153 0 120 95 68 126 210 164 34 10 0
42 128 186 169 0 136 111 68 126 210 164 15000 11 0
Chip#3
42 128 186 153 0 120 95 68 126 210 164 34 0 57
42 128 186 153 0 120 95 68 126 210 164 50 1 0
42 128 186 169 0 120 111 68 126 210 164 34 2 0
42 128 186 153 0 136 95 68 126 210 164 50 3 0
42 128 170 153 0 120 95 68 126 210 164 34 4 0
58 144 186 169 0 136 111 68 142 226 180 50 5 0
42 128 186 153 0 120 95 68 126 210 164 34 6 0
42 128 170 153 0 120 95 52 126 210 148 34 7 0
42 128 186 169 0 136 95 68 126 226 164 50 8 0
42 128 186 169 0 120 95 68 126 210 164 34 9 0
26 128 170 153 0 120 95 68 126 210 164 34 10 0
42 128 170 153 0 120 95 52 110 210 164 15000 11 0
Chip#3
42 128 170 153 0 120 95 68 126 210 164 34 0 57
42 128 170 153 0 120 95 68 126 210 164 34 1 0
42 128 186 169 0 136 95 68 126 210 164 34 2 0
26 112 170 137 0 120 95 52 126 194 148 18 3 0
42 128 170 169 0 120 95 52 126 210 164 34 4 0
26 128 170 153 0 120 95 52 126 210 148 34 5 0
26 128 170 153 0 120 95 52 110 194 148 34 6 0
26 112 170 137 0 104 79 52 110 194 148 34 7 0
26 128 170 153 0 120 95 52 126 210 164 34 8 0
26 128 170 153 0 120 95 52 126 210 164 34 9 0
26 112 170 153 0 120 95 52 110 210 148 34 10 0
26 128 170 153 0 120 95 52 126 194 164 15000 11 0
Chip#3
42 128 170 153 0 120 95 68 126 210 164 34 0 58
42 144 186 169 0 120 111 68 126 210 164 34 1 0
42 128 186 169 0 120 95 68 126 210 164 34 2 0
42 128 186 169 0 120 95 68 126 210 164 50 3 0
42 128 170 153 0 120 95 52 126 210 164 34 4 0
42 128 170 153 0 120 95 52 126 210 164 34 5 0
58 144 186 169 0 136 111 68 126 210 180 50 6 0
42 128 186 153 0 120 95 68 126 210 164 50 7 0
42 128 170 153 0 120 95 52 126 210 164 34 8 0
42 128 186 153 0 136 95 68 126 226 164 50 9 0
26 112 170 153 0 120 95 52 110 210 164 34 10 0
42 128 170 153 0 120 95 52 110 210 164 15000 11 0
Chip#3
42 128 186 153 0 120 95 68 126 210 164 34 0 59
42 128 170 153 0 120 95 68 126 210 164 34 1 0
26 112 170 153 0 120 95 34 110 194 164 34 2 0
42 128 170 153 0 120 95 68 126 210 164 34 3 0
26 112 170 153 0 120 95 52 110 210 164 34 4 0
42 128 170 153 0 120 95 52 126 210 164 34 5 0
42 128 186 153 0 136 111 68 126 210 164 50 6 0
26 128 170 153 0 120 95 52 126 210 164 34 7 0
42 128 170 153 0 120 95 68 126 210 164 50 8 0
42 128 170 153 0 120 95 68 126 210 164 34 9 0
26 112 154 137 0 120 95 52 110 194 148 34 10 0
42 128 170 153 0 120 95 52 110 210 164 15000 11 0
Chip#3
42 128 170 153 0 120 95 52 126 210 164 34 0 59
58 128 186 169 0 136 111 68 126 226 164 50 1 0
42 112 170 153 0 120 95 52 126 210 164 34 2 0
42 128 186 169 0 120 111 68 142 226 164 34 3 0
42 112 170 153 0 120 95 52 126 210 164 34 4 0
42 112 170 153 0 120 95 52 126 210 164 34 5 0
58 144 186 169 0 136 111 68 126 226 164 50 6 0
26 112 170 137 0 104 79 34 110 194 148 18 7 0
26 112 170 153 0 120 95 52 126 210 164 34 8 0
42 128 170 153 0 120 95 68 126 210 164 34 9 0
26 128 170 153 0 120 95 52 126 210 148 34 10 0
42 128 186 153 0 136 95 68 126 210 164 15000 11 0
Chip#3
26 128 170 153 0 120 95 52 126 210 164 34 0 60
42 128 170 153 0 120 95 52 110 210 164 34 1 0
58 128 186 153 0 120 95 68 126 210 164 34 2 0
42 128 186 153 0 120 95 68 126 210 164 34 3 0
42 128 186 153 0 120 95 68 126 226 164 34 4 0
26 128 186 153 0 120 95 52 110 194 164 34 5 0
42 128 186 169 0 120 111 68 126 210 164 50 6 0
42 144 186 169 0 136 111 68 126 210 180 50 7 0
42 128 170 153 0 120 95 52 126 210 164 34 8 0
26 128 170 153 0 120 95 68 126 210 164 34 9 0
26 128 170 153 0 120 95 52 126 210 164 34 10 0
26 112 170 153 0 120 95 52 110 194 148 15000 11 0
Chip#3
42 128 186 153 0 136 95 68 126 226 164 50 0 61
42 128 186 153 0 136 95 68 126 210 164 50 1 0
42 128 186 153 0 136 95 68 126 226 164 50 2 0
42 128 186 153 0 120 95 68 126 210 164 34 3 0
42 144 186 169 0 136 111 68 126 210 164 50 4 0
42 144 186 169 0 136 111 68 126 226 164 50 5 0
42 128 186 153 0 120 95 68 126 210 164 34 6 0
26 128 170 153 0 120 79 52 110 194 148 34 7 0
42 128 186 169 0 136 95 68 126 210 164 34 8 0
42 128 186 153 0 120 95 68 126 210 164 34 9 0
42 128 170 153 0 120 95 68 126 210 164 50 10 0
26 112 170 153 0 120 95 52 110 210 148 15000 11 0
Chip#3
42 128 186 169 0 136 111 68 126 210 180 34 0 62
42 128 186 169 0 136 95 68 126 210 164 50 1 0
42 128 186 169 0 120 95 68 126 210 164 50 2 0
42 128 170 153 0 120 95 68 126 210 164 50 3 0
42 128 170 153 0 120 95 52 126 210 164 34 4 0
42 128 186 169 0 136 111 68 126 226 180 50 5 0
42 128 186 153 0 120 95 68 126 210 164 34 6 0
42 128 170 153 0 120 95 52 126 210 164 34 7 0
42 128 170 153 0 120 95 52 126 210 164 34 8 0
26 112 170 137 0 104 79 52 110 194 148 34 9 0
26 128 170 153 0 120 95 68 110 210 164 34 10 0
26 112 170 153 0 120 95 52 110 194 164 15000 11 0
Chip#3
42 128 186 169 0 136 111 68 126 210 164 34 0 62
42 128 186 153 0 120 95 52 110 210 164 34 1 0
42 128 186 153 0 120 95 68 126 210 164 34 2 0
26 128 170 153 0 104 79 52 110 194 148 18 3 0
42 128 186 153 0 120 95 68 110 210 164 34 4 0
42 112 170 153 0 120 95 52 110 210 148 34 5 0
42 128 170 153 0 120 95 52 110 210 164 34 6 0
42 112 170 153 0 120 95 52 110 210 164 34 7 0
42 128 186 169 0 136 111 68 126 210 164 50 8 0
42 128 186 153 0 120 95 52 126 210 164 34 9 0
42 128 186 153 0 120 95 68 126 210 164 34 10 0
26 112 170 137 0 104 95 52 110 194 148 15000 11 0
Chip#3
26 112 170 153 0 104 95 52 110 210 148 34 0 63
26 112 170 137 0 120 95 52 110 194 148 34 1 0
42 128 186 153 0 120 95 68 126 210 164 34 2 0
42 144 186 169 0 136 95 68 126 210 164 34 3 0
26 112 170 153 0 120 79 52 110 210 164 34 4 0
42 128 186 153 0 120 95 68 110 210 164 50 5 0
42 128 170 153 0 120 95 52 126 210 164 34 6 0
42 128 186 153 0 120 95 68 126 210 180 34 7 0
42 128 170 153 0 120 95 52 126 210 164 34 8 0
42 144 186 169 0 136 111 68 126 210 164 34 9 0
26 128 170 153 0 120 95 52 110 210 164 34 10 0
42 128 170 153 0 120 95 68 126 210 164 15000 11 0
Chip#3
26 128 170 153 0 120 95 52 110 210 148 34 0 64
58 144 186 169 0 136 111 84 142 226 180 50 1 0
42 128 186 169 0 136 111 68 126 210 180 50 2 0
42 144 186 169 0 120 111 68 126 210 164 50 3 0
42 128 170 153 0 120 95 68 110 210 164 34 4 0
42 128 170 153 0 120 95 68 126 210 164 34 5 0
42 112 170 153 0 120 79 52 110 210 164 34 6 0
42 128 186 153 0 120 95 52 126 210 164 34 7 0
42 128 170 153 0 120 95 68 126 210 164 34 8 0
26 128 170 153 0 120 95 52 110 210 164 34 9 0
42 128 170 153 0 120 95 52 110 210 164 34 10 0
26 112 170 137 0 120 79 33 110 194 148 15000 11 0
Chip#3
42 128 170 153 0 120 95 68 126 210 164 34 0 64
42 128 186 153 0 120 111 68 126 210 164 34 1 0
42 144 186 169 0 136 111 68 142 210 180 50 2 0
42 128 186 153 0 120 95 68 126 210 164 34 3 0
26 112 170 153 0 120 79 52 110 210 164 34 4 0
42 128 186 153 0 120 111 68 126 210 164 50 5 0
42 112 170 153 0 120 95 52 110 210 164 34 6 0
42 128 170 153 0 120 95 68 126 210 164 34 7 0
42 128 170 169 0 120 95 52 126 210 164 34 8 0
26 128 170 153 0 120 95 52 110 210 164 34 9 0
42 128 170 153 0 120 95 52 110 210 164 34 10 0
42 128 170 153 0 120 95 52 110 210 164 15000 11 0
Chip#3
42 128 170 153 0 120 95 68 126 210 164 34 0 65
42 128 170 153 0 120 95 52 110 210 164 34 1 0
42 128 170 153 0 120 95 52 110 210 164 34 2 0
42 128 170 153 0 120 95 52 126 210 164 34 3 0
42 128 170 153 0 120 95 68 126 210 164 34 4 0
26 112 170 153 0 120 95 52 110 194 148 34 5 0
26 128 170 153 0 120 95 52 110 210 164 34 6 0
42 144 186 169 0 136 111 68 126 226 180 50 7 0
42 128 186 169 0 120 95 52 126 210 164 34 8 0
58 128 186 169 0 136 111 68 142 226 180 50 9 0
42 128 186 169 0 120 95 68 126 210 164 50 10 0
42 128 186 153 0 120 95 68 126 210 164 15000 11 0
Chip#3
58 144 186 169 0 136 111 68 142 210 180 50 0 66
42 128 170 153 0 120 95 52 110 210 164 34 1 0
42 128 170 153 0 120 95 52 110 210 148 34 2 0
42 128 170 153 0 120 95 52 126 210 164 34 3 0
42 128 170 153 0 120 95 52 126 210 164 34 4 0
42 128 170 153 0 120 95 68 126 210 164 34 5 0
42 128 186 153 0 120 95 68 126 210 164 50 6 0
26 112 170 153 0 120 95 52 110 194 148 34 7 0
42 112 170 153 0 120 95 52 126 210 148 34 8 0
26 112 170 153 0 120 95 52 110 194 148 34 9 0
42 128 186 153 0 120 95 68 126 210 164 50 10 0
26 112 170 137 0 104 95 52 110 194 148 15000 11 0
Chip#3
42 128 186 153 0 120 95 68 126 210 164 34 0 67
42 128 170 153 0 120 95 68 126 210 164 34 1 0
42 128 186 153 0 120 95 68 126 210 164 34 2 0
42 128 170 153 0 120 95 52 126 210 164 34 3 0
42 112 170 153 0 120 95 52 110 210 164 34 4 0
42 128 170 153 0 120 95 68 110 210 164 34 5 0
42 112 170 153 0 120 95 52 110 210 164 34 6 0
42 128 170 153 0 120 95 52 110 210 164 34 7 0
42 112 170 153 0 120 95 68 126 210 164 34 8 0
42 128 186 153 0 136 111 68 126 210 164 34 9 0
42 128 186 153 0 136 95 68 126 226 164 50 10 0
42 128 186 169 0 120 95 52 126 210 164 15000 11 0
Chip#3
42 128 170 153 0 120 111 52 126 210 164 34 0 67
42 128 186 153 0 120 95 68 126 210 164 34 1 0
42 128 170 153 0 120 95 52 126 210 164 34 2 0
42 128 186 153 0 120 95 52 126 210 164 34 3 0
42 128 186 169 0 120 95 68 126 226 164 50 4 0
42 128 170 153 0 120 95 68 126 210 164 34 5 0
42 128 170 153 0 120 95 52 110 210 164 34 6 0
26 128 170 137 0 120 95 52 110 210 164 34 7 0
42 128 186 169 0 136 111 68 126 226 164 50 8 0
58 128 186 169 0 136 111 68 126 226 180 50 9 0
42 128 186 153 0 120 95 52 126 210 164 50 10 0
26 112 170 153 0 120 95 52 110 210 164 15000 11 0
Chip#3
26 112 170 153 0 120 79 52 110 194 148 34 0 68
42 128 170 153 0 120 95 52 126 210 164 34 1 0
42 128 170 153 0 120 95 52 110 194 164 34 2 0
42 128 186 153 0 120 95 68 126 210 164 34 3 0
42 128 186 169 0 136 95 68 126 210 180 50 4 0
42 128 186 153 0 120 95 52 126 210 164 34 5 0
26 128 170 153 0 120 95 52 126 210 164 34 6 0
42 128 170 153 0 120 95 52 126 210 164 34 7 0
42 112 170 153 0 120 79 52 126 210 164 34 8 0
42 128 170 153 0 120 95 52 126 210 148 34 9 0
26 112 170 153 0 120 79 52 110 194 148 34 10 0
42 128 186 169 0 136 95 68 126 210 164 15000 11 0
Chip#3
42 128 186 153 0 120 95 52 126 210 164 34 0 69
42 112 170 153 0 120 95 52 110 194 148 34 1 0
42 128 186 169 0 136 111 68 126 210 164 34 2 0
42 128 170 153 0 120 95 52 126 210 164 34 3 0
42 128 170 153 0 120 95 52 110 210 164 34 4 0
42 128 170 153 0 120 95 68 110 210 164 34 5 0
42 128 170 153 0 120 95 52 126 210 164 34 6 0
42 128 186 153 0 120 95 68 126 210 164 34 7 0
58 144 186 169 0 136 111 68 142 226 180 50 8 0
42 128 186 153 0 120 95 52 126 210 164 34 9 0
42 144 186 169 0 136 111 68 142 226 180 50 10 0
42 128 186 153 0 120 95 68 110 210 164 15000 11 0
Chip#3
42 128 186 153 0 136 95 68 126 210 164 50 0 69
42 128 170 153 0 120 95 68 126 210 164 34 1 0
42 128 186 169 0 120 95 68 126 210 164 34 2 0
58 128 186 169 0 136 111 68 142 210 164 34 3 0
42 128 170 153 0 120 95 52 126 210 164 34 4 0
42 128 170 153 0 120 95 68 126 210 164 34 5 0
42 128 170 153 0 120 95 52 126 210 164 34 6 0
42 128 186 153 0 120 95 52 126 210 164 34 7 0
42 128 186 169 0 136 111 68 126 210 164 34 8 0
42 128 170 153 0 136 95 68 126 210 164 50 9 0
42 128 170 153 0 120 95 68 126 210 164 34 10 0
42 128 186 153 0 120 95 68 126 210 164 15000 11 0
Chip#3
42 128 186 153 0 136 95 68 126 210 164 50 0 70
42 128 170 153 0 120 95 68 110 210 164 34 1 0
42 128 186 153 0 120 95 68 126 210 164 34 2 0
26 128 170 153 0 120 95 68 110 210 164 34 3 0
42 128 170 153 0 120 95 68 126 210 164 34 4 0
42 128 186 169 0 136 95 68 126 210 180 34 5 0
42 128 186 153 0 120 95 52 110 210 164 34 6 0
58 128 186 169 0 120 95 68 126 226 164 50 7 0
42 144 186 169 0 136 111 68 126 226 164 50 8 0
58 144 186 169 0 136 111 84 142 226 180 50 9 0
42 128 170 153 0 120 95 68 126 210 164 34 10 0
42 128 186 153 0 136 111 52 126 210 164 15000 11 0
Chip#3
42 128 170 153 0 120 95 52 110 194 148 34 0 71
42 128 186 169 0 136 111 68 126 226 180 50 1 0
42 128 186 153 0 136 95 68 126 210 164 34 2 0
42 128 170 153 0 120 95 68 126 210 164 34 3 0
42 128 170 153 0 120 95 52 110 210 164 34 4 0
42 128 186 169 0 136 95 68 126 210 164 50 5 0
26 112 170 137 0 120 95 52 110 194 148 34 6 0
42 128 186 153 0 120 95 68 126 210 164 34 7 0
42 128 170 153 0 120 95 68 126 210 164 34 8 0
42 128 170 153 0 120 95 52 110 194 164 34 9 0
42 128 186 153 0 136 95 68 126 210 164 34 10 0
42 128 186 153 0 120 95 68 126 210 164 15000 11 0
Chip#3
42 128 170 153 0 120 95 68 110 210 164 34 0 72
42 128 186 169 0 136 111 68 126 210 164 50 1 0
26 112 170 153 0 104 95 52 110 194 148 18 2 0
42 128 186 169 0 120 95 68 126 210 164 34 3 0
42 128 186 153 0 136 95 68 126 210 164 34 4 0
42 128 170 153 0 120 95 68 126 210 164 50 5 0
26 112 170 153 0 120 95 52 110 210 164 34 6 0
42 128 170 153 0 120 95 68 110 210 164 34 7 0
42 128 186 169 0 120 95 68 142 226 180 50 8 0
42 128 186 169 0 120 95 68 126 210 164 34 9 0
26 112 170 153 0 120 95 52 110 210 164 34 10 0
26 128 170 153 0 120 95 52 110 210 164 15000 11 0
Chip#3
42 128 186 169 0 136 95 68 126 226 164 34 0 72
26 128 170 153 0 120 95 68 126 210 164 34 1 0
42 128 186 169 0 136 95 68 126 210 164 50 2 0
42 128 170 153 0 120 95 68 126 210 164 34 3 0
26 128 170 153 0 120 95 52 126 210 148 34 4 0
42 128 186 169 0 136 111 68 126 210 180 50 5 0
26 128 170 153 0 120 95 52 110 210 164 34 6 0
42 128 186 169 0 136 95 68 126 210 164 34 7 0
42 128 186 169 0 136 95 68 126 226 164 50 8 0
42 128 186 153 0 120 95 52 126 210 164 34 9 0
26 112 170 153 0 120 95 52 110 210 148 34 10 0
42 128 186 153 0 120 95 52 126 210 164 15000 11 0
Chip#3
42 128 186 153 0 136 95 68 126 210 164 34 0 74
42 128 170 153 0 120 95 52 110 210 148 34 1 0
42 128 170 153 0 120 95 68 110 210 164 34 2 0
58 128 186 169 0 136 111 68 126 226 180 50 3 0
42 128 186 169 0 136 111 68 126 210 164 34 4 0
42 128 170 153 0 120 95 68 110 210 164 34 5 0
42 128 186 153 0 120 95 68 126 210 164 34 6 0
42 128 170 153 0 120 95 52 126 210 148 34 7 0
42 128 170 169 0 120 95 68 126 226 164 34 8 0
42 112 170 153 0 120 95 52 126 210 164 34 9 0
42 128 170 153 0 120 95 68 110 210 164 34 10 0
42 128 170 153 0 120 95 68 110 210 164 15000 11 0
Chip#3
26 112 170 153 0 120 95 52 126 194 148 34 0 74
42 128 186 153 0 120 95 68 126 210 164 34 1 0
42 128 170 153 0 120 95 68 126 210 164 50 2 0
42 128 186 169 0 136 111 68 126 226 164 50 3 0
42 128 186 153 0 120 95 68 126 210 164 34 4 0
26 112 170 153 0 120 95 52 110 194 148 34 5 0
42 128 186 153 0 136 95 68 110 210 164 34 6 0
42 128 170 153 0 120 95 52 126 194 164 34 7 0
42 128 186 169 0 136 95 68 126 210 164 50 8 0
42 128 186 169 0 136 95 68 126 226 180 50 9 0
42 128 170 153 0 120 95 68 126 210 164 34 10 0
42 128 186 169 0 136 95 68 126 210 164 15000 11 0
Chip#3
42 128 186 169 0 120 95 68 126 210 164 50 0 75
42 128 186 153 0 136 95 68 126 210 164 50 1 0
42 112 170 153 0 120 95 52 110 210 148 34 2 0
26 112 170 153 0 120 95 52 110 210 148 34 3 0
42 128 170 153 0 120 95 52 126 210 164 34 4 0
42 128 186 169 0 136 95 68 126 226 164 50 5 0
42 128 170 153 0 120 95 52 126 210 164 34 6 0
42 128 186 153 0 120 95 52 126 210 164 34 7 0
26 128 170 153 0 120 95 52 126 210 164 34 8 0
26 112 170 153 0 120 95 52 110 194 148 34 9 0
42 128 186 153 0 120 95 68 126 210 164 34 10 0
26 128 170 153 0 120 95 52 110 210 164 15000 11 0
Chip#3
42 128 170 153 0 120 95 68 126 210 164 34 0 75
42 128 186 169 0 136 95 68 126 210 164 34 1 0
42 128 186 169 0 136 95 68 126 210 164 50 2 0
58 128 186 169 0 136 111 68 142 226 164 50 3 0
42 128 186 169 0 120 95 68 126 210 164 34 4 0
42 128 186 153 0 120 95 68 126 210 164 34 5 0
42 128 186 169 0 136 111 68 126 210 180 50 6 0
42 128 186 169 0 120 111 68 126 210 164 50 7 0
42 128 170 153 0 120 95 68 126 210 164 34 8 0
42 144 186 169 0 136 111 68 142 226 180 50 9 0
42 128 170 153 0 120 95 52 126 210 164 34 10 0
42 128 170 153 0 120 95 68 126 210 164 15000 11 0
Chip#3
42 128 170 153 0 120 95 52 126 210 164 34 0 76
26 112 170 153 0 120 95 52 110 194 148 34 1 0
42 128 186 153 0 120 95 68 126 210 164 34 2 0
42 128 186 169 0 120 95 68 126 210 180 50 3 0
42 128 186 153 0 120 95 68 126 210 164 34 4 0
42 128 170 153 0 120 95 52 126 210 164 34 5 0
58 128 186 169 0 136 111 68 126 210 180 50 6 0
42 128 186 169 0 136 95 68 126 210 164 34 7 0
42 128 186 169 0 136 111 68 126 210 164 50 8 0
42 128 186 153 0 120 95 68 126 210 164 34 9 0
42 128 186 153 0 120 111 68 126 210 164 34 10 0
42 128 186 153 0 120 95 68 126 210 164 15000 11 0
Chip#3
42 128 186 153 0 136 95 68 126 210 164 34 0 76
58 144 186 169 0 120 111 68 126 226 180 50 1 0
26 128 170 153 0 120 95 52 110 210 148 34 2 0
26 112 170 153 0 120 95 52 110 194 164 34 3 0
42 128 170 153 0 120 95 52 110 210 164 34 4 0
42 128 170 153 0 120 95 52 126 210 164 34 5 0
58 128 186 169 0 136 111 68 126 210 164 34 6 0
42 128 186 169 0 136 111 68 126 226 180 50 7 0
42 128 170 153 0 120 95 52 126 210 164 34 8 0
42 128 186 169 0 120 95 68 126 210 164 50 9 0
42 128 186 169 0 120 111 68 126 210 164 34 10 0
26 128 170 153 0 120 95 52 126 210 164 15000 11 0
Chip#3
26 112 170 153 0 120 95 52 110 210 164 34 0 78
42 128 170 153 0 120 95 52 126 210 164 34 1 0
42 128 170 153 0 120 95 52 126 210 164 34 2 0
42 128 170 153 0 120 95 52 110 210 164 34 3 0
42 128 186 169 0 120 95 68 126 210 164 34 4 0
26 128 170 153 0 120 95 52 110 210 164 34 5 0
42 128 186 153 0 120 95 68 126 210 164 34 6 0
26 128 170 153 0 120 95 52 110 210 164 34 7 0
26 112 170 153 0 120 95 52 126 210 164 34 8 0
42 128 186 153 0 120 95 68 126 226 164 34 9 0
42 128 186 153 0 120 95 68 126 210 164 34 10 0
42 128 170 153 0 120 95 52 110 194 148 15000 11 0
Chip#3
42 128 170 153 0 120 95 68 110 210 164 34 0 78
26 112 170 137 0 120 95 52 110 194 148 34 1 0
58 128 186 169 0 136 111 68 126 226 180 50 2 0
42 128 186 169 0 120 111 68 126 210 164 34 3 0
42 128 186 153 0 120 95 52 126 210 164 34 4 0
58 128 186 153 0 136 111 68 126 226 164 50 5 0
42 128 170 153 0 120 95 52 126 210 148 34 6 0
42 128 170 153 0 120 95 52 110 210 148 34 7 0
42 128 186 169 0 120 95 68 142 210 164 34 8 0
42 128 186 169 0 136 95 68 126 210 164 50 9 0
26 112 170 153 0 120 79 52 110 194 148 34 10 0
42 128 186 169 0 136 111 68 126 226 180 15000 11 0
