Chip#2
68 30 167 46 161 135 149 33 142 98 47 157 0 0
84 35 167 62 161 139 149 34 142 98 51 157 1 0
84 34 183 62 177 138 165 69 158 98 54 173 2 0
84 34 183 142 298 139 165 85 334 130 52 157 3 0
68 31 167 350 369 138 149 117 546 237 48 157 4 0
84 34 183 62 177 141 149 36 174 98 56 157 5 0
84 35 183 62 161 142 165 38 142 114 56 173 6 0
68 35 183 62 161 135 149 37 142 98 55 157 7 0
84 34 183 206 353 139 165 85 487 178 55 173 8 0
84 42 183 206 366 146 165 85 259 146 58 173 9 0
84 28 183 62 161 136 149 33 142 98 47 157 10 0
84 36 167 62 161 142 149 36 142 98 55 15000 11 0
Chip#2
84 34 183 62 161 135 165 34 142 98 55 173 0 0
84 30 183 62 161 135 165 30 158 114 51 173 1 0
68 36 167 46 145 138 149 53 142 98 57 157 2 0
68 28 167 142 241 135 149 69 231 114 52 157 3 0
84 35 183 366 385 142 165 133 622 241 51 173 4 0
68 26 167 62 161 134 149 30 158 98 50 157 5 0
68 21 167 46 161 129 149 26 142 98 43 157 6 0
68 28 167 46 145 136 149 26 142 82 48 157 7 0
84 32 183 190 353 135 149 85 478 162 51 157 8 0
68 26 167 190 289 129 149 69 240 130 46 146 9 0
68 39 167 62 161 139 149 37 142 98 52 157 10 0
84 31 183 62 161 135 149 33 142 98 50 15000 11 0
Chip#2
68 30 183 62 161 134 149 29 142 98 47 173 0 51
84 31 183 62 161 136 149 30 142 98 51 173 1 0
84 32 183 62 177 139 165 36 158 114 52 173 2 0
84 36 183 142 294 138 165 85 334 130 54 173 3 0
68 32 183 366 385 139 165 133 622 237 52 157 4 0
84 34 199 78 177 142 165 37 174 114 59 173 5 0
68 32 167 62 161 134 149 31 142 98 51 157 6 0
68 32 183 46 161 138 149 29 142 98 50 157 7 0
68 32 183 190 353 138 149 85 478 162 48 157 8 0
68 35 183 206 355 135 149 85 246 146 51 157 9 0
68 31 183 62 145 134 149 29 142 98 47 148 10 0
68 27 167 62 161 135 149 31 142 98 50 15000 11 0
Chip#2
84 32 167 46 161 134 149 30 142 98 51 157 0 51
84 35 183 62 161 142 165 34 142 98 55 173 1 0
68 28 183 62 161 135 149 30 142 98 47 157 2 0
68 32 183 142 241 136 149 69 231 130 51 157 3 0
68 28 183 366 369 135 149 133 622 236 52 157 4 0
68 28 183 62 161 134 149 29 158 98 48 157 5 0
68 24 183 46 161 135 149 33 142 98 51 157 6 0
84 31 183 62 161 136 149 31 158 98 51 157 7 0
84 35 183 206 353 138 165 101 478 178 55 173 8 0
68 28 167 190 356 138 149 69 246 146 51 157 9 0
84 32 183 62 161 138 165 31 158 98 48 173 10 0
84 27 167 62 161 138 149 33 142 98 47 15000 11 0
Chip#2
84 34 183 62 161 135 165 33 158 98 54 173 0 51
84 31 183 62 161 141 165 34 158 98 55 173 1 0
84 35 183 62 161 136 149 36 142 98 55 173 2 0
84 28 183 142 241 142 165 85 231 130 54 173 3 0
68 31 183 366 385 138 149 133 622 234 48 157 4 0
84 32 183 62 161 136 149 30 158 98 52 173 5 0
84 32 167 46 161 138 149 34 142 98 51 157 6 0
68 30 183 62 161 134 149 29 142 98 48 157 7 0
84 30 183 206 353 135 149 101 478 178 50 173 8 0
84 36 183 206 362 142 149 85 254 146 58 157 9 0
84 38 183 62 161 135 165 30 142 114 52 173 10 0
84 38 167 62 161 142 149 37 142 98 56 15000 11 0
Chip#2
84 38 183 62 161 136 149 37 142 98 54 173 0 51
84 39 183 62 161 141 149 69 158 98 60 173 1 0
68 28 167 46 161 134 149 31 142 98 50 157 2 0
68 35 183 142 292 139 149 69 234 130 52 157 3 0
68 34 183 366 385 141 149 133 622 241 50 157 4 0
84 36 183 62 161 135 165 37 174 114 52 173 5 0
68 31 167 46 161 138 149 38 142 98 48 157 6 0
68 39 183 62 161 139 149 40 142 98 54 157 7 0
84 39 183 206 353 141 165 101 478 178 59 173 8 0
84 32 183 190 354 135 149 85 246 146 54 157 9 0
84 30 183 62 161 138 165 30 142 114 51 173 10 0
68 27 167 62 161 132 149 30 142 98 44 15000 11 0
Chip#2
84 36 183 62 161 138 149 34 142 98 52 173 0 52
84 31 183 62 161 136 165 31 158 114 51 173 1 0
84 35 183 62 161 141 165 38 158 98 56 157 2 0
84 31 183 142 286 134 149 69 231 130 47 173 3 0
84 35 183 366 369 141 165 133 622 239 56 157 4 0
68 28 167 46 145 132 149 27 158 98 50 145 5 0
68 35 167 62 161 138 149 33 142 98 50 157 6 0
68 30 167 46 161 136 149 36 142 98 52 157 7 0
68 31 183 206 353 141 149 101 478 162 50 173 8 0
68 34 183 206 357 138 149 69 250 146 52 157 9 0
84 38 183 62 161 139 165 34 158 98 51 157 10 0
84 32 183 62 161 132 149 29 158 98 47 15000 11 0
Chip#2
84 38 183 62 161 142 165 33 158 98 59 173 0 52
84 32 183 62 161 139 165 34 142 98 55 173 1 0
68 31 167 46 161 135 149 34 142 98 50 157 2 0
68 28 167 142 289 132 149 69 231 130 47 148 3 0
68 27 167 350 369 132 149 117 622 232 47 148 4 0
84 35 183 78 161 142 165 34 174 114 59 173 5 0
68 27 183 62 161 136 149 37 142 98 47 157 6 0
68 24 167 46 161 128 149 30 142 98 46 148 7 0
68 32 167 190 353 139 149 85 478 162 51 157 8 0
68 31 167 190 355 136 149 69 247 130 48 157 9 0
68 30 167 46 145 134 149 29 142 98 46 157 10 0
84 27 183 62 161 131 149 30 142 98 50 15000 11 0
Chip#2
84 36 183 62 161 145 165 69 142 98 59 173 0 52
84 27 167 62 161 135 149 31 142 98 50 157 1 0
84 30 183 62 161 135 149 27 142 98 51 147 2 0
68 26 167 142 292 135 149 69 231 114 51 157 3 0
68 28 183 366 369 138 149 133 622 241 55 157 4 0
84 30 167 62 161 136 149 27 158 98 52 157 5 0
84 34 183 62 161 139 149 37 142 98 52 157 6 0
84 35 183 62 161 139 149 33 142 98 52 157 7 0
68 26 167 190 337 132 149 85 478 162 50 157 8 0
84 31 183 206 356 136 149 85 350 146 52 157 9 0
68 30 167 46 145 136 149 30 142 98 48 157 10 0
84 32 183 62 161 136 149 36 142 98 48 15000 11 0
Chip#2
84 36 183 62 161 139 149 36 142 98 58 157 0 52
84 31 167 46 161 135 149 30 142 98 48 157 1 0
68 32 167 62 161 136 149 36 142 98 55 157 2 0
68 31 167 142 241 139 149 69 231 114 52 157 3 0
84 31 183 366 385 141 149 133 622 234 52 148 4 0
84 31 183 78 161 132 165 31 174 114 55 173 5 0
84 30 183 62 161 136 165 31 158 114 48 173 6 0
68 31 183 62 161 136 149 33 142 98 51 157 7 0
68 32 183 206 353 135 149 85 478 162 52 173 8 0
84 32 167 206 357 139 149 69 350 146 51 173 9 0
68 36 167 46 161 142 149 37 142 98 55 157 10 0
84 30 167 62 161 134 149 29 142 98 50 15000 11 0
Chip#2
84 34 183 62 161 141 149 37 142 98 54 157 0 53
84 34 183 62 161 141 149 34 142 98 56 157 1 0
68 31 167 46 161 134 149 31 142 98 50 157 2 0
68 26 167 126 292 134 149 69 231 114 47 148 3 0
68 30 183 366 385 141 149 133 622 237 52 157 4 0
84 30 183 62 161 134 149 30 174 98 52 157 5 0
84 31 183 62 161 141 149 38 142 98 54 157 6 0
68 27 183 62 161 136 149 36 142 98 50 157 7 0
84 23 183 206 353 132 165 101 478 178 48 149 8 0
84 38 183 206 361 143 149 85 256 146 56 157 9 0
68 32 183 62 161 135 149 33 142 98 46 157 10 0
68 34 183 62 145 141 149 33 142 98 48 15000 11 0
Chip#2
84 31 167 62 161 135 149 33 142 98 52 157 0 53
84 28 183 62 161 131 149 36 142 98 48 173 1 0
84 31 183 62 161 135 149 38 142 98 51 157 2 0
84 28 167 142 241 138 149 85 231 114 51 173 3 0
84 34 183 366 385 142 149 133 622 238 55 157 4 0
84 26 183 62 161 135 165 31 174 98 46 173 5 0
84 35 183 62 161 141 165 40 142 114 52 173 6 0
68 32 167 46 145 134 149 37 142 98 51 157 7 0
68 28 167 190 353 138 149 85 478 162 54 157 8 0
68 31 167 190 352 135 149 69 241 130 48 149 9 0
68 28 167 46 145 134 149 33 126 98 44 148 10 0
68 24 167 62 161 134 149 31 142 98 44 15000 11 0
Chip#2
84 31 167 62 161 135 165 33 142 98 52 157 0 53
84 27 183 62 161 132 149 31 142 98 48 148 1 0
84 27 167 62 161 132 149 30 142 98 47 148 2 0
84 28 183 142 295 136 165 85 231 130 52 157 3 0
68 28 167 350 369 135 149 117 622 233 46 157 4 0
84 28 183 62 161 138 149 33 174 114 50 157 5 0
68 26 167 46 161 136 149 38 126 98 47 157 6 0
84 35 183 62 177 138 165 38 158 98 54 173 7 0
68 26 167 190 337 134 149 85 478 162 47 157 8 0
68 35 167 206 361 139 149 69 250 146 50 157 9 0
84 32 183 62 161 135 165 31 142 98 48 157 10 0
84 30 183 62 161 138 149 34 142 98 50 15000 11 0
Chip#2
84 28 167 62 161 134 149 34 142 98 50 173 0 53
84 28 167 46 161 135 165 31 142 98 50 173 1 0
68 28 183 62 161 136 165 34 142 98 51 157 2 0
68 26 167 142 286 134 149 69 231 114 43 157 3 0
68 28 183 366 369 135 149 133 622 238 47 157 4 0
84 35 183 62 177 136 165 37 174 114 50 157 5 0
68 30 167 46 161 134 149 33 142 98 50 149 6 0
68 30 167 62 161 136 149 30 142 98 52 157 7 0
84 26 183 206 353 136 165 101 478 178 44 157 8 0
84 30 183 206 356 134 149 85 350 146 51 149 9 0
68 30 167 46 161 132 149 31 142 98 46 148 10 0
84 30 183 62 161 135 165 34 142 98 46 15000 11 0
Chip#2
84 39 183 62 161 141 165 40 158 98 58 173 0 54
84 31 183 62 161 142 165 37 142 98 54 173 1 0
68 32 167 62 161 138 149 37 142 98 51 157 2 0
84 39 167 142 241 139 149 85 231 130 54 157 3 0
84 24 183 366 385 135 165 133 638 236 46 157 4 0
68 35 183 62 161 141 149 37 158 98 52 157 5 0
68 34 167 62 161 135 149 33 142 98 50 157 6 0
84 30 183 62 161 136 165 30 142 98 50 157 7 0
84 30 183 206 353 142 165 101 478 178 52 173 8 0
68 32 167 190 356 139 149 69 248 146 51 157 9 0
68 26 167 46 145 135 149 27 142 98 50 157 10 0
84 34 183 62 177 142 165 36 158 114 52 15000 11 0
Chip#2
68 30 167 46 161 132 149 29 142 98 51 157 0 54
84 32 183 62 161 136 149 34 142 98 54 173 1 0
68 32 167 46 145 135 149 33 142 98 50 157 2 0
68 28 167 126 291 136 149 69 231 114 51 157 3 0
68 31 183 366 385 135 149 133 622 239 52 157 4 0
68 30 167 62 161 136 149 31 174 98 54 157 5 0
84 35 183 62 161 138 149 40 142 98 55 157 6 0
84 31 183 62 161 134 165 31 142 98 50 157 7 0
68 24 183 206 353 131 149 85 478 178 48 148 8 0
84 32 183 206 360 139 165 85 254 146 52 173 9 0
68 28 167 46 145 135 149 37 126 82 50 157 10 0
84 30 183 62 161 135 149 36 142 98 47 15000 11 0
Chip#2
84 31 183 62 161 142 165 33 142 98 51 173 0 54
84 32 167 46 161 139 149 34 142 98 54 157 1 0
68 30 167 62 161 134 149 34 142 98 48 149 2 0
68 28 167 142 290 138 149 69 231 114 52 149 3 0
68 27 167 350 369 134 149 117 622 238 50 157 4 0
68 30 183 62 161 134 149 30 174 98 50 157 5 0
84 30 183 62 161 138 165 38 142 98 51 173 6 0
68 34 167 62 161 141 149 40 142 98 54 157 7 0
84 32 183 206 353 136 149 101 478 178 56 149 8 0
68 32 167 190 355 139 149 69 350 146 52 157 9 0
68 29 167 46 145 131 149 29 126 82 51 157 10 0
68 32 167 46 161 134 149 33 142 98 51 15000 11 0
Chip#2
84 28 183 62 161 138 149 30 142 98 50 157 0 55
84 30 183 62 161 138 165 38 158 114 54 173 1 0
84 34 167 62 161 139 149 36 142 98 51 157 2 0
68 27 167 126 241 134 149 69 231 114 48 157 3 0
84 31 183 366 385 136 165 133 638 238 55 173 4 0
84 32 167 62 161 138 149 31 174 98 50 157 5 0
84 31 183 62 161 143 149 40 142 98 55 157 6 0
68 27 167 46 161 139 149 33 142 98 46 157 7 0
68 31 167 206 353 135 149 85 478 162 47 149 8 0
84 34 183 206 360 139 149 69 252 146 54 157 9 0
84 30 183 62 161 138 149 38 142 98 51 149 10 0
68 27 167 62 145 134 149 26 142 82 46 15000 11 0
Chip#2
84 31 183 62 161 134 149 31 142 98 51 157 0 55
84 38 183 62 161 145 165 36 158 114 60 173 1 0
68 36 183 62 161 135 149 36 142 114 54 157 2 0
68 24 167 142 285 131 149 69 231 130 46 157 3 0
68 34 183 366 385 138 149 133 622 233 51 173 4 0
84 34 183 62 161 134 165 33 174 114 54 173 5 0
84 30 183 62 161 136 149 33 142 98 51 173 6 0
68 24 183 62 161 128 149 27 142 98 46 149 7 0
68 32 183 190 353 142 149 101 487 178 50 157 8 0
84 31 183 206 352 135 165 85 246 146 46 157 9 0
84 36 183 62 161 142 149 36 142 98 54 157 10 0
84 38 183 62 161 142 149 38 142 114 54 15000 11 0
Chip#2
84 31 183 62 161 139 149 29 158 98 50 173 0 56
84 34 183 62 161 141 149 38 142 98 55 157 1 0
68 31 167 62 161 136 149 33 142 98 54 157 2 0
68 28 167 142 291 141 149 69 334 130 51 157 3 0
84 34 183 366 385 142 165 133 638 242 56 173 4 0
84 31 167 62 161 139 149 33 174 98 52 157 5 0
84 35 183 62 161 139 165 36 158 114 48 173 6 0
68 23 183 62 161 134 149 29 142 98 48 157 7 0
84 28 183 206 353 138 165 101 487 178 51 173 8 0
84 31 183 206 359 136 165 85 350 146 52 157 9 0
84 36 183 62 161 143 149 37 142 98 51 157 10 0
84 31 183 62 161 136 149 30 158 98 51 15000 11 0
Chip#2
84 36 167 62 161 142 149 37 142 98 54 157 0 56
68 32 167 46 145 139 149 34 142 98 52 157 1 0
84 36 183 62 161 142 149 40 142 98 55 157 2 0
84 35 183 158 292 139 165 85 238 130 54 173 3 0
68 34 183 366 369 142 149 133 638 239 54 157 4 0
84 35 183 62 161 143 149 38 174 114 60 173 5 0
68 32 167 62 161 138 149 38 142 98 51 157 6 0
68 30 183 62 161 139 149 33 142 98 50 157 7 0
84 35 183 206 369 135 165 101 487 178 52 173 8 0
68 30 167 190 357 139 149 69 251 130 52 157 9 0
84 35 183 62 161 143 165 34 158 98 50 173 10 0
84 26 167 62 161 134 149 30 142 98 46 15000 11 0
Chip#2
68 31 167 46 161 139 149 33 142 98 51 157 0 56
68 34 167 46 161 141 149 37 142 82 55 157 1 0
68 31 167 62 161 135 149 34 142 98 50 157 2 0
68 31 183 142 241 139 165 69 235 130 54 157 3 0
84 38 183 366 385 143 165 133 638 247 58 173 4 0
84 34 183 62 161 141 149 69 174 98 52 173 5 0
68 30 167 62 145 139 149 37 142 98 52 157 6 0
68 36 167 62 161 145 149 38 142 98 55 157 7 0
84 32 183 206 353 142 149 101 478 162 55 157 8 0
84 27 183 206 356 136 165 85 350 146 48 157 9 0
68 31 167 62 161 139 149 33 142 98 46 173 10 0
84 36 183 62 161 142 165 36 158 114 58 15000 11 0
Chip#2
84 32 183 62 161 141 149 40 142 98 56 173 0 57
84 32 183 62 161 135 149 33 142 98 48 173 1 0
84 35 167 62 161 141 149 36 142 98 51 157 2 0
84 30 183 142 241 142 149 69 232 114 52 157 3 0
84 31 183 366 385 143 149 133 638 239 50 173 4 0
68 27 183 62 161 138 149 31 174 98 51 157 5 0
84 34 183 62 161 141 165 69 158 98 59 157 6 0
84 31 183 62 177 138 165 34 158 98 52 173 7 0
84 30 183 206 353 142 149 101 478 178 52 157 8 0
84 28 167 206 357 136 149 69 254 146 54 173 9 0
84 31 183 62 161 139 149 30 142 98 48 157 10 0
84 30 183 62 161 136 165 33 142 98 48 15000 11 0
Chip#2
84 35 183 62 161 145 165 40 142 98 56 173 0 57
68 23 167 62 161 134 149 29 142 98 47 149 1 0
84 32 183 62 161 145 165 38 158 114 55 173 2 0
68 28 183 142 290 136 149 85 231 130 44 157 3 0
84 32 167 366 369 141 149 133 638 239 48 157 4 0
68 35 167 62 145 144 149 38 174 98 54 157 5 0
84 32 183 62 161 134 149 36 142 98 48 173 6 0
68 30 167 62 161 139 149 34 142 98 48 157 7 0
68 30 167 206 353 138 149 85 478 162 52 157 8 0
68 28 167 190 354 136 149 69 248 130 50 157 9 0
68 35 167 46 145 136 149 34 142 98 47 157 10 0
68 30 167 46 161 135 149 36 142 98 51 15000 11 0
Chip#2
84 30 167 62 161 138 149 29 142 98 47 157 0 58
84 30 167 62 161 141 149 37 142 98 52 157 1 0
84 34 167 62 161 141 149 37 142 98 51 157 2 0
84 27 167 142 292 132 149 69 231 114 51 157 3 0
84 27 183 366 369 132 149 133 638 237 48 157 4 0
84 31 183 62 161 136 149 34 174 98 50 157 5 0
84 30 183 62 161 142 165 37 158 114 52 173 6 0
68 26 167 46 161 132 149 29 142 98 47 157 7 0
84 34 183 206 353 145 165 101 487 178 55 173 8 0
84 32 183 206 361 146 149 85 253 146 54 157 9 0
84 38 183 62 161 142 165 40 142 98 54 173 10 0
68 26 167 62 145 134 149 29 126 98 50 15000 11 0
Chip#2
84 31 183 62 161 135 149 31 142 98 48 173 0 58
84 30 183 62 161 141 149 36 142 98 48 157 1 0
84 27 167 62 161 136 149 33 142 98 48 157 2 0
68 31 167 142 292 136 149 69 231 130 47 157 3 0
68 32 183 366 385 142 149 133 555 239 50 157 4 0
84 30 183 78 177 141 165 36 174 114 56 173 5 0
84 34 183 62 161 142 165 37 142 98 48 173 6 0
84 31 183 62 161 136 165 37 158 114 51 173 7 0
84 31 183 206 353 139 165 101 478 178 54 157 8 0
84 35 183 206 359 142 149 85 350 146 48 157 9 0
84 32 183 62 161 143 165 34 158 114 50 173 10 0
68 30 183 62 161 138 149 31 142 98 50 15000 11 0
Chip#2
84 32 167 46 161 138 149 29 142 98 48 157 0 59
68 36 167 46 161 142 149 40 142 98 52 157 1 0
68 28 167 62 161 138 149 34 142 98 50 157 2 0
84 27 167 142 241 138 149 69 231 130 51 157 3 0
84 28 183 366 385 136 149 133 622 238 50 157 4 0
68 32 167 62 161 141 149 30 158 98 50 157 5 0
84 30 183 62 161 134 149 34 142 114 51 157 6 0
84 32 167 62 161 139 149 33 142 98 50 157 7 0
84 31 167 206 353 142 165 101 478 178 52 173 8 0
84 35 183 206 360 135 149 69 247 146 48 157 9 0
68 28 183 62 161 135 165 31 142 98 48 157 10 0
84 34 183 62 161 145 149 34 142 98 52 15000 11 0
Chip#2
68 31 167 46 161 134 149 30 142 98 50 157 0 59
68 27 167 62 161 132 149 33 142 98 48 157 1 0
84 36 183 62 161 139 165 37 158 114 54 173 2 0
68 27 167 126 241 136 149 69 231 114 51 157 3 0
84 31 183 366 385 143 165 133 638 243 55 157 4 0
68 30 183 62 161 145 149 37 174 98 56 157 5 0
84 30 167 62 161 139 149 34 142 98 48 157 6 0
84 30 183 62 161 141 149 34 142 98 48 173 7 0
84 32 183 206 353 139 165 101 487 178 54 173 8 0
84 38 183 206 360 145 149 69 350 146 54 157 9 0
84 34 183 62 161 139 165 37 142 98 58 157 10 0
84 32 183 62 161 138 149 31 142 98 50 15000 11 0
Chip#2
84 38 183 62 177 141 165 85 158 114 54 173 0 59
68 31 167 46 161 134 149 36 142 98 50 157 1 0
84 32 183 62 161 138 149 34 142 98 52 157 2 0
84 36 183 158 298 145 165 85 238 130 54 173 3 0
84 27 183 366 385 138 149 133 638 238 51 157 4 0
84 28 167 62 161 135 149 29 158 98 50 157 5 0
68 21 167 62 145 134 149 29 142 98 43 148 6 0
68 28 167 46 161 135 149 29 142 98 47 157 7 0
84 31 183 206 353 142 165 101 487 178 52 173 8 0
84 32 183 206 360 139 149 85 256 146 54 157 9 0
84 35 183 62 177 139 165 38 158 114 47 173 10 0
84 38 183 62 161 142 165 38 142 98 52 15000 11 0
Chip#2
84 32 183 62 161 135 165 34 142 98 50 173 0 60
68 34 183 46 161 139 149 34 142 98 52 157 1 0
84 30 183 62 161 132 149 33 142 98 51 157 2 0
68 28 183 142 291 138 149 69 231 114 48 157 3 0
84 31 183 366 385 136 165 133 638 241 51 157 4 0
68 31 183 62 161 135 149 34 174 98 52 173 5 0
84 34 183 62 161 145 165 69 158 114 55 173 6 0
68 27 167 62 145 139 149 31 142 98 51 157 7 0
68 31 183 190 353 138 149 85 478 162 51 157 8 0
84 32 183 206 359 143 165 85 350 146 54 173 9 0
84 30 167 46 145 138 149 33 142 98 44 173 10 0
68 23 167 46 145 131 149 29 126 82 42 15000 11 0
Chip#2
84 27 167 62 161 135 149 30 142 98 51 157 0 60
84 31 183 62 177 138 165 36 158 114 50 173 1 0
84 32 183 62 161 139 165 33 158 114 51 173 2 0
68 26 167 142 241 141 149 69 232 114 52 157 3 0
84 26 183 366 385 136 149 133 638 241 47 148 4 0
84 26 183 62 177 136 149 34 174 98 51 157 5 0
84 26 183 46 161 138 149 34 142 98 48 149 6 0
84 42 183 62 161 143 165 38 158 114 56 173 7 0
84 35 183 206 353 145 165 101 478 178 55 173 8 0
84 28 167 206 352 132 165 85 350 146 50 157 9 0
84 32 183 62 161 141 149 40 142 98 54 157 10 0
84 27 167 62 161 141 149 36 142 98 54 15000 11 0
Chip#2
84 27 167 62 161 132 149 26 142 98 46 173 0 61
84 32 183 62 161 141 165 38 142 98 51 173 1 0
84 32 183 62 161 138 149 38 142 98 52 173 2 0
84 30 183 142 295 139 165 85 239 130 50 173 3 0
100 36 199 382 401 143 165 149 638 244 58 173 4 0
84 26 183 62 161 141 149 34 174 98 50 157 5 0
68 32 167 62 145 142 149 40 142 98 54 157 6 0
84 30 183 62 161 138 149 33 142 98 47 157 7 0
84 28 183 206 353 138 165 101 478 178 48 157 8 0
68 28 167 190 289 134 149 69 251 130 51 157 9 0
84 31 167 62 161 135 149 31 142 114 50 157 10 0
84 36 183 62 161 145 165 38 158 114 55 15000 11 0
Chip#2
84 30 167 62 161 136 149 37 142 98 50 157 0 61
84 31 183 62 161 142 165 34 142 98 54 173 1 0
84 36 183 62 161 145 165 69 142 114 55 173 2 0
84 26 167 142 292 135 149 69 231 114 48 157 3 0
84 27 183 382 385 132 165 133 638 242 50 157 4 0
84 35 183 62 161 143 165 38 174 114 56 173 5 0
68 30 167 46 161 136 149 37 142 98 47 157 6 0
68 27 167 62 145 132 149 31 142 98 46 157 7 0
84 32 183 206 353 135 149 85 487 178 51 173 8 0
84 30 183 206 357 139 165 85 350 146 47 173 9 0
84 38 183 62 161 145 165 40 158 114 52 173 10 0
84 31 167 46 161 138 149 31 142 98 50 15000 11 0
Chip#2
84 34 183 62 161 138 149 40 142 98 55 173 0 61
68 32 167 62 161 139 149 37 142 98 54 157 1 0
84 31 183 62 161 139 165 37 142 98 51 173 2 0
68 28 167 142 292 136 149 69 231 114 46 157 3 0
84 30 183 366 385 141 165 133 638 234 50 173 4 0
84 28 183 62 161 136 149 36 174 98 54 173 5 0
68 30 167 62 161 135 149 38 142 98 47 157 6 0
84 34 183 62 177 136 165 36 158 114 52 173 7 0
68 31 183 206 353 136 149 85 478 178 51 157 8 0
68 30 167 206 351 136 149 69 255 146 50 157 9 0
68 27 183 62 161 131 149 33 142 98 47 157 10 0
84 32 183 62 161 136 165 36 158 114 55 15000 11 0
Chip#2
84 36 183 62 161 139 165 69 158 98 58 173 0 62
84 26 167 62 161 134 149 37 142 98 50 149 1 0
68 30 167 46 145 141 149 36 142 98 51 157 2 0
68 27 167 142 290 134 149 69 231 114 50 157 3 0
84 34 183 366 385 139 149 133 638 241 55 157 4 0
68 30 183 62 161 141 149 40 174 98 51 157 5 0
68 31 167 62 161 141 149 69 142 98 52 157 6 0
68 28 167 62 145 134 149 31 142 98 50 157 7 0
68 34 183 206 353 142 149 85 478 178 55 157 8 0
84 24 183 206 348 135 149 85 350 146 44 144 9 0
68 27 167 62 145 134 149 36 142 98 46 157 10 0
84 28 183 62 161 138 149 34 142 98 48 15000 11 0
Chip#2
84 36 183 62 161 139 149 37 142 98 51 173 0 62
84 28 167 46 161 136 149 36 142 98 48 157 1 0
84 35 183 62 161 139 149 38 142 98 55 173 2 0
84 36 183 142 241 139 149 85 334 130 54 157 3 0
84 27 183 366 385 136 149 133 622 236 48 173 4 0
84 32 167 62 161 138 149 38 158 98 51 173 5 0
84 27 183 62 161 132 165 37 142 114 54 173 6 0
68 27 167 46 145 136 149 31 142 98 46 149 7 0
84 35 167 206 353 139 149 85 478 162 52 157 8 0
84 32 183 206 361 141 149 85 254 146 55 173 9 0
68 39 183 62 161 142 149 69 142 98 52 173 10 0
84 32 167 62 161 143 149 37 142 98 55 15000 11 0
Chip#2
68 31 167 46 161 141 149 31 142 98 54 173 0 63
68 27 167 46 145 132 149 27 142 98 47 157 1 0
84 26 167 62 161 139 165 33 142 98 51 157 2 0
68 30 183 142 241 136 149 69 231 114 50 157 3 0
68 36 167 366 369 148 165 133 638 242 56 157 4 0
84 26 183 62 161 139 165 33 174 98 51 173 5 0
84 28 183 62 161 142 149 36 142 98 51 157 6 0
84 41 183 78 161 146 165 69 158 114 58 173 7 0
84 30 183 206 353 138 149 101 478 178 52 157 8 0
84 26 183 206 351 136 149 85 350 146 51 157 9 0
84 32 183 62 161 138 165 36 142 114 48 173 10 0
84 28 183 62 161 138 165 37 142 98 51 15000 11 0
Chip#2
84 36 183 62 161 146 165 69 142 114 55 173 0 63
84 36 183 62 161 136 165 38 142 98 54 157 1 0
84 31 167 62 161 136 149 69 142 114 51 173 2 0
84 34 183 142 241 145 165 85 334 130 55 173 3 0
84 28 183 366 385 145 149 133 557 239 55 173 4 0
84 34 167 62 161 142 165 34 174 98 55 173 5 0
84 30 183 62 161 138 149 34 142 98 54 157 6 0
84 34 183 62 161 141 165 33 158 98 52 173 7 0
84 28 183 206 353 141 149 101 487 178 52 157 8 0
68 27 167 206 351 134 149 69 245 146 48 157 9 0
68 26 183 62 161 138 149 33 142 98 44 149 10 0
84 27 167 46 161 139 149 30 142 98 50 15000 11 0
Chip#2
84 27 183 62 161 138 165 36 158 98 52 173 0 63
84 32 183 62 161 142 165 34 142 98 54 173 1 0
68 28 167 62 145 136 149 37 142 98 52 157 2 0
68 31 167 142 241 139 149 69 232 114 50 157 3 0
68 28 167 366 369 138 149 117 556 237 51 157 4 0
68 32 167 62 161 141 149 36 174 98 54 157 5 0
68 31 167 62 161 136 149 34 142 98 55 157 6 0
68 31 167 46 161 138 149 38 142 98 48 157 7 0
84 31 183 206 353 136 165 101 487 178 54 173 8 0
84 31 183 206 360 141 165 85 350 146 52 173 9 0
84 36 183 62 161 142 149 37 158 98 54 173 10 0
84 21 167 62 161 136 165 29 142 98 47 15000 11 0
Chip#2
84 36 183 62 161 138 165 38 142 98 54 173 0 64
84 34 183 62 161 143 149 34 142 98 54 157 1 0
84 31 183 62 161 135 149 37 158 98 50 157 2 0
84 31 183 142 299 145 165 85 334 130 52 173 3 0
84 31 183 366 385 142 165 133 638 237 54 173 4 0
84 30 183 62 161 136 149 34 174 98 52 157 5 0
84 28 183 62 161 142 149 34 142 98 48 157 6 0
84 32 183 62 161 138 165 37 142 114 50 173 7 0
84 34 183 206 353 143 149 101 478 162 54 157 8 0
68 28 183 206 355 132 149 69 248 146 48 149 9 0
84 35 183 62 161 141 165 34 142 114 51 173 10 0
84 26 183 62 161 132 149 29 142 98 43 15000 11 0
Chip#2
68 26 167 46 145 129 149 27 142 98 43 157 0 64
84 34 183 62 161 139 165 38 142 114 56 173 1 0
84 32 183 62 161 138 165 30 158 114 51 173 2 0
68 29 167 142 292 138 149 69 235 114 50 157 3 0
84 28 183 366 385 141 149 133 622 236 50 173 4 0
84 31 183 62 177 141 165 34 174 114 51 173 5 0
68 32 167 46 161 139 149 53 142 98 51 157 6 0
68 32 183 62 161 139 149 31 142 114 50 157 7 0
68 34 183 206 353 141 149 85 487 162 55 157 8 0
68 27 167 206 354 135 149 85 350 146 51 157 9 0
68 27 167 46 161 134 149 31 142 82 47 149 10 0
84 26 183 62 161 135 165 26 142 98 46 15000 11 0
Chip#2
84 35 167 62 161 143 149 38 142 98 54 157 0 65
68 30 167 46 145 138 149 31 142 98 51 157 1 0
84 28 167 62 161 138 149 31 142 98 51 157 2 0
84 30 183 142 241 136 149 85 234 130 51 157 3 0
84 34 183 366 385 143 165 133 638 239 52 173 4 0
84 31 183 62 161 141 165 37 174 98 51 173 5 0
84 31 167 62 161 138 165 36 142 98 48 173 6 0
84 34 183 62 161 141 149 36 142 98 51 157 7 0
84 35 183 206 353 143 165 101 487 178 52 173 8 0
84 34 183 206 359 141 165 85 350 146 52 173 9 0
68 30 167 62 161 138 149 30 142 98 48 157 10 0
84 30 183 62 161 143 165 34 142 98 56 15000 11 0
Chip#2
84 30 167 62 161 134 149 31 142 98 47 157 0 65
84 31 183 62 161 138 149 31 142 98 51 157 1 0
68 26 167 46 161 131 149 27 142 98 47 148 2 0
84 27 183 142 290 136 165 85 334 130 47 173 3 0
68 23 167 350 369 135 149 117 622 237 51 149 4 0
68 24 167 46 145 136 149 30 158 98 46 148 5 0
68 30 167 46 161 141 149 36 142 98 55 157 6 0
84 31 167 62 161 135 149 33 142 98 50 173 7 0
68 28 167 190 353 139 149 85 478 162 54 157 8 0
84 28 183 206 355 139 149 85 350 146 50 173 9 0
84 32 183 62 161 143 165 33 158 98 50 157 10 0
84 32 167 46 161 136 149 36 142 98 52 15000 11 0
Chip#2
84 35 183 62 161 143 165 36 142 98 54 173 0 66
68 26 167 46 161 132 149 24 142 98 46 147 1 0
68 32 167 62 161 138 149 36 158 98 55 173 2 0
84 30 183 142 241 136 149 85 232 130 50 157 3 0
84 32 183 366 385 139 165 133 638 242 55 157 4 0
84 28 167 62 161 139 165 31 174 98 50 157 5 0
68 32 167 62 161 139 149 34 142 98 50 157 6 0
84 34 183 62 161 141 149 40 142 98 51 157 7 0
84 34 183 190 353 146 165 101 478 178 55 173 8 0
68 27 167 206 354 138 149 69 248 146 50 157 9 0
68 31 167 46 145 135 149 30 142 82 44 149 10 0
84 32 167 62 161 141 149 37 142 98 50 15000 11 0
Chip#2
84 38 183 62 161 141 149 40 142 114 51 173 0 66
84 34 183 62 161 138 165 34 158 114 51 173 1 0
84 35 183 62 161 141 165 69 158 98 54 173 2 0
84 31 183 142 296 136 149 85 334 130 52 173 3 0
84 31 183 366 385 139 149 133 556 241 48 157 4 0
84 30 183 62 161 138 149 34 174 114 52 173 5 0
68 28 167 46 145 135 133 34 142 98 50 157 6 0
84 27 183 62 161 136 165 34 158 114 50 173 7 0
68 23 167 206 353 136 149 85 478 162 46 157 8 0
84 31 183 206 356 134 165 85 350 146 47 149 9 0
68 27 167 62 161 131 149 31 142 98 46 157 10 0
84 35 183 62 177 143 165 36 158 114 55 15000 11 0
Chip#2
84 32 183 62 161 139 165 31 142 98 47 173 0 66
84 27 183 62 161 135 149 33 158 98 52 173 1 0
84 28 183 62 161 136 149 31 142 98 51 149 2 0
68 28 167 142 241 141 149 69 231 114 52 157 3 0
84 32 183 366 385 142 165 133 638 241 51 173 4 0
84 23 183 62 161 134 149 31 174 98 50 147 5 0
68 24 167 46 145 134 149 33 142 98 43 148 6 0
84 27 183 62 177 138 165 30 158 114 52 173 7 0
68 27 183 190 353 138 149 85 478 178 52 157 8 0
84 26 167 190 352 136 149 69 244 130 51 149 9 0
84 36 183 62 161 142 149 38 142 98 55 157 10 0
84 31 183 62 161 136 149 30 142 98 51 15000 11 0
Chip#2
84 34 183 62 161 139 149 31 142 98 55 157 0 67
84 23 183 62 161 132 149 24 142 98 50 149 1 0
68 26 167 46 145 131 149 29 142 98 42 146 2 0
84 32 183 158 296 141 165 85 334 130 54 173 3 0
84 28 183 366 385 139 149 133 622 236 55 173 4 0
84 24 183 62 161 129 149 29 174 98 50 157 5 0
68 26 167 62 161 134 149 31 142 98 48 157 6 0
84 35 183 62 161 143 165 69 158 114 59 173 7 0
68 36 183 206 353 142 149 101 478 178 56 157 8 0
84 28 183 206 355 141 149 85 350 146 52 173 9 0
68 31 183 62 161 141 149 36 142 98 47 157 10 0
84 34 183 62 161 145 149 36 142 98 52 15000 11 0
Chip#2
84 30 183 62 161 135 149 34 142 98 50 157 0 67
68 30 167 62 161 138 149 31 142 98 51 157 1 0
84 31 183 62 161 142 165 37 142 114 52 173 2 0
68 26 183 142 241 141 149 69 231 114 51 157 3 0
68 32 167 366 369 139 149 117 554 236 52 157 4 0
84 28 183 62 161 134 149 29 174 98 50 157 5 0
84 31 183 62 161 136 149 34 158 114 48 157 6 0
84 32 183 62 161 136 165 33 142 98 54 149 7 0
68 27 167 190 337 136 149 85 478 162 47 148 8 0
84 28 183 206 352 138 149 85 350 146 52 157 9 0
84 27 183 62 161 135 149 30 158 114 46 157 10 0
84 32 183 62 161 138 149 34 158 98 52 15000 11 0
Chip#2
84 31 167 46 161 135 149 33 142 98 52 157 0 68
84 28 183 62 161 132 149 27 142 98 48 148 1 0
84 30 183 62 161 138 149 33 142 114 50 149 2 0
84 30 183 142 292 139 165 69 334 130 51 173 3 0
68 25 167 350 353 134 149 117 622 233 47 149 4 0
84 27 183 62 161 138 149 29 174 98 54 157 5 0
84 24 167 46 161 131 149 31 142 98 46 149 6 0
84 36 183 62 161 141 149 31 142 98 56 173 7 0
68 26 167 190 337 135 149 85 478 162 51 157 8 0
84 32 183 206 360 138 149 85 255 146 59 157 9 0
68 23 167 46 145 134 149 27 142 98 47 148 10 0
84 32 183 62 161 141 149 34 142 98 55 15000 11 0
Chip#2
84 32 167 62 161 136 149 29 142 98 51 173 0 68
84 34 183 62 161 143 165 36 142 114 58 157 1 0
84 26 183 62 161 135 149 31 142 98 48 148 2 0
84 30 183 142 298 139 149 85 231 130 55 173 3 0
84 32 183 366 385 139 165 133 622 238 51 173 4 0
84 31 183 62 161 141 165 36 174 114 56 173 5 0
84 34 183 62 161 143 165 36 158 98 52 157 6 0
84 32 183 62 161 135 165 34 142 98 54 173 7 0
84 34 183 206 353 143 149 101 478 162 59 157 8 0
84 35 183 206 359 142 165 85 254 146 55 157 9 0
84 32 183 62 161 139 165 40 142 114 50 173 10 0
84 36 183 62 161 141 149 36 142 98 51 15000 11 0
Chip#2
84 35 183 62 161 136 165 36 142 98 54 173 0 69
84 32 167 62 161 141 165 36 142 98 54 173 1 0
68 34 167 62 161 136 149 38 142 98 54 157 2 0
68 28 183 142 296 136 149 85 231 130 48 157 3 0
68 34 167 366 369 139 149 133 555 238 56 157 4 0
84 34 183 62 161 143 165 37 174 114 52 173 5 0
68 30 167 62 161 134 149 38 142 98 48 149 6 0
68 31 183 62 161 139 149 36 142 98 52 157 7 0
84 34 183 206 353 145 165 101 478 178 55 157 8 0
84 30 183 206 350 138 149 69 246 146 52 157 9 0
84 27 183 62 161 135 165 33 158 114 47 148 10 0
68 28 167 46 161 141 149 31 142 98 55 15000 11 0
Chip#2
84 32 183 62 161 136 149 31 142 98 52 173 0 69
68 31 167 46 161 134 149 27 142 98 47 148 1 0
68 28 167 62 161 134 149 33 142 98 47 157 2 0
84 26 183 142 287 132 165 69 231 130 47 146 3 0
84 26 183 366 385 132 165 133 622 228 47 149 4 0
84 32 183 62 161 139 149 31 174 98 48 157 5 0
68 24 167 46 161 134 149 34 142 98 51 157 6 0
84 32 183 62 161 138 149 33 142 114 51 149 7 0
84 28 183 206 353 136 149 85 478 162 51 173 8 0
68 28 167 206 357 135 149 69 247 146 54 157 9 0
84 31 183 62 161 141 165 36 142 98 52 173 10 0
84 27 183 62 161 138 149 27 142 98 46 15000 11 0
Chip#2
84 39 183 62 161 141 165 38 142 98 54 173 0 70
100 36 183 78 177 148 165 38 158 114 56 173 1 0
84 35 183 62 161 141 149 33 142 98 54 157 2 0
84 30 183 142 241 141 165 69 231 130 52 173 3 0
84 31 183 366 369 141 149 133 555 239 54 157 4 0
84 35 183 62 161 141 149 31 174 98 52 157 5 0
84 21 183 62 161 132 149 26 142 98 44 149 6 0
68 34 167 46 145 144 149 37 142 98 54 157 7 0
84 30 183 206 353 134 165 85 478 178 50 173 8 0
84 30 183 206 356 141 165 85 350 146 55 173 9 0
68 32 167 46 161 143 149 34 142 98 52 157 10 0
84 27 167 62 161 138 149 33 142 98 48 15000 11 0
Chip#2
68 30 183 62 161 134 149 31 142 98 54 157 0 70
84 27 183 62 161 135 165 23 142 98 43 173 1 0
84 35 167 62 161 139 149 33 142 98 51 157 2 0
84 34 183 142 299 143 149 85 241 130 54 173 3 0
84 38 183 366 385 146 165 133 555 248 56 173 4 0
68 34 183 62 161 146 165 38 174 98 55 173 5 0
68 32 167 62 161 142 149 37 142 98 52 157 6 0
84 30 183 62 161 139 149 34 142 98 52 173 7 0
84 32 183 206 353 139 149 101 478 178 56 157 8 0
68 31 167 190 359 141 149 69 250 146 57 157 9 0
84 30 183 62 161 138 149 30 142 98 54 157 10 0
84 35 183 62 161 141 149 34 142 98 54 15000 11 0
Chip#2
84 36 183 62 161 145 149 40 142 98 54 157 0 70
68 26 167 46 145 135 149 33 142 98 47 149 1 0
84 30 183 62 161 139 165 31 142 98 52 173 2 0
84 36 183 142 241 143 165 85 334 130 54 173 3 0
68 30 167 350 369 138 149 117 622 238 50 157 4 0
84 35 183 78 177 143 165 36 190 114 56 173 5 0
84 30 183 62 161 142 165 36 142 98 52 157 6 0
68 28 167 62 161 136 149 34 142 98 52 157 7 0
68 26 167 190 337 136 149 85 478 162 50 148 8 0
84 28 183 206 355 141 165 85 350 146 54 157 9 0
84 35 183 62 161 143 165 36 158 114 50 173 10 0
84 36 183 62 161 143 165 38 142 98 55 15000 11 0
Chip#2
84 27 183 62 161 148 165 69 158 98 62 173 0 71
84 32 183 62 161 139 165 36 158 114 50 173 1 0
84 27 167 62 161 138 149 36 142 98 46 157 2 0
68 24 167 142 287 134 149 69 231 114 48 149 3 0
84 27 183 366 369 136 149 133 622 232 47 157 4 0
84 31 183 62 161 145 165 33 174 98 52 157 5 0
68 24 167 46 161 136 149 30 142 98 46 149 6 0
68 28 167 62 161 138 149 36 142 98 50 157 7 0
84 26 183 206 353 135 149 85 478 162 48 157 8 0
84 31 183 206 352 138 149 69 350 146 50 157 9 0
68 30 167 46 145 134 149 27 142 82 46 157 10 0
84 32 183 62 161 141 149 30 142 98 50 15000 11 0
Chip#2
84 35 183 62 161 139 165 37 142 98 52 173 0 71
84 36 183 62 161 145 149 36 142 98 56 157 1 0
84 34 183 62 161 139 165 38 158 114 55 173 2 0
84 26 167 142 290 135 149 69 231 114 51 149 3 0
84 31 183 366 385 136 165 133 622 238 48 173 4 0
84 32 183 62 161 141 149 38 174 98 54 173 5 0
84 31 183 62 161 141 149 37 142 98 51 157 6 0
68 34 183 62 161 139 149 33 142 98 48 157 7 0
84 35 183 206 353 142 165 101 478 178 56 173 8 0
84 30 183 206 350 138 149 85 350 146 52 157 9 0
84 35 183 62 161 142 165 34 158 98 54 173 10 0
84 28 167 62 161 139 149 30 142 98 48 15000 11 0
Chip#2
84 28 183 62 161 139 165 36 142 98 50 173 0 72
84 30 183 62 161 139 165 30 158 114 54 173 1 0
84 34 167 62 161 142 149 37 142 98 55 157 2 0
84 21 183 142 290 135 165 85 231 130 50 157 3 0
68 26 183 366 369 136 149 133 622 231 48 157 4 0
84 28 183 62 161 139 149 34 174 98 52 173 5 0
84 31 183 62 161 139 149 34 142 98 52 173 6 0
68 34 167 62 161 143 149 40 142 98 52 157 7 0
68 34 183 206 353 141 149 85 478 162 56 157 8 0
84 32 183 206 356 139 165 85 254 146 56 173 9 0
84 32 183 62 161 141 165 34 158 114 50 173 10 0
84 28 183 62 161 136 149 34 142 98 52 15000 11 0
Chip#2
84 28 183 62 161 141 165 34 142 98 51 173 0 72
84 31 167 62 161 142 149 36 142 98 52 157 1 0
84 34 167 46 161 136 149 30 142 98 48 157 2 0
68 28 183 142 291 138 149 85 231 130 50 157 3 0
84 31 183 366 369 135 149 133 622 231 51 157 4 0
68 32 167 62 161 141 149 34 158 98 54 157 5 0
84 32 183 62 161 139 165 34 142 98 54 173 6 0
84 36 183 62 161 141 149 34 142 114 54 173 7 0
84 30 183 206 353 142 165 85 478 178 56 173 8 0
84 32 183 206 357 141 149 85 248 146 58 173 9 0
84 39 183 62 161 151 165 40 158 98 56 173 10 0
84 36 183 78 161 146 165 34 158 114 52 15000 11 0
Chip#2
84 27 167 62 161 136 149 30 142 98 51 157 0 73
84 26 183 62 161 129 149 26 142 98 43 148 1 0
84 34 167 62 161 141 149 36 142 98 51 157 2 0
68 31 183 142 241 138 149 85 231 130 54 157 3 0
84 35 183 366 369 139 149 133 622 233 51 157 4 0
68 30 167 62 161 141 149 34 158 98 52 157 5 0
84 35 183 62 161 139 165 37 142 114 54 157 6 0
84 34 183 62 161 139 149 31 142 98 55 157 7 0
84 35 183 206 353 142 165 101 487 178 55 173 8 0
84 30 183 206 356 141 165 85 350 146 54 173 9 0
68 35 167 62 161 136 149 33 142 98 50 157 10 0
84 34 183 62 161 142 165 37 142 98 55 15000 11 0
Chip#2
84 28 183 62 161 138 149 36 142 98 51 173 0 73
68 24 183 62 161 138 149 29 142 98 47 149 1 0
84 27 183 62 161 139 149 31 142 98 48 149 2 0
68 24 167 142 225 132 149 69 231 114 47 149 3 0
84 32 183 366 369 142 165 133 622 236 52 157 4 0
68 30 183 62 161 135 149 27 174 98 51 157 5 0
84 31 183 62 161 139 149 33 142 114 54 157 6 0
84 31 167 62 161 139 149 33 142 98 52 173 7 0
84 32 183 206 353 139 165 101 478 178 52 157 8 0
68 28 167 190 354 135 149 69 245 130 52 157 9 0
68 27 167 46 145 135 149 29 142 82 44 157 10 0
84 31 167 62 145 136 149 30 142 98 51 15000 11 0
