Chip#2
84 36 183 62 161 145 149 36 142 98 54 173 0 89
84 34 183 62 161 142 165 30 142 114 51 173 1 0
68 34 167 46 161 141 149 36 142 98 51 157 2 0
68 32 167 142 300 142 149 69 231 114 55 157 3 0
84 28 183 366 385 142 149 133 670 249 52 157 4 0
84 34 167 62 161 145 149 37 174 98 51 173 5 0
68 32 167 46 161 136 149 36 126 98 47 157 6 0
68 30 167 62 161 136 149 30 142 98 50 157 7 0
68 28 167 190 353 138 149 85 487 178 51 157 8 0
68 35 167 206 321 142 149 69 259 146 50 157 9 0
84 38 183 62 177 143 149 69 158 114 51 173 10 0
84 35 167 62 161 136 149 34 142 98 50 15000 11 0
Chip#2
68 32 167 46 161 136 149 36 142 98 54 157 0 50
68 30 167 46 161 139 149 40 142 98 50 157 1 0
84 32 183 62 177 138 149 40 158 98 51 173 2 0
84 32 183 142 304 142 165 85 231 130 54 173 3 0
84 39 183 366 385 148 149 133 670 255 58 157 4 0
68 32 167 62 161 141 149 33 174 98 51 157 5 0
68 27 167 46 161 136 149 33 142 98 47 157 6 0
84 36 183 62 177 145 165 38 158 114 55 173 7 0
68 27 167 190 353 135 149 85 487 178 48 157 8 0
68 28 167 206 321 138 149 69 259 146 52 157 9 0
68 27 167 46 161 138 149 36 142 98 46 157 10 0
84 31 183 62 161 138 165 37 142 98 55 15000 11 0
Chip#2
68 31 167 46 161 139 149 30 142 98 50 157 0 52
84 35 183 62 161 143 165 69 158 98 54 157 1 0
68 28 167 62 161 134 149 36 142 98 50 157 2 0
68 32 167 142 303 136 149 69 231 130 51 173 3 0
84 36 167 366 385 145 149 133 670 256 58 157 4 0
68 34 167 62 161 141 149 33 174 98 52 157 5 0
68 32 167 46 161 139 149 37 142 98 50 157 6 0
84 32 167 62 161 138 149 34 142 98 52 157 7 0
68 35 167 190 353 139 149 85 487 162 51 173 8 0
84 35 183 222 337 139 165 85 259 146 50 173 9 0
84 35 167 62 161 139 149 69 142 98 51 173 10 0
84 32 167 62 161 142 149 36 142 98 50 15000 11 0
Chip#2
84 35 167 62 161 132 149 34 142 98 54 173 0 52
68 35 167 62 161 144 149 36 142 98 55 157 1 0
68 36 183 62 161 139 149 69 142 98 54 173 2 0
68 35 167 142 298 139 149 69 231 114 54 157 3 0
84 35 183 366 385 138 149 133 670 253 52 173 4 0
84 32 183 62 177 135 165 36 174 98 47 173 5 0
84 35 183 62 161 138 149 37 142 98 51 173 6 0
68 28 167 62 161 136 149 30 142 98 50 157 7 0
68 38 183 190 353 143 149 85 487 178 58 157 8 0
68 32 167 206 321 139 149 69 259 146 48 157 9 0
84 36 167 62 161 139 149 37 142 98 50 157 10 0
84 31 167 46 161 135 149 33 142 98 51 15000 11 0
Chip#2
84 39 167 62 161 145 149 40 142 98 56 157 0 53
84 35 167 46 161 142 149 36 142 98 56 157 1 0
84 36 167 62 161 141 149 38 142 98 52 173 2 0
68 35 167 142 241 141 149 69 231 114 54 157 3 0
84 32 183 382 401 136 149 133 670 253 54 173 4 0
68 31 183 62 161 141 149 31 174 98 51 173 5 0
68 32 183 62 161 138 149 31 142 98 47 173 6 0
68 30 167 62 161 138 149 34 142 98 48 157 7 0
68 34 167 174 353 141 149 85 487 178 55 157 8 0
68 34 167 206 321 135 149 69 261 146 47 157 9 0
84 39 183 62 161 142 165 69 142 98 54 173 10 0
84 39 183 62 161 142 149 37 142 98 52 15000 11 0
Chip#2
84 35 183 62 177 141 165 33 158 98 55 173 0 53
84 30 183 62 177 139 165 30 158 98 51 173 1 0
68 34 167 62 161 138 149 33 142 98 51 173 2 0
68 27 167 126 241 135 133 69 231 114 50 157 3 0
84 32 167 366 385 139 149 133 670 248 56 157 4 0
84 32 183 62 161 139 149 34 174 98 55 173 5 0
68 32 183 62 161 141 149 37 142 98 54 157 6 0
84 35 183 62 161 139 149 34 142 114 56 173 7 0
68 34 167 190 353 144 149 85 487 178 59 157 8 0
84 41 183 222 337 148 165 85 261 146 58 173 9 0
68 31 167 62 161 134 149 29 142 98 47 157 10 0
68 34 167 46 161 141 149 37 142 98 52 15000 11 0
Chip#2
68 32 167 62 161 139 149 34 142 98 55 173 0 53
68 34 167 46 161 135 149 30 142 98 46 157 1 0
84 32 183 62 177 138 149 36 142 98 51 173 2 0
84 27 167 142 298 134 149 69 231 114 50 157 3 0
68 31 167 366 385 138 149 133 654 254 50 157 4 0
68 34 167 62 161 142 149 36 158 98 50 157 5 0
84 31 183 62 161 139 165 38 158 98 48 173 6 0
68 31 183 62 161 143 149 29 142 98 48 157 7 0
84 27 167 190 353 139 149 85 487 178 48 157 8 0
68 27 167 206 321 131 149 69 254 146 48 148 9 0
68 34 167 46 161 141 149 40 142 98 52 157 10 0
68 32 167 62 161 142 149 36 142 98 52 15000 11 0
Chip#2
84 36 167 46 161 135 149 34 142 98 50 157 0 54
68 40 167 62 161 139 149 37 142 98 55 157 1 0
68 31 167 62 161 134 149 30 142 98 47 157 2 0
84 35 183 142 299 139 149 69 231 114 52 173 3 0
68 32 167 366 385 141 149 133 670 247 54 157 4 0
68 39 167 62 161 142 149 38 174 98 59 157 5 0
68 28 151 46 145 132 133 30 142 82 46 149 6 0
84 42 183 62 161 145 165 69 158 114 59 173 7 0
68 31 167 190 353 138 149 85 487 178 50 157 8 0
84 35 183 206 337 145 165 85 260 146 52 173 9 0
84 41 183 62 161 141 165 69 142 98 56 173 10 0
68 32 167 62 161 141 149 31 142 98 51 15000 11 0
Chip#2
84 39 167 62 161 145 165 37 142 98 55 173 0 54
84 36 183 62 177 146 149 38 142 98 55 157 1 0
84 34 183 62 161 141 149 38 142 98 52 173 2 0
68 31 167 142 241 139 149 69 231 114 54 157 3 0
68 34 183 366 385 135 149 133 670 250 50 157 4 0
68 30 167 62 161 139 149 34 174 98 55 157 5 0
68 31 167 46 145 136 149 34 142 82 50 157 6 0
68 39 167 62 161 144 149 53 142 98 55 157 7 0
68 35 167 190 353 143 149 85 487 178 52 173 8 0
68 38 183 206 337 136 165 85 366 146 50 173 9 0
68 39 167 62 161 145 149 69 142 98 52 157 10 0
68 32 167 46 161 138 149 30 142 98 47 15000 11 0
Chip#2
84 32 167 46 161 139 149 30 142 98 47 173 0 54
84 34 183 62 161 143 149 37 158 98 54 173 1 0
68 30 167 46 161 136 149 29 142 98 50 157 2 0
84 31 183 142 296 141 149 85 231 130 48 173 3 0
84 35 183 382 401 135 149 133 670 252 50 173 4 0
84 36 167 62 161 143 149 34 174 98 56 173 5 0
68 31 167 62 161 142 149 37 142 98 51 157 6 0
68 35 167 62 161 136 149 33 142 98 54 157 7 0
84 39 167 190 353 145 149 85 487 178 58 173 8 0
68 30 167 206 321 145 149 69 260 130 54 157 9 0
68 32 167 62 161 139 149 34 142 98 50 157 10 0
68 39 167 62 161 145 149 38 142 98 54 15000 11 0
Chip#2
84 36 167 62 161 141 165 34 142 98 50 173 0 54
68 30 167 46 161 136 149 30 142 98 47 173 1 0
68 38 183 62 161 139 149 37 142 98 55 157 2 0
84 35 183 142 296 138 149 85 231 130 50 173 3 0
68 35 167 366 385 139 149 133 670 254 54 157 4 0
84 34 183 62 161 142 149 34 174 98 54 173 5 0
84 34 183 62 161 142 149 38 142 98 52 157 6 0
84 39 183 62 177 149 165 69 158 114 58 173 7 0
68 32 183 190 353 143 149 101 487 178 56 157 8 0
68 31 167 206 321 138 149 69 259 146 47 157 9 0
84 38 167 62 161 142 165 38 142 98 54 173 10 0
84 39 167 62 161 145 149 38 142 98 55 15000 11 0
Chip#2
84 32 167 62 161 138 149 33 142 98 51 173 0 55
84 35 183 62 177 143 165 38 142 98 52 173 1 0
84 32 167 62 161 142 149 38 142 98 55 173 2 0
84 32 183 142 296 136 149 85 231 114 50 157 3 0
68 30 167 366 385 134 149 133 670 248 46 157 4 0
68 34 167 62 161 142 149 33 174 98 52 157 5 0
68 32 167 46 161 136 149 30 142 98 48 157 6 0
68 35 167 62 161 142 149 38 142 98 55 157 7 0
68 34 167 174 353 144 149 85 487 162 55 157 8 0
84 28 167 206 337 143 149 85 261 146 54 157 9 0
68 31 167 62 161 135 149 31 142 98 50 157 10 0
84 36 167 62 161 143 149 37 142 98 52 15000 11 0
Chip#2
68 34 167 46 161 136 149 40 142 98 56 157 0 55
84 30 183 62 177 134 165 34 158 98 50 173 1 0
84 30 183 62 161 136 149 33 158 98 48 149 2 0
68 34 167 142 296 138 149 69 231 114 48 157 3 0
68 30 167 366 385 138 149 133 670 247 48 157 4 0
68 30 167 62 161 134 149 34 174 98 52 157 5 0
68 31 167 46 161 143 149 38 142 98 51 157 6 0
68 31 167 46 161 134 149 33 142 98 48 157 7 0
68 26 167 190 353 132 149 85 487 162 44 147 8 0
68 36 167 206 321 142 149 69 259 130 52 157 9 0
68 35 167 62 161 136 149 34 142 98 52 157 10 0
68 31 167 46 145 135 133 30 142 82 48 15000 11 0
Chip#2
84 32 167 62 161 136 165 40 142 98 52 173 0 55
84 31 167 62 161 141 165 33 142 98 50 173 1 0
68 30 167 62 161 138 149 36 142 98 48 157 2 0
68 28 167 142 241 136 149 69 231 114 50 157 3 0
68 30 167 350 385 136 149 133 654 250 52 157 4 0
84 39 183 62 177 145 165 69 174 98 56 173 5 0
68 32 167 46 161 134 149 36 142 82 50 157 6 0
68 31 167 46 161 141 149 36 142 82 54 157 7 0
68 30 167 174 337 134 149 85 487 162 46 157 8 0
84 32 167 206 321 139 149 85 261 146 52 157 9 0
84 36 183 62 161 142 165 69 142 98 51 173 10 0
68 30 167 46 161 136 149 30 142 98 48 15000 11 0
Chip#2
84 35 183 62 161 146 149 69 142 98 55 173 0 55
84 31 183 62 161 141 149 34 142 98 56 157 1 0
68 27 167 46 161 138 149 30 142 98 48 157 2 0
68 28 167 142 241 141 149 69 231 114 46 157 3 0
68 35 167 366 385 145 149 133 670 256 54 157 4 0
68 31 167 62 161 141 149 34 174 98 51 173 5 0
84 31 183 62 161 139 149 33 142 98 48 173 6 0
84 35 183 62 177 142 165 34 158 114 52 157 7 0
68 30 167 174 337 138 149 85 487 162 50 157 8 0
68 28 183 206 321 139 149 69 259 146 51 157 9 0
84 27 167 62 161 139 165 37 142 98 47 173 10 0
68 36 167 46 145 139 149 34 142 98 51 15000 11 0
Chip#2
84 36 183 62 161 141 149 31 142 98 54 173 0 56
84 31 183 62 161 141 165 30 142 114 54 173 1 0
68 34 167 46 145 139 149 33 142 98 47 157 2 0
84 30 183 142 296 141 165 85 231 130 50 173 3 0
68 26 183 382 385 135 149 133 670 252 46 148 4 0
68 30 167 62 161 139 149 33 174 98 55 157 5 0
68 23 167 62 161 139 149 33 142 98 44 157 6 0
68 31 167 46 161 135 149 30 142 98 50 157 7 0
68 28 183 190 353 141 149 85 487 178 51 157 8 0
68 28 167 206 321 135 149 69 256 146 50 157 9 0
84 32 167 62 161 145 149 37 142 98 51 157 10 0
68 32 167 62 161 146 149 37 142 98 52 15000 11 0
Chip#2
84 11 167 62 161 148 149 53 142 98 66 173 0 56
68 28 167 62 161 136 149 29 142 98 46 149 1 0
68 32 167 62 161 136 149 34 142 98 51 157 2 0
68 31 167 142 303 143 149 69 231 130 52 157 3 0
84 34 183 382 385 143 149 133 670 256 55 173 4 0
68 31 167 62 161 141 149 36 174 98 48 173 5 0
68 26 167 46 145 136 149 33 142 98 44 157 6 0
68 34 167 46 145 132 149 33 142 98 47 157 7 0
68 30 167 174 337 138 149 85 487 162 51 157 8 0
68 31 183 206 321 139 149 69 260 146 50 157 9 0
84 34 183 62 161 145 149 38 158 114 47 173 10 0
84 30 167 62 161 139 149 30 142 98 47 15000 11 0
Chip#2
84 27 167 62 161 134 149 30 142 98 47 157 0 56
84 38 183 62 161 143 165 37 142 98 54 173 1 0
84 31 183 62 161 135 165 36 158 114 48 173 2 0
68 32 167 142 241 139 149 69 231 114 52 157 3 0
68 36 167 366 385 143 149 133 670 250 52 157 4 0
68 36 167 62 161 138 149 33 158 98 52 157 5 0
68 28 183 62 161 134 149 33 142 98 47 157 6 0
68 34 167 62 161 132 149 37 142 98 48 157 7 0
68 32 167 174 337 136 149 85 487 162 47 157 8 0
68 28 167 206 366 134 149 69 251 146 48 157 9 0
84 32 167 62 161 141 165 38 142 98 52 173 10 0
84 38 167 62 161 145 149 34 142 98 54 15000 11 0
Chip#2
84 28 167 46 161 135 149 27 142 98 50 157 0 57
68 34 167 62 161 141 149 30 142 98 55 157 1 0
68 36 167 62 161 139 149 37 142 98 52 157 2 0
68 27 183 142 299 136 149 69 231 114 48 157 3 0
68 35 183 366 385 144 149 133 654 252 52 157 4 0
68 34 167 62 161 139 149 34 174 98 54 157 5 0
84 35 183 62 161 141 149 37 158 114 55 157 6 0
84 35 183 62 161 135 165 36 158 114 52 173 7 0
68 31 167 190 353 138 149 85 487 178 51 157 8 0
68 36 167 206 321 135 149 69 263 146 54 157 9 0
68 31 167 46 145 138 149 33 126 82 50 157 10 0
84 34 167 62 161 141 149 34 142 98 47 15000 11 0
Chip#2
84 35 167 62 161 139 149 30 142 98 52 173 0 57
68 31 183 62 161 138 149 34 142 98 55 157 1 0
68 27 167 46 161 139 149 33 142 98 44 157 2 0
68 30 183 142 300 139 149 85 231 130 52 157 3 0
68 30 167 366 385 139 149 133 670 255 51 157 4 0
68 32 167 62 161 138 149 33 158 98 51 157 5 0
84 27 167 62 161 141 149 33 142 98 48 157 6 0
68 34 167 62 161 138 149 33 142 98 52 157 7 0
84 34 167 190 353 139 149 85 487 178 52 157 8 0
68 35 167 206 321 139 133 69 256 130 54 157 9 0
68 36 167 62 161 144 149 37 142 98 52 157 10 0
84 34 167 62 161 138 149 36 142 98 52 15000 11 0
Chip#2
84 34 167 46 161 135 149 29 142 98 50 173 0 57
84 38 167 62 161 139 149 31 142 98 54 173 1 0
68 28 167 46 145 135 149 31 142 82 50 157 2 0
68 34 167 142 241 143 149 69 231 130 51 157 3 0
68 28 167 366 385 132 149 133 654 242 48 149 4 0
84 32 183 62 161 141 149 31 174 98 50 173 5 0
84 34 183 46 161 139 149 36 142 98 48 157 6 0
68 31 167 62 161 135 149 30 142 98 48 157 7 0
84 34 183 190 353 141 165 101 487 178 50 173 8 0
84 38 183 222 337 139 165 85 366 162 58 173 9 0
68 27 167 62 161 135 149 26 142 98 40 147 10 0
68 36 167 46 161 141 149 36 142 98 54 15000 11 0
Chip#2
68 32 167 46 161 138 149 31 142 98 50 157 0 58
68 30 167 46 145 138 149 30 142 82 48 157 1 0
84 31 183 62 161 142 149 37 142 98 52 173 2 0
68 20 167 142 292 135 149 69 231 114 48 157 3 0
68 28 167 366 385 141 149 133 670 250 47 157 4 0
68 35 167 46 145 144 133 36 158 98 55 157 5 0
68 34 183 62 161 142 149 37 142 98 50 157 6 0
68 34 167 62 161 136 149 33 142 98 52 157 7 0
68 27 167 190 353 138 149 85 487 162 52 157 8 0
68 28 167 206 321 138 149 69 255 130 48 157 9 0
68 27 167 46 161 136 149 31 142 98 48 148 10 0
68 31 167 62 161 141 149 33 142 98 54 15000 11 0
Chip#2
84 35 183 62 161 141 165 38 158 98 55 173 0 58
68 20 167 46 145 132 133 24 142 82 43 148 1 0
84 27 167 62 161 138 149 36 142 98 47 157 2 0
68 34 183 142 303 141 149 85 231 114 50 157 3 0
84 28 183 382 385 136 149 133 670 253 50 157 4 0
68 31 167 62 161 142 149 36 174 98 54 157 5 0
84 26 183 62 161 135 165 31 158 98 48 173 6 0
84 36 183 62 177 145 149 40 142 98 58 173 7 0
68 27 167 190 353 136 149 85 487 178 47 157 8 0
68 28 183 206 321 138 149 69 254 146 46 149 9 0
84 35 183 62 161 142 149 36 142 98 51 173 10 0
84 31 183 62 161 142 149 33 142 98 50 15000 11 0
Chip#2
68 35 167 46 161 138 149 34 142 98 52 157 0 58
68 26 167 62 161 138 149 29 142 98 48 149 1 0
52 27 167 46 145 132 133 33 142 82 48 157 2 0
68 31 167 142 241 136 149 69 231 114 51 157 3 0
84 30 167 366 385 142 149 133 670 253 52 157 4 0
68 28 167 62 161 134 149 27 158 98 47 157 5 0
68 27 167 46 145 134 149 34 142 98 48 157 6 0
84 34 183 62 161 139 149 37 142 98 50 157 7 0
68 32 167 190 353 141 149 85 487 178 52 157 8 0
68 32 167 206 321 134 149 85 254 146 50 157 9 0
84 35 167 62 161 142 149 37 142 98 50 173 10 0
84 32 167 62 161 138 149 31 142 98 52 15000 11 0
Chip#2
68 27 167 46 145 136 149 31 142 98 48 157 0 58
84 30 167 62 161 136 149 27 142 98 51 157 1 0
68 31 167 46 161 131 149 30 142 98 47 149 2 0
68 28 167 142 294 136 149 69 231 114 51 157 3 0
84 36 183 382 401 142 165 133 670 255 58 173 4 0
68 36 167 62 161 142 149 36 174 98 56 157 5 0
68 27 167 62 161 138 149 33 142 98 48 157 6 0
68 32 167 62 161 135 149 31 142 98 51 157 7 0
84 34 183 190 353 138 165 101 487 178 50 173 8 0
68 30 167 206 321 138 149 69 350 146 48 157 9 0
84 34 183 62 161 138 165 34 142 98 51 173 10 0
84 31 167 62 161 138 149 31 142 98 50 15000 11 0
Chip#2
68 30 167 62 161 138 149 31 142 98 50 173 0 59
68 25 167 46 145 136 133 29 142 98 44 157 1 0
84 42 167 62 161 148 149 40 142 98 60 157 2 0
68 34 167 142 241 141 149 69 231 114 48 157 3 0
68 27 167 366 385 138 149 133 654 245 46 157 4 0
68 28 167 62 161 141 149 34 174 98 47 157 5 0
84 30 183 62 161 139 149 33 142 98 52 157 6 0
68 28 167 62 161 138 149 37 142 98 48 157 7 0
68 27 167 190 337 134 149 85 487 178 47 157 8 0
68 30 167 206 321 138 149 69 255 146 50 149 9 0
68 34 167 62 161 142 149 33 142 98 47 157 10 0
68 31 167 46 161 136 149 31 142 82 50 15000 11 0
Chip#2
68 31 167 46 145 136 149 33 142 98 48 157 0 59
68 30 183 62 161 139 149 33 142 98 51 157 1 0
68 23 167 46 145 132 149 29 142 98 46 148 2 0
68 34 183 142 296 136 149 85 231 130 50 157 3 0
84 31 183 382 385 138 165 133 670 248 48 157 4 0
68 34 183 62 161 138 149 34 174 98 48 157 5 0
68 28 167 62 161 135 149 36 142 98 47 157 6 0
84 32 183 62 161 138 165 34 158 114 51 173 7 0
84 36 183 190 353 136 165 101 487 178 56 173 8 0
84 32 183 222 321 139 149 85 265 146 54 173 9 0
68 35 167 62 161 141 149 37 142 98 46 157 10 0
68 32 167 46 161 135 149 36 142 98 52 15000 11 0
Chip#2
84 32 167 46 161 138 149 36 142 98 50 157 0 59
84 28 183 62 161 136 165 34 142 98 51 173 1 0
84 31 167 62 161 135 149 37 158 98 48 157 2 0
68 28 167 142 241 136 149 69 231 114 52 157 3 0
68 27 167 366 385 132 149 117 654 245 43 157 4 0
68 27 167 46 161 135 149 29 158 98 47 157 5 0
84 39 183 62 161 138 149 40 142 98 51 173 6 0
84 35 183 62 161 141 165 36 158 98 48 173 7 0
68 31 167 190 353 138 149 85 487 178 50 157 8 0
68 32 167 206 337 129 149 69 350 146 46 157 9 0
68 31 167 46 161 138 149 33 142 98 46 157 10 0
68 36 167 46 161 144 149 53 142 98 54 15000 11 0
Chip#2
84 39 167 62 161 143 149 38 142 98 55 173 0 59
84 36 167 62 161 143 149 38 158 98 52 157 1 0
84 30 167 62 161 141 149 36 142 98 55 157 2 0
68 27 167 142 241 135 149 69 231 114 48 157 3 0
68 24 167 366 385 136 149 133 670 242 47 157 4 0
68 27 167 62 161 136 149 31 174 98 48 157 5 0
68 28 167 46 145 132 149 33 142 98 50 157 6 0
52 31 167 46 145 141 133 33 142 98 48 157 7 0
68 31 167 190 337 138 149 85 487 162 54 157 8 0
84 32 183 222 337 138 165 85 257 146 51 173 9 0
84 31 183 62 161 141 149 33 142 98 50 173 10 0
68 31 167 46 161 136 149 33 142 98 46 15000 11 0
Chip#2
68 30 167 46 145 132 149 31 142 98 51 157 0 60
84 28 167 62 161 135 149 31 142 98 48 157 1 0
84 27 183 62 161 138 149 37 142 98 48 157 2 0
68 31 167 142 241 141 149 69 231 114 48 157 3 0
68 28 167 366 385 138 149 133 654 245 48 157 4 0
68 28 167 62 161 139 149 34 158 98 48 157 5 0
68 26 167 46 145 136 149 34 142 98 47 157 6 0
68 32 167 46 161 142 149 34 142 98 52 157 7 0
68 31 183 190 353 141 149 85 487 178 48 157 8 0
84 28 167 206 321 138 149 69 261 146 54 157 9 0
68 27 167 62 161 139 149 34 142 98 47 157 10 0
68 28 167 46 145 132 149 29 142 82 46 15000 11 0
Chip#2
84 34 167 62 161 138 149 37 142 98 52 173 0 60
84 32 167 62 161 139 149 30 142 98 50 157 1 0
68 28 167 46 161 139 149 36 142 98 51 157 2 0
84 28 183 142 300 138 149 69 231 114 55 173 3 0
68 27 167 366 385 134 149 117 654 247 47 149 4 0
68 26 167 62 161 136 149 33 174 98 51 157 5 0
84 26 167 62 161 134 149 34 142 98 50 157 6 0
68 31 167 62 161 139 149 36 142 98 52 157 7 0
68 36 183 190 353 141 149 85 487 178 55 157 8 0
84 32 183 206 337 138 165 85 261 146 50 173 9 0
68 32 183 62 161 139 149 33 142 98 50 157 10 0
84 30 183 62 161 139 149 33 142 98 52 15000 11 0
Chip#2
84 34 167 62 161 131 149 31 142 98 50 173 0 60
84 32 183 62 161 143 165 36 158 98 56 173 1 0
84 26 183 62 161 136 165 36 158 98 50 173 2 0
68 26 167 142 241 135 149 69 231 114 51 157 3 0
68 27 183 382 385 135 149 133 670 246 47 157 4 0
84 34 183 62 161 143 149 36 174 114 52 173 5 0
68 24 167 62 161 136 149 26 142 98 46 157 6 0
84 31 183 62 161 136 149 33 158 98 55 157 7 0
68 30 167 190 337 138 149 85 487 178 47 149 8 0
68 31 167 206 337 139 149 69 262 146 56 157 9 0
68 35 167 62 161 138 149 31 142 98 51 157 10 0
68 34 167 62 145 139 149 36 142 98 54 15000 11 0
Chip#2
84 38 183 62 161 142 165 37 142 98 55 173 0 61
68 32 167 46 161 146 149 36 142 98 50 157 1 0
68 34 167 62 161 138 149 34 142 98 51 157 2 0
68 28 167 142 241 138 149 69 231 114 51 157 3 0
68 30 183 366 385 141 149 133 654 249 51 173 4 0
84 32 167 62 161 138 149 37 174 98 52 157 5 0
68 30 167 46 145 135 133 29 126 82 48 149 6 0
84 32 183 62 161 139 149 36 142 98 52 157 7 0
68 28 167 190 337 138 149 85 487 162 51 157 8 0
68 26 167 206 321 135 149 69 255 146 47 157 9 0
68 34 167 46 161 138 149 40 142 98 50 157 10 0
68 28 167 46 161 139 149 29 142 98 50 15000 11 0
Chip#2
68 30 167 46 161 135 149 30 142 98 51 157 0 61
84 38 183 62 161 143 165 36 142 114 52 173 1 0
68 30 167 46 161 138 149 29 142 98 46 149 2 0
68 28 167 126 241 135 149 69 231 114 46 157 3 0
68 26 167 366 385 135 149 133 654 248 48 157 4 0
84 35 183 62 161 139 149 37 174 98 51 173 5 0
68 32 167 46 161 138 149 34 142 98 50 157 6 0
84 30 183 62 161 141 149 36 142 98 50 173 7 0
68 34 167 190 353 141 149 85 487 178 52 157 8 0
84 32 167 206 321 136 149 69 257 146 48 173 9 0
68 31 167 46 145 139 149 38 142 98 50 157 10 0
68 26 167 46 161 132 149 31 142 98 50 15000 11 0
Chip#2
84 38 167 62 161 142 149 36 142 98 56 173 0 61
68 26 167 62 161 136 149 30 142 98 48 157 1 0
84 36 183 62 161 138 149 37 142 98 54 157 2 0
84 32 183 142 299 141 149 85 231 130 55 173 3 0
68 40 183 382 385 149 149 133 670 256 60 173 4 0
68 28 183 62 161 138 149 34 174 98 46 173 5 0
68 30 167 46 161 135 149 31 142 98 48 157 6 0
68 34 167 62 161 143 149 36 142 98 56 157 7 0
68 30 167 190 353 141 149 85 487 178 54 157 8 0
84 31 167 206 321 138 149 69 255 130 52 157 9 0
84 39 167 62 161 139 149 36 142 98 50 157 10 0
68 32 167 46 161 141 149 36 142 98 50 15000 11 0
Chip#2
84 39 183 62 177 143 165 40 158 98 58 173 0 62
84 31 167 62 161 136 149 31 142 98 48 157 1 0
68 31 167 62 161 138 149 37 142 98 50 157 2 0
68 30 167 142 241 138 149 69 231 114 52 157 3 0
84 34 183 366 385 142 165 133 670 247 51 173 4 0
68 30 167 62 161 134 149 29 158 98 44 157 5 0
68 30 167 46 161 138 149 36 142 98 51 157 6 0
68 32 167 62 161 136 149 33 142 98 48 157 7 0
84 30 183 190 353 139 149 85 487 178 48 173 8 0
68 29 167 190 321 136 133 69 252 130 48 157 9 0
84 36 183 62 161 143 165 40 158 98 52 173 10 0
68 32 151 46 145 138 133 29 126 82 51 15000 11 0
Chip#2
84 36 167 62 161 141 149 33 142 98 50 157 0 62
68 32 167 46 161 134 149 30 142 98 52 157 1 0
84 34 183 62 161 142 165 38 142 98 51 173 2 0
52 27 167 126 241 135 133 69 231 114 46 147 3 0
84 32 183 366 385 142 149 133 654 246 51 157 4 0
68 38 167 62 161 141 149 34 158 98 58 157 5 0
68 27 167 46 161 135 149 30 142 98 44 148 6 0
68 31 167 62 161 138 149 29 142 98 47 157 7 0
84 36 183 190 353 142 165 101 487 178 56 173 8 0
68 32 167 206 321 136 149 69 254 146 51 157 9 0
68 34 167 62 161 139 149 36 142 98 48 157 10 0
84 32 167 62 161 141 149 36 142 98 51 15000 11 0
Chip#2
68 28 167 46 161 139 149 30 142 98 50 157 0 62
68 30 167 46 161 135 149 27 142 98 46 157 1 0
84 30 167 62 161 135 149 33 142 98 51 148 2 0
68 34 167 142 241 145 149 69 231 114 51 157 3 0
68 31 167 366 385 136 149 133 654 248 50 157 4 0
68 32 167 62 161 138 149 37 174 98 50 157 5 0
84 32 183 62 161 139 149 40 142 98 48 173 6 0
84 34 167 62 161 141 149 37 142 98 55 173 7 0
68 25 151 174 337 138 149 69 478 162 51 157 8 0
68 31 167 206 321 135 149 69 255 146 50 157 9 0
68 32 167 46 161 134 149 36 142 98 46 157 10 0
84 38 167 62 161 145 149 69 142 98 56 15000 11 0
Chip#2
84 30 183 62 161 139 149 31 142 98 51 157 0 63
84 31 183 62 161 138 165 38 142 98 51 173 1 0
84 32 183 62 161 139 149 40 142 98 52 157 2 0
84 32 167 142 301 139 149 69 231 130 55 173 3 0
68 31 183 366 385 142 149 133 654 248 52 157 4 0
84 28 183 62 161 136 149 34 174 98 46 157 5 0
68 30 167 46 161 135 149 33 142 98 47 157 6 0
68 34 167 62 161 138 149 34 158 98 48 157 7 0
68 29 167 174 337 139 149 85 487 162 51 157 8 0
68 35 167 206 321 138 149 69 256 146 48 157 9 0
68 36 167 62 161 141 149 38 142 98 52 157 10 0
84 27 183 62 161 149 165 69 158 98 59 15000 11 0
Chip#2
68 30 167 46 161 132 149 30 126 82 42 149 0 63
68 35 167 62 161 134 149 30 142 98 46 157 1 0
84 34 183 62 161 136 165 31 142 114 51 157 2 0
68 32 183 142 299 139 149 85 231 114 47 157 3 0
68 32 167 366 385 141 149 133 654 248 46 157 4 0
68 27 167 46 161 138 149 30 158 98 44 157 5 0
68 30 183 62 161 138 149 36 142 98 48 157 6 0
84 34 167 62 161 135 149 33 142 98 50 157 7 0
68 32 167 174 353 139 149 85 487 178 51 157 8 0
84 36 183 206 337 139 165 85 261 146 55 173 9 0
84 39 183 62 161 141 165 38 142 114 52 157 10 0
68 30 167 46 161 138 149 31 142 98 43 15000 11 0
Chip#2
84 39 183 62 161 143 165 37 158 98 51 173 0 63
68 32 167 46 161 139 149 30 142 82 54 157 1 0
84 31 167 62 161 139 149 31 142 98 51 173 2 0
68 26 167 142 298 134 149 69 231 114 51 157 3 0
68 24 167 366 385 134 149 117 654 238 40 149 4 0
68 32 167 62 161 139 149 36 158 98 55 157 5 0
68 28 167 62 161 138 149 30 142 98 47 149 6 0
68 35 167 62 161 143 149 69 142 98 52 157 7 0
84 34 183 190 353 143 149 101 487 178 58 173 8 0
68 32 167 206 321 138 149 69 257 130 47 157 9 0
84 38 183 62 177 145 149 37 158 114 52 173 10 0
84 35 183 62 177 139 149 34 142 98 51 15000 11 0
Chip#2
84 28 167 46 161 134 149 33 142 98 52 157 0 64
84 34 183 62 161 142 165 37 158 98 51 173 1 0
84 28 167 62 161 135 149 31 142 98 47 148 2 0
68 26 167 142 290 138 149 69 231 114 42 148 3 0
68 32 167 366 385 139 149 117 654 246 47 157 4 0
68 28 167 62 161 138 149 30 158 98 50 157 5 0
68 32 167 46 161 141 149 34 142 98 50 157 6 0
84 34 183 62 161 138 149 34 142 98 51 157 7 0
68 35 167 190 353 145 149 85 487 178 51 157 8 0
84 32 167 206 321 138 149 85 257 146 51 157 9 0
84 38 183 62 161 143 149 69 142 98 50 173 10 0
68 32 167 46 161 145 149 38 142 98 56 15000 11 0
Chip#2
68 32 167 46 145 138 149 33 126 82 50 157 0 64
68 30 167 46 161 135 149 29 142 98 50 157 1 0
68 28 167 62 161 134 149 31 142 98 46 157 2 0
68 30 167 142 241 136 149 69 231 114 51 157 3 0
68 24 167 366 385 129 149 133 654 239 46 149 4 0
84 31 167 62 161 138 149 33 174 98 48 173 5 0
68 32 167 46 145 139 149 37 142 98 52 157 6 0
68 30 167 46 145 136 149 31 142 98 48 149 7 0
68 34 167 190 337 142 149 85 487 162 52 157 8 0
68 30 167 190 321 136 149 69 254 130 52 157 9 0
84 30 167 62 161 138 149 31 142 98 47 157 10 0
84 35 183 62 161 139 165 33 142 114 54 15000 11 0
Chip#2
84 32 183 62 161 135 165 33 142 98 51 173 0 64
68 32 167 62 161 136 149 37 142 98 52 157 1 0
84 31 167 62 161 138 149 33 142 98 50 157 2 0
68 27 167 142 241 135 149 69 231 130 46 157 3 0
68 32 183 366 385 139 149 133 654 251 52 157 4 0
68 34 167 62 161 136 149 37 174 98 50 157 5 0
68 27 167 46 161 134 149 30 142 98 43 157 6 0
68 32 167 46 145 138 149 31 142 98 52 157 7 0
68 31 167 190 353 135 149 85 487 178 47 157 8 0
68 36 167 206 321 143 165 69 265 146 51 157 9 0
68 28 167 46 145 135 149 33 142 98 51 157 10 0
84 34 167 62 161 138 149 34 142 98 47 15000 11 0
