Chip#1
97 105 101 93 98 102 100 99 106 101 103 101 0
102 106 104 105 105 110 105 109 106 108 103 102 1
111 113 108 111 106 106 109 116 110 113 109 106 2
101 105 102 98 102 104 105 100 101 104 101 94 3
100 104 98 96 100 101 104 100 103 96 100 100 4
108 106 105 105 103 105 110 110 106 109 108 101 5
99 105 101 96 101 102 100 100 103 97 100 96 6
138 130 100 147 130 103 139 123 107 132 113 96 7
188 158 111 200 162 111 170 152 116 163 148 99 8
111 106 101 108 106 105 110 105 106 106 104 96 9
146 133 107 158 137 109 144 130 114 144 123 104 10
168 147 114 176 156 110 169 144 111 151 134 15000 11

Chip#1
100 101 100 96 95 101 104 101 101 97 99 99 0
99 100 101 104 102 107 105 106 101 104 101 99 1
108 114 103 108 106 106 109 110 105 106 106 104 2
109 112 106 108 106 107 112 109 105 108 108 101 3
105 105 106 105 106 106 110 106 103 108 105 102 4
111 111 102 108 107 105 114 109 103 106 105 105 5
102 105 103 98 102 98 101 100 107 98 95 97 6
146 129 105 147 127 109 140 126 102 135 119 95 7
184 153 108 192 157 110 175 147 112 162 141 96 8
115 106 104 106 101 106 110 112 102 108 103 100 9
139 133 102 151 133 109 146 128 110 142 120 97 10
164 148 110 192 153 113 168 144 111 150 137 15000 11

Chip#1
95 101 104 93 101 99 103 100 101 101 104 103 0
102 106 107 104 103 107 109 108 104 104 108 102 1
109 106 102 104 107 103 111 109 99 106 99 97 2
98 101 102 98 103 103 105 105 99 102 100 99 3
100 109 100 99 102 106 105 103 107 102 104 95 4
108 110 107 105 108 109 115 110 105 111 110 101 5
97 97 95 94 96 94 94 96 95 95 94 91 6
138 124 100 145 131 102 138 123 102 132 120 99 7
178 156 111 194 158 110 170 144 114 154 139 96 8
111 108 103 106 106 102 113 109 105 108 101 101 9
132 131 98 146 127 101 136 118 106 137 115 94 10
164 148 110 176 152 111 162 143 114 147 142 15000 11

Chip#1
105 112 106 103 109 106 109 113 108 104 105 108 0
107 110 103 101 104 110 111 106 105 106 106 105 1
109 109 98 109 107 105 110 106 97 106 104 95 2
104 106 107 104 103 109 108 103 101 104 101 102 3
97 100 95 92 94 98 101 95 98 97 95 95 4
105 100 94 98 99 102 105 101 93 101 95 91 5
105 105 102 96 102 102 103 100 100 102 99 96 6
139 127 99 142 127 103 136 127 101 135 115 97 7
174 148 99 176 148 105 161 135 102 145 132 88 8
105 110 99 103 107 102 110 100 97 102 99 96 9
134 129 100 147 127 98 141 118 99 132 114 94 10
164 148 108 176 151 106 167 147 105 146 133 15000 11

Chip#1
102 106 102 100 107 106 105 106 105 105 109 101 0
104 105 107 102 106 103 109 107 105 106 103 105 1
108 109 100 106 108 107 110 109 105 113 103 98 2
98 109 99 101 99 103 106 101 103 102 103 98 3
101 107 103 99 102 102 102 105 103 101 100 101 4
107 111 107 108 111 106 111 110 102 106 101 101 5
104 104 100 99 106 102 103 103 103 106 104 100 6
146 133 108 150 133 110 146 130 108 141 125 101 7
177 158 111 192 153 106 172 145 108 156 138 98 8
107 102 99 108 106 98 107 105 93 106 103 93 9
131 131 101 147 128 102 138 118 103 135 114 92 10
159 147 111 176 151 106 162 143 106 147 132 15000 11

Chip#1
98 100 102 99 101 103 103 102 98 99 105 101 0
98 102 96 100 100 99 103 103 97 100 96 99 1
100 105 96 96 101 98 105 104 98 104 100 95 2
100 102 97 94 100 97 97 97 92 92 94 95 3
107 106 103 99 106 106 108 105 99 102 105 105 4
101 105 100 101 103 103 109 100 94 101 103 102 5
100 101 94 95 95 98 96 99 98 96 96 96 6
140 128 102 145 128 102 135 123 101 129 120 95 7
180 157 113 192 155 110 172 149 110 159 134 101 8
107 106 103 104 102 99 110 102 99 104 100 97 9
132 129 97 147 130 101 135 115 103 129 118 92 10
156 142 106 176 150 102 154 135 98 142 132 15000 11

Chip#1
97 106 106 96 100 106 104 108 107 100 103 102 0
107 109 106 105 107 106 114 110 105 108 109 100 1
110 110 106 106 110 105 111 104 103 111 105 97 2
102 111 100 99 102 105 109 109 107 102 97 102 3
102 106 102 105 103 109 105 105 103 104 105 102 4
107 109 104 103 102 105 106 106 97 102 99 96 5
101 100 102 98 101 99 101 98 102 96 99 95 6
142 136 111 147 133 111 139 122 111 141 124 101 7
181 158 114 192 159 103 170 145 108 154 139 99 8
112 112 100 110 111 105 111 106 102 104 100 97 9
140 135 107 150 135 107 142 124 107 140 124 101 10
163 149 114 192 154 109 166 140 111 150 137 15000 11

Chip#1
94 102 99 94 101 101 103 100 102 91 99 102 0
100 102 100 100 101 99 103 102 102 105 99 102 1
105 112 102 108 103 105 115 110 106 108 106 100 2
100 98 94 94 101 101 99 95 98 96 96 90 3
102 101 106 96 102 98 105 102 101 101 101 101 4
100 101 100 103 106 103 106 101 102 100 99 95 5
105 111 106 104 110 104 102 105 108 104 104 100 6
142 127 107 146 130 106 140 122 107 129 122 98 7
167 145 100 192 146 102 162 135 106 145 134 92 8
113 109 103 113 110 106 109 106 109 109 103 100 9
134 129 100 148 130 105 137 122 107 137 119 97 10
161 148 115 176 158 113 159 139 112 149 134 15000 11

Chip#1
101 102 100 100 99 107 109 104 105 104 106 101 0
95 105 96 99 101 102 106 103 91 101 99 92 1
104 104 101 100 105 101 108 106 100 102 104 95 2
101 106 100 99 103 102 106 105 99 102 104 95 3
97 100 100 95 101 102 104 101 101 100 97 97 4
105 108 102 105 104 103 105 101 102 102 105 97 5
102 104 99 104 110 103 105 102 103 104 101 99 6
140 129 103 147 127 105 139 124 106 136 120 97 7
170 149 106 192 150 106 167 140 106 149 129 91 8
115 113 106 108 107 107 115 112 103 107 105 102 9
139 128 106 151 133 107 141 127 107 138 120 97 10
159 145 116 192 155 111 165 143 109 153 137 15000 11

Chip#1
92 101 98 91 96 98 97 94 100 99 100 96 0
98 105 102 99 107 102 110 104 102 104 105 97 1
105 112 104 105 101 106 108 105 102 113 104 99 2
90 102 96 91 100 96 97 98 101 96 96 91 3
95 96 91 94 96 94 102 99 92 93 96 91 4
97 105 100 100 101 101 106 102 100 101 103 95 5
100 108 100 99 102 102 111 101 106 104 97 100 6
142 131 109 150 131 109 141 126 108 137 126 102 7
181 160 115 194 160 113 177 147 118 159 147 103 8
108 106 100 110 106 99 111 100 99 105 101 99 9
132 129 100 144 128 101 139 121 102 135 114 96 10
150 144 100 176 146 101 157 139 102 138 131 15000 11

