Chip#1
131 121 114 113 126 110 107 119 114 111 134 130 0 50
131 137 109 122 126 112 107 119 114 107 134 128 1 0
105 110 111 113 110 115 123 119 130 116 107 106 2 0
107 116 1227 1033 126 1520 1211 119 1287 1000 134 110 3 0
107 137 1163 994 126 944 718 119 642 488 134 107 4 0
111 137 139 145 142 117 139 135 146 152 150 116 5 0
106 115 1261 1480 126 768 797 119 774 786 134 109 6 0
109 121 1134 1286 126 647 683 119 466 472 134 113 7 0
99 107 107 113 126 117 123 119 146 136 108 106 8 0
98 106 104 122 126 859 975 119 796 936 108 103 9 0
110 113 113 113 126 535 587 119 386 488 134 119 10 0
106 113 104 122 126 108 123 119 130 101 134 15000 11 0
Chip#1
131 137 117 122 126 110 123 119 130 110 134 130 0 51
131 115 106 113 110 109 107 103 114 106 134 119 1 0
110 113 113 122 126 120 123 119 146 136 134 113 2 0
115 121 1227 1044 126 1526 1217 119 1293 1000 118 115 3 0
110 137 1179 996 126 944 719 119 642 488 134 113 4 0
106 114 115 129 126 111 123 119 146 136 106 110 5 0
110 137 1264 1492 142 768 796 135 779 785 134 110 6 0
105 114 1142 1288 126 637 692 119 482 488 134 109 7 0
111 113 139 129 126 129 139 135 146 152 134 118 8 0
103 111 111 129 126 865 990 119 797 952 134 113 9 0
112 121 110 113 126 532 587 119 386 488 134 119 10 0
107 113 106 113 110 109 107 103 114 105 134 15000 11 0
Chip#1
131 137 114 113 110 106 107 119 114 109 134 129 0 51
147 116 110 122 126 108 123 119 130 105 134 120 1 0
110 115 115 113 126 117 123 119 146 136 118 110 2 0
107 116 1227 1041 142 1526 1211 135 1291 1016 134 113 3 0
103 111 1163 997 126 944 721 119 642 488 108 108 4 0
106 114 114 129 126 112 123 119 130 116 104 109 5 0
101 111 1260 1480 126 752 792 119 766 785 118 106 6 0
105 113 1136 1280 126 637 683 119 466 488 134 109 7 0
103 111 111 129 126 122 123 119 146 136 108 107 8 0
109 113 111 129 126 877 985 119 802 936 134 116 9 0
103 114 106 129 126 530 603 119 402 488 134 118 10 0
107 137 111 129 126 110 123 119 130 107 134 15000 11 0
Chip#1
131 114 106 122 110 105 123 119 114 96 134 122 0 51
131 121 113 122 110 109 107 103 130 102 134 122 1 0
114 137 118 122 126 127 139 119 146 136 134 119 2 0
110 121 1243 1045 126 1537 1219 135 1301 1016 134 111 3 0
107 121 1179 1007 126 960 731 119 642 488 118 113 4 0
105 114 123 129 126 116 123 119 130 116 118 111 5 0
106 121 1274 1507 126 752 798 119 775 785 118 107 6 0
109 137 1163 1295 142 644 692 119 482 488 134 111 7 0
109 113 115 129 126 122 139 119 146 152 134 114 8 0
103 109 106 129 126 865 981 119 794 936 134 106 9 0
102 113 103 113 110 532 587 103 386 488 118 116 10 0
103 109 107 113 110 109 107 119 114 104 134 15000 11 0
Chip#1
131 121 111 113 110 109 107 103 114 105 134 126 0 52
147 137 110 122 126 116 123 119 130 111 134 126 1 0
107 110 105 113 126 115 123 119 146 112 103 110 2 0
108 116 1259 1050 142 1541 1230 119 1311 1032 134 114 3 0
106 115 1179 1008 126 960 730 119 642 488 118 112 4 0
97 106 114 129 126 110 123 119 130 103 99 103 5 0
102 111 1277 1506 126 752 795 119 774 785 118 104 6 0
112 137 1163 1310 142 647 693 119 482 488 134 115 7 0
103 113 115 113 110 124 123 119 146 136 118 113 8 0
106 109 109 113 110 868 986 119 799 952 134 112 9 0
110 113 114 113 126 535 603 119 386 488 134 127 10 0
131 137 139 122 126 121 123 119 130 116 134 15000 11 0
Chip#1
131 121 109 113 126 110 107 119 114 107 134 128 0 52
147 137 111 122 126 106 123 119 130 104 134 122 1 0
112 111 114 122 126 121 139 119 146 136 134 115 2 0
107 115 1259 1057 126 1550 1234 119 1316 1032 134 111 3 0
111 137 1195 1016 142 976 741 135 658 504 134 117 4 0
105 111 115 129 126 110 123 119 130 115 106 107 5 0
106 114 1281 1517 126 752 800 119 782 785 118 110 6 0
110 115 1147 1306 126 639 683 119 466 472 118 107 7 0
107 110 114 129 126 119 123 119 146 152 118 111 8 0
106 107 109 129 126 865 985 119 799 936 134 110 9 0
107 106 107 113 110 530 603 119 386 488 134 113 10 0
103 105 109 122 126 104 123 119 130 102 134 15000 11 0
Chip#1
131 137 115 122 126 110 123 119 130 113 150 146 0 52
131 121 113 113 126 114 107 119 114 110 134 123 1 0
112 121 117 122 126 120 123 119 146 136 134 113 2 0
111 137 1261 1060 126 1558 1242 135 1328 1041 134 115 3 0
106 121 1195 1024 126 960 739 119 658 504 134 111 4 0
106 137 139 129 126 117 123 119 146 136 134 114 5 0
97 107 1280 1519 126 736 789 119 768 785 103 104 6 0
110 121 1163 1311 126 643 683 119 466 472 118 111 7 0
103 110 110 113 110 121 123 119 146 136 118 110 8 0
105 110 104 122 126 866 987 119 796 952 134 111 9 0
106 113 109 113 126 533 603 119 402 504 134 120 10 0
106 121 111 113 126 109 107 103 114 104 134 15000 11 0
Chip#1
131 137 123 113 126 111 123 119 130 112 150 146 0 52
147 137 105 122 126 110 123 119 130 102 134 119 1 0
115 115 118 122 126 116 123 103 146 120 134 112 2 0
110 113 1257 1057 126 1569 1243 119 1330 1032 134 112 3 0
105 137 1195 1023 126 976 743 119 658 504 134 111 4 0
112 137 117 129 126 114 123 119 130 113 108 107 5 0
107 121 1293 1532 126 752 803 119 783 785 134 115 6 0
105 111 1179 1329 126 639 683 119 466 472 108 105 7 0
115 121 118 122 126 129 123 119 146 136 118 116 8 0
111 115 115 122 126 874 987 119 797 936 134 119 9 0
107 114 107 113 110 527 603 119 402 504 134 118 10 0
105 113 110 113 126 110 107 119 114 105 134 15000 11 0
Chip#1
131 121 110 113 110 106 107 119 114 109 134 127 0 53
131 121 114 113 126 112 107 119 114 109 134 124 1 0
109 105 110 113 110 116 123 119 130 136 108 110 2 0
111 113 1264 1073 126 1570 1247 119 1336 1032 118 111 3 0
106 114 1211 1026 142 976 739 135 658 504 134 113 4 0
112 137 139 145 126 119 123 119 146 136 134 115 5 0
107 137 1300 1545 142 764 805 135 783 788 134 115 6 0
107 121 1179 1329 126 643 683 119 466 488 134 114 7 0
110 114 114 122 126 122 139 119 146 152 134 111 8 0
107 110 109 113 110 870 987 119 799 936 134 112 9 0
112 111 111 113 126 536 587 119 386 488 134 119 10 0
107 111 111 122 126 108 123 119 130 106 134 15000 11 0
Chip#1
131 137 115 122 126 110 123 119 130 111 134 146 0 53
131 121 114 113 126 115 107 119 114 105 134 124 1 0
112 113 115 122 126 119 123 119 146 136 108 110 2 0
114 137 1274 1073 126 1575 1254 135 1345 1045 134 115 3 0
107 121 1211 1033 142 976 748 119 674 504 134 112 4 0
110 114 123 129 126 115 123 119 130 115 118 107 5 0
111 137 1306 1553 142 762 808 135 780 790 134 118 6 0
105 114 1179 1329 126 648 683 119 466 488 107 104 7 0
111 111 115 122 126 124 139 119 146 152 134 113 8 0
111 115 111 113 126 876 991 119 802 952 134 111 9 0
107 104 102 113 110 528 587 103 386 488 107 112 10 0
110 106 110 113 110 106 107 119 114 101 134 15000 11 0
Chip#1
131 121 109 113 110 111 107 119 114 110 134 130 0 53
131 114 104 113 110 105 107 103 114 104 118 118 1 0
102 110 102 113 110 116 123 119 130 116 104 107 2 0
102 111 1270 1089 126 1576 1256 119 1338 1048 106 107 3 0
109 121 1211 1041 126 976 754 119 658 504 134 116 4 0
106 112 117 129 126 111 123 119 130 115 106 107 5 0
109 121 1309 1548 126 752 802 119 778 786 134 113 6 0
108 137 1195 1345 142 639 694 135 482 488 134 119 7 0
110 114 115 113 110 124 123 119 130 136 108 111 8 0
105 113 106 122 126 869 984 119 799 952 134 109 9 0
109 111 110 113 126 535 603 119 386 488 134 116 10 0
101 107 105 113 110 104 107 119 114 97 134 15000 11 0
Chip#1
131 137 107 113 126 106 123 119 114 109 134 129 0 53
131 137 110 113 110 105 107 119 114 105 134 122 1 0
114 115 118 122 126 117 123 119 146 136 134 116 2 0
105 114 1277 1073 126 1582 1256 119 1347 1054 118 110 3 0
105 121 1211 1042 126 976 749 119 658 504 107 114 4 0
106 121 118 129 126 117 123 119 130 116 134 113 5 0
106 114 1312 1555 126 752 804 119 778 787 134 111 6 0
109 137 1179 1329 126 648 683 119 466 488 134 115 7 0
103 114 114 122 126 122 139 119 146 152 134 115 8 0
105 111 111 122 126 876 990 119 797 952 134 115 9 0
107 113 110 113 126 537 603 119 402 504 134 120 10 0
98 107 101 113 110 102 107 103 114 98 107 15000 11 0
Chip#1
131 137 111 113 126 103 107 119 130 106 134 125 0 54
147 137 111 122 126 110 123 119 130 111 134 126 1 0
106 109 114 122 126 117 123 119 146 115 107 113 2 0
105 116 1283 1089 126 1583 1265 135 1350 1051 134 111 3 0
131 137 1227 1042 142 992 761 135 690 520 134 122 4 0
106 111 118 129 126 115 123 119 130 114 134 108 5 0
102 113 1312 1554 126 752 798 119 774 787 134 108 6 0
106 121 1179 1329 126 641 683 119 466 472 118 111 7 0
105 112 114 122 126 120 139 119 146 152 134 113 8 0
101 106 110 113 110 860 984 119 794 952 134 104 9 0
109 114 114 113 110 534 603 119 386 488 118 120 10 0
103 111 106 113 110 105 107 103 114 102 134 15000 11 0
Chip#1
131 137 114 122 126 107 107 119 130 110 134 130 0 54
131 121 108 113 110 106 107 103 114 105 118 119 1 0
111 116 114 122 126 124 123 119 130 136 134 113 2 0
105 114 1281 1089 126 1587 1268 119 1350 1055 118 110 3 0
105 113 1227 1043 142 992 749 135 674 520 107 106 4 0
106 115 118 129 110 115 123 119 130 136 108 108 5 0
103 121 1321 1564 126 752 798 119 779 785 118 108 6 0
107 111 1195 1345 126 642 683 119 466 488 134 108 7 0
110 115 117 113 126 129 123 119 146 136 118 116 8 0
101 101 106 113 110 864 984 119 799 936 118 107 9 0
105 114 107 113 110 532 603 119 386 488 118 118 10 0
112 137 115 122 126 111 123 119 130 109 150 15000 11 0
Chip#1
131 137 110 113 126 105 123 119 130 106 134 125 0 54
131 121 113 113 110 107 123 119 114 106 118 119 1 0
109 105 110 113 110 112 123 103 130 116 104 104 2 0
111 137 1292 1089 126 1606 1277 119 1367 1069 134 115 3 0
106 113 1227 1042 126 976 751 119 658 504 104 107 4 0
101 114 117 129 126 111 123 119 130 115 107 102 5 0
114 137 1323 1585 126 752 805 135 779 788 134 115 6 0
97 109 1179 1345 126 632 683 103 466 472 106 106 7 0
110 121 117 122 126 128 123 119 146 152 134 119 8 0
110 121 110 113 110 870 990 119 806 952 134 114 9 0
103 109 107 113 126 526 587 119 386 504 134 114 10 0
106 110 106 113 110 100 107 103 114 100 134 15000 11 0
Chip#1
131 121 111 113 110 107 107 103 114 106 134 122 0 55
131 111 110 113 126 108 107 119 114 107 134 116 1 0
110 107 106 113 110 125 123 103 130 120 99 110 2 0
131 137 1300 1105 126 1607 1285 135 1378 1077 134 113 3 0
98 111 1227 1043 126 992 749 119 658 504 106 104 4 0
108 116 139 129 126 119 123 119 146 136 134 111 5 0
105 111 1325 1585 126 752 798 119 769 785 134 105 6 0
110 137 1211 1377 142 642 692 119 482 488 134 115 7 0
105 113 117 113 126 124 123 119 146 152 108 112 8 0
111 115 115 113 126 872 992 119 808 952 134 115 9 0
107 114 111 113 110 535 603 119 386 504 134 116 10 0
106 110 106 122 126 105 107 119 130 107 134 15000 11 0
Chip#1
131 137 109 122 126 107 123 119 114 109 134 130 0 55
131 113 108 113 110 109 107 103 114 106 118 118 1 0
103 101 105 122 110 112 123 103 130 111 103 102 2 0
131 137 1303 1121 142 1616 1291 135 1378 1083 134 119 3 0
110 137 1243 1060 142 1008 770 135 690 520 134 118 4 0
103 114 123 129 126 117 123 119 130 136 118 111 5 0
107 137 1338 1601 142 752 803 135 783 785 134 111 6 0
106 110 1211 1361 126 642 683 119 466 488 134 107 7 0
105 114 113 113 110 122 123 119 146 136 118 111 8 0
105 110 109 122 126 868 987 119 800 952 134 113 9 0
106 121 111 113 110 530 587 103 386 488 118 118 10 0
103 109 105 113 126 105 107 119 114 102 134 15000 11 0
Chip#1
131 137 123 122 126 111 123 119 130 111 134 146 0 55
131 121 108 113 110 105 107 103 114 104 118 120 1 0
131 121 115 122 126 126 123 119 146 136 134 119 2 0
111 114 1301 1121 142 1621 1287 135 1378 1090 134 111 3 0
103 121 1227 1058 126 992 760 119 674 504 118 112 4 0
107 114 123 129 126 114 123 119 130 116 107 114 5 0
103 113 1332 1585 126 752 792 119 767 785 107 108 6 0
110 137 1211 1377 142 638 683 119 482 488 134 110 7 0
103 106 117 122 126 119 123 119 146 136 107 114 8 0
105 107 109 122 126 870 988 119 798 952 134 110 9 0
102 107 106 113 110 528 587 103 386 488 106 115 10 0
112 137 117 122 126 112 123 119 130 110 134 15000 11 0
Chip#1
131 137 109 113 126 106 123 119 130 111 134 127 0 55
131 137 115 113 126 114 107 119 130 112 134 126 1 0
111 113 110 122 126 117 123 119 146 136 106 114 2 0
112 137 1311 1121 126 1628 1300 135 1378 1087 134 119 3 0
112 137 1310 1073 142 1008 768 135 690 520 134 118 4 0
101 137 123 122 126 110 123 119 146 136 108 110 5 0
102 111 1336 1585 126 752 795 119 769 785 108 108 6 0
105 113 1211 1361 126 636 683 119 466 472 118 111 7 0
110 114 115 122 126 124 139 119 146 152 134 116 8 0
105 109 105 113 126 864 986 119 797 952 134 110 9 0
107 113 110 113 126 532 603 119 386 504 134 116 10 0
101 110 107 113 110 104 107 103 114 98 118 15000 11 0
Chip#1
131 137 111 122 126 106 123 119 130 109 134 129 0 55
131 137 117 122 126 111 107 119 130 110 134 128 1 0
115 116 118 122 126 120 139 119 146 136 134 113 2 0
107 114 1307 1105 126 1625 1299 119 1378 1081 134 111 3 0
106 137 1243 1073 142 1008 770 119 690 520 134 113 4 0
109 115 139 122 126 117 123 119 130 136 134 114 5 0
106 121 1337 1601 126 752 797 119 773 785 134 113 6 0
105 113 1211 1377 126 639 683 119 466 488 134 106 7 0
105 107 107 113 110 119 123 119 146 136 106 109 8 0
103 109 104 113 110 869 984 119 794 936 118 111 9 0
105 107 109 122 126 533 603 119 402 504 134 116 10 0
105 106 102 113 126 107 107 119 130 102 134 15000 11 0
Chip#1
131 137 117 122 126 110 123 119 130 110 134 146 0 56
131 121 114 113 110 107 107 119 114 107 134 123 1 0
103 107 113 113 110 116 123 119 130 116 104 115 2 0
110 116 1314 1121 126 1635 1305 135 1394 1092 134 110 3 0
103 115 1243 1060 126 1008 770 119 674 520 134 108 4 0
106 111 118 129 126 116 123 119 130 136 134 107 5 0
112 137 1351 1617 142 752 808 135 781 789 150 116 6 0
107 137 1227 1377 142 638 692 135 466 488 134 110 7 0
109 113 117 122 126 122 123 119 146 136 134 113 8 0
106 112 107 122 126 867 988 135 797 952 134 113 9 0
107 106 107 122 126 532 603 119 386 504 134 116 10 0
114 137 117 122 126 108 123 119 130 109 134 15000 11 0
Chip#1
131 137 113 113 126 106 123 119 130 110 134 127 0 56
147 137 107 122 126 108 123 119 130 110 134 129 1 0
131 137 139 122 126 127 123 135 146 136 134 119 2 0
110 114 1319 1105 126 1635 1309 135 1378 1089 134 111 3 0
101 121 1243 1057 126 1008 771 119 690 520 107 107 4 0
106 115 115 122 126 111 123 119 146 136 108 109 5 0
110 114 1356 1617 142 752 802 135 782 790 134 116 6 0
105 114 1227 1377 126 632 683 119 466 488 134 105 7 0
106 111 113 122 126 127 139 135 146 152 134 114 8 0
112 113 113 122 126 869 991 119 803 952 134 116 9 0
105 107 106 113 126 524 603 119 386 488 108 111 10 0
110 115 107 113 126 107 123 119 114 105 134 15000 11 0
Chip#1
115 121 113 113 110 104 107 103 114 106 134 122 0 57
131 121 106 113 126 104 123 119 130 109 134 123 1 0
109 110 111 113 126 117 123 119 146 136 108 107 2 0
109 115 1323 1105 126 1644 1315 119 1394 1099 134 112 3 0
105 116 1255 1073 126 1008 772 119 690 520 107 115 4 0
101 113 114 122 126 111 123 119 130 116 108 104 5 0
97 109 1354 1617 126 752 798 119 773 785 104 102 6 0
99 114 1211 1377 126 631 683 119 466 472 118 104 7 0
101 107 114 122 126 117 123 119 146 152 104 107 8 0
102 106 113 113 126 868 990 119 796 952 134 113 9 0
94 102 102 113 126 526 603 119 386 488 104 111 10 0
111 114 109 122 126 110 123 119 130 104 134 15000 11 0
Chip#1
147 137 139 122 126 116 123 119 130 114 134 129 0 57
131 137 105 122 126 110 123 119 130 104 134 122 1 0
106 107 108 113 110 116 107 103 130 120 104 107 2 0
105 110 1318 1121 126 1645 1306 119 1394 1092 107 110 3 0
103 114 1255 1073 126 1020 776 119 690 520 134 107 4 0
103 115 139 122 126 112 123 119 130 116 134 114 5 0
103 113 1360 1617 126 752 800 119 779 786 134 113 6 0
102 110 1211 1377 126 635 683 119 466 472 118 106 7 0
107 110 117 122 126 121 139 119 146 152 134 115 8 0
105 113 110 122 126 867 988 119 798 952 134 113 9 0
107 109 105 113 110 523 587 103 386 488 118 112 10 0
106 111 106 113 110 110 107 103 114 107 134 15000 11 0
Chip#1
131 137 113 122 126 108 123 119 130 110 134 146 0 57
131 121 114 113 110 111 107 103 114 110 134 128 1 0
112 113 113 113 126 121 123 119 130 136 118 114 2 0
106 115 1332 1121 126 1660 1318 119 1410 1103 134 107 3 0
105 114 1260 1089 126 1023 779 119 690 520 118 106 4 0
111 121 118 122 126 116 123 119 130 120 118 111 5 0
112 121 1367 1633 142 752 803 119 779 791 134 119 6 0
111 121 1227 1393 126 639 683 119 466 472 118 111 7 0
109 111 118 122 126 121 139 119 146 136 108 114 8 0
109 109 111 113 126 868 983 119 798 952 134 111 9 0
109 109 111 122 126 529 603 119 386 504 134 118 10 0
106 111 107 113 126 106 123 119 114 106 134 15000 11 0
Chip#1
131 121 112 113 110 106 107 103 114 109 134 126 0 57
131 121 113 113 126 106 107 119 114 106 134 126 1 0
110 110 113 122 126 129 123 119 146 136 134 114 2 0
110 121 1336 1137 126 1659 1323 135 1410 1105 134 116 3 0
110 121 1267 1089 126 1034 790 135 706 520 134 116 4 0
103 115 115 113 126 112 123 119 130 115 118 103 5 0
106 121 1362 1633 126 752 798 119 775 788 134 110 6 0
105 113 1243 1402 126 629 683 119 466 488 134 106 7 0
111 137 118 122 126 125 139 119 146 152 134 111 8 0
105 110 110 113 126 870 991 119 796 952 134 112 9 0
110 113 107 113 110 533 603 103 386 488 118 116 10 0
110 110 108 113 110 105 107 103 114 105 134 15000 11 0
Chip#1
131 137 115 122 126 107 123 119 114 107 134 130 0 58
131 111 109 113 126 109 107 103 114 104 118 122 1 0
115 121 123 122 110 121 123 119 146 136 134 115 2 0
111 137 1343 1137 126 1668 1339 135 1410 1114 134 118 3 0
103 137 1263 1089 126 1025 779 119 690 520 134 110 4 0
115 137 139 122 126 120 123 119 146 136 134 118 5 0
111 121 1375 1633 126 736 802 119 781 788 118 115 6 0
112 137 1243 1402 142 643 692 119 466 488 134 114 7 0
106 111 111 113 126 121 139 119 146 152 107 107 8 0
103 113 106 122 126 867 990 119 792 952 134 114 9 0
106 109 109 122 126 527 603 119 402 504 134 119 10 0
110 113 111 122 126 108 123 119 130 107 134 15000 11 0
Chip#1
131 121 113 113 110 106 107 103 114 110 134 130 0 58
147 137 117 122 126 112 123 119 114 112 134 130 1 0
115 114 118 122 126 127 139 135 146 152 134 115 2 0
105 110 1336 1137 126 1665 1339 119 1410 1108 108 107 3 0
111 121 1274 1089 126 1034 789 119 690 520 134 114 4 0
109 113 139 122 126 117 123 119 130 136 118 113 5 0
102 113 1373 1633 126 736 796 119 769 785 108 110 6 0
103 113 1243 1402 126 634 683 119 466 488 118 110 7 0
105 107 113 113 126 124 123 119 146 136 118 110 8 0
107 113 111 122 126 876 994 119 803 952 134 116 9 0
107 110 105 113 110 532 587 119 370 488 118 116 10 0
106 109 104 113 126 107 107 119 130 104 134 15000 11 0
Chip#1
131 137 115 113 110 109 107 119 114 110 134 130 0 58
131 121 111 113 110 106 107 103 114 106 134 122 1 0
107 106 111 113 110 121 123 119 130 136 103 110 2 0
103 109 1333 1121 110 1664 1323 119 1410 1110 107 104 3 0
106 121 1271 1105 126 1035 784 119 706 529 134 114 4 0
111 121 123 122 126 115 123 119 130 136 134 109 5 0
102 114 1377 1649 126 752 796 119 777 785 118 107 6 0
103 114 1243 1402 126 634 683 119 466 472 108 107 7 0
131 121 139 122 126 126 139 119 146 152 134 114 8 0
105 109 110 122 126 870 988 119 797 952 134 109 9 0
109 111 107 113 110 533 603 119 386 504 134 115 10 0
107 111 110 122 126 105 123 119 130 105 134 15000 11 0
Chip#1
131 137 118 113 110 115 123 119 114 112 134 146 0 59
131 121 110 113 110 106 107 103 114 109 118 123 1 0
115 137 118 122 126 125 139 119 146 136 134 116 2 0
103 121 1341 1137 126 1680 1339 119 1426 1107 134 104 3 0
107 114 1271 1105 126 1040 792 119 690 520 118 112 4 0
107 114 118 122 126 110 123 119 130 120 118 108 5 0
109 115 1382 1649 142 752 803 135 773 794 134 114 6 0
114 137 1257 1402 126 644 683 119 482 488 134 115 7 0
105 109 111 122 126 122 139 119 146 152 134 113 8 0
105 109 107 122 126 867 991 119 798 952 134 107 9 0
111 115 113 113 126 540 603 119 386 504 134 123 10 0
107 137 115 122 126 111 123 119 130 109 134 15000 11 0
Chip#1
131 137 117 122 126 105 123 119 130 112 150 146 0 59
131 121 113 122 126 111 123 119 130 110 134 128 1 0
112 121 115 122 126 122 123 119 146 136 134 118 2 0
111 121 1351 1146 126 1680 1355 135 1426 1041 134 115 3 0
110 137 1280 1105 126 1048 791 119 706 529 134 114 4 0
105 114 123 122 126 116 123 119 130 120 134 108 5 0
101 113 1380 1658 142 752 792 135 774 786 134 109 6 0
108 114 1252 1418 126 643 683 119 466 488 134 111 7 0
103 107 109 113 126 119 123 103 146 136 106 104 8 0
103 105 106 113 126 869 988 119 794 952 134 109 9 0
109 114 117 122 126 535 603 119 402 504 134 119 10 0
107 110 104 113 110 110 107 103 114 104 134 15000 11 0
Chip#1
131 121 117 113 110 107 107 119 114 107 134 130 0 59
131 114 113 113 126 107 107 119 130 105 134 122 1 0
131 116 117 122 126 121 139 119 146 136 134 115 2 0
110 115 1350 1146 126 1680 1355 119 1426 1041 134 112 3 0
106 121 1286 1105 126 1044 794 119 706 529 134 115 4 0
106 114 139 122 126 115 123 119 130 116 134 113 5 0
105 111 1388 1658 126 752 798 119 775 785 134 111 6 0
106 113 1259 1402 126 632 683 119 466 472 134 110 7 0
106 109 114 122 126 121 139 119 146 152 134 114 8 0
106 106 109 122 126 865 992 119 796 952 134 109 9 0
112 121 113 122 126 536 603 119 402 504 134 123 10 0
105 109 107 122 110 105 107 119 114 100 134 15000 11 0
Chip#1
131 137 113 122 126 107 123 119 130 105 134 146 0 59
147 121 110 113 126 107 107 119 114 104 134 119 1 0
110 109 113 122 126 119 123 119 130 136 104 111 2 0
110 137 1360 1163 126 1696 1355 119 1442 1041 134 113 3 0
107 115 1290 1105 126 1049 790 119 706 520 134 111 4 0
103 110 114 113 126 109 123 119 130 115 104 102 5 0
105 111 1392 1658 126 736 795 119 771 787 118 107 6 0
106 109 1257 1418 126 634 683 119 466 472 118 103 7 0
110 109 117 113 126 124 123 119 146 136 118 114 8 0
105 110 109 122 142 870 985 135 796 952 134 113 9 0
109 114 114 113 126 533 603 119 386 504 134 122 10 0
131 137 123 122 126 116 123 119 130 120 134 15000 11 0
Chip#1
131 137 107 122 110 106 123 119 114 107 134 127 0 60
131 121 113 122 126 111 123 119 114 109 134 124 1 0
115 137 118 122 126 120 139 135 146 152 134 120 2 0
112 137 1369 1158 126 1696 1371 135 1442 1041 134 114 3 0
105 137 1289 1105 126 1046 802 119 706 529 134 110 4 0
109 111 117 113 126 115 123 103 130 115 118 110 5 0
109 113 1396 1667 126 736 800 119 775 793 118 108 6 0
106 116 1261 1423 142 634 683 135 466 488 134 105 7 0
98 106 107 113 110 117 123 103 130 136 103 106 8 0
103 110 107 113 110 869 991 103 794 936 118 111 9 0
110 111 113 113 126 527 603 119 386 504 107 116 10 0
105 107 109 113 110 110 107 119 114 107 134 15000 11 0
Chip#1
131 113 105 122 110 100 107 119 114 102 134 119 0 60
131 137 114 113 126 111 107 119 114 111 118 119 1 0
131 121 139 122 126 127 123 119 146 136 134 116 2 0
110 121 1364 1146 126 1696 1355 119 1442 1041 118 113 3 0
115 137 1300 1121 142 1055 803 135 722 530 134 115 4 0
99 113 113 122 126 110 123 119 130 115 103 103 5 0
114 114 1401 1675 126 736 800 119 778 785 118 112 6 0
106 112 1261 1433 126 637 683 119 466 488 134 111 7 0
106 113 117 113 126 121 123 119 130 136 108 114 8 0
110 121 115 122 126 872 996 119 802 952 134 114 9 0
112 114 111 113 110 536 603 119 386 504 134 119 10 0
110 111 111 113 126 112 123 119 130 109 134 15000 11 0
Chip#1
131 113 104 113 110 104 107 103 114 102 134 122 0 60
131 137 113 113 126 111 107 119 114 107 134 122 1 0
107 111 111 122 126 119 123 119 146 136 106 111 2 0
103 113 1360 1158 126 1696 1371 119 1442 1041 134 108 3 0
110 137 1296 1105 126 1051 806 119 706 529 134 111 4 0
115 137 139 122 126 121 123 119 146 136 134 119 5 0
109 114 1419 1685 142 752 804 119 777 790 134 113 6 0
110 137 1271 1435 142 641 692 135 482 488 134 114 7 0
102 110 113 113 126 122 123 119 130 136 118 107 8 0
102 106 104 113 110 868 994 119 789 936 118 112 9 0
106 109 107 113 126 529 603 119 386 504 134 118 10 0
106 111 114 122 126 107 107 119 130 107 134 15000 11 0
Chip#1
131 137 111 113 110 110 107 103 114 112 134 130 0 61
131 121 111 113 126 109 107 119 114 107 134 123 1 0
114 110 109 122 126 117 123 119 146 136 134 114 2 0
109 121 1368 1169 126 1712 1371 135 1458 1144 134 114 3 0
111 121 1300 1121 126 1052 805 119 706 529 134 114 4 0
110 137 139 122 142 116 139 119 146 136 134 113 5 0
110 115 1403 1679 126 736 796 103 769 785 118 110 6 0
108 137 1269 1440 142 642 692 135 482 488 134 118 7 0
110 115 123 129 126 126 123 103 146 136 134 115 8 0
106 111 111 129 126 870 997 135 796 952 150 110 9 0
111 111 111 113 126 536 603 119 402 504 134 122 10 0
115 137 114 122 126 114 123 119 130 110 134 15000 11 0
Chip#1
131 137 114 122 126 101 123 119 114 104 150 146 0 61
131 111 107 113 126 106 107 119 114 104 134 124 1 0
111 114 109 113 110 121 123 119 130 136 118 116 2 0
106 114 1374 1168 126 1712 1371 119 1458 1041 134 104 3 0
108 137 1300 1121 126 1055 802 119 706 531 134 107 4 0
112 115 123 122 126 117 123 119 146 136 134 114 5 0
110 114 1419 1684 126 752 799 119 765 785 108 111 6 0
106 110 1273 1438 126 633 683 119 466 472 107 107 7 0
102 107 109 129 126 119 139 119 146 136 108 106 8 0
111 115 111 129 126 874 993 119 799 952 134 113 9 0
102 105 104 113 110 529 603 119 386 504 134 113 10 0
107 111 107 113 110 107 107 103 114 103 134 15000 11 0
Chip#1
131 137 111 122 126 103 123 119 130 107 150 126 0 61
147 137 115 122 126 108 123 119 130 111 134 122 1 0
112 116 115 122 126 124 139 119 146 136 134 115 2 0
112 121 1377 1170 126 1712 1371 119 1458 1041 134 112 3 0
99 111 1300 1121 126 1057 800 119 706 529 106 107 4 0
110 121 139 122 126 121 123 119 130 136 134 114 5 0
103 109 1419 1681 126 736 795 119 772 785 106 107 6 0
111 121 1280 1442 126 637 683 119 466 488 118 111 7 0
107 110 114 113 110 120 123 119 130 136 108 108 8 0
106 110 110 113 126 874 993 119 796 952 134 115 9 0
112 137 115 122 126 536 619 119 402 504 134 123 10 0
112 115 114 113 110 110 107 119 114 106 134 15000 11 0
Chip#1
131 115 106 113 110 104 107 103 114 105 134 122 0 62
131 137 114 122 126 108 123 119 130 111 134 126 1 0
114 111 107 122 126 119 123 119 130 136 107 111 2 0
131 137 1381 1175 142 1728 1387 135 1474 1144 134 116 3 0
103 115 1310 1121 126 1060 809 119 722 531 134 110 4 0
108 114 118 122 126 108 123 119 130 115 134 110 5 0
102 108 1435 1698 142 752 797 119 768 785 106 107 6 0
112 121 1282 1454 126 638 683 119 466 488 134 116 7 0
109 110 114 129 126 119 123 119 146 136 118 113 8 0
106 107 113 129 126 875 994 119 794 952 134 114 9 0
105 105 105 113 110 528 603 119 386 488 134 116 10 0
108 111 113 122 126 108 123 119 130 105 150 15000 11 0
Chip#1
131 137 123 113 110 109 107 119 114 110 134 130 0 62
131 137 115 122 126 107 107 119 114 110 134 126 1 0
115 115 118 122 126 121 123 119 146 136 108 113 2 0
112 114 1382 1182 126 1728 1371 135 1474 1144 134 110 3 0
109 137 1312 1137 126 1071 814 119 722 536 134 114 4 0
103 121 139 122 126 112 123 119 130 136 134 115 5 0
106 114 1419 1697 142 752 792 119 774 789 134 111 6 0
109 137 1281 1454 126 632 683 119 466 472 118 110 7 0
102 111 109 129 126 119 123 119 146 136 106 108 8 0
109 121 117 113 126 876 992 119 802 936 134 120 9 0
103 105 105 122 126 526 603 119 386 488 106 114 10 0
110 115 114 113 126 111 123 119 130 107 134 15000 11 0
Chip#1
147 137 115 122 126 110 123 119 130 111 150 146 0 62
147 137 113 122 126 110 123 119 130 111 134 146 1 0
131 115 123 122 126 122 123 119 146 136 134 118 2 0
109 121 1384 1174 126 1728 1371 119 1458 1144 118 111 3 0
106 115 1313 1137 126 1066 807 119 722 532 134 114 4 0
101 110 114 113 110 109 107 103 130 112 103 104 5 0
111 137 1435 1706 142 768 799 135 782 792 134 119 6 0
111 121 1289 1453 126 641 683 119 466 472 134 113 7 0
107 111 115 129 126 121 123 119 146 152 107 113 8 0
106 109 106 113 126 866 986 119 793 936 134 110 9 0
112 121 115 113 126 533 603 119 386 504 134 120 10 0
110 121 114 113 126 114 123 119 114 109 134 15000 11 0
Chip#1
131 137 114 122 126 109 123 119 130 111 150 130 0 62
131 137 106 122 126 105 123 119 130 105 150 121 1 0
115 111 114 122 126 118 123 119 146 136 134 115 2 0
111 121 1389 1184 126 1728 1371 119 1474 1144 134 113 3 0
105 113 1320 1121 126 1062 808 119 722 535 134 111 4 0
111 121 117 122 126 114 123 119 130 116 134 113 5 0
110 115 1419 1702 126 736 796 119 771 785 134 116 6 0
109 115 1287 1459 142 633 683 119 466 472 134 114 7 0
102 105 110 129 126 121 123 119 146 136 104 106 8 0
109 110 110 129 126 865 991 119 796 952 134 111 9 0
103 109 104 113 126 524 603 119 386 488 134 113 10 0
131 137 117 122 142 116 123 135 130 108 150 15000 11 0
Chip#1
115 121 123 113 110 105 107 103 114 106 134 130 0 63
147 137 110 122 126 108 123 119 130 107 134 123 1 0
131 137 117 122 126 127 139 135 146 136 134 120 2 0
109 114 1395 1183 126 1728 1387 119 1474 1160 134 110 3 0
112 121 1321 1137 126 1074 827 119 722 542 134 114 4 0
107 115 123 122 126 114 123 119 130 136 118 110 5 0
105 110 1435 1706 126 736 798 135 770 786 134 113 6 0
106 121 1287 1464 142 637 692 135 466 488 134 116 7 0
106 115 115 129 126 124 123 119 146 136 108 110 8 0
105 109 114 129 126 876 992 119 796 952 134 114 9 0
98 104 102 113 110 521 587 103 386 488 108 112 10 0
112 111 114 113 126 109 123 119 114 112 134 15000 11 0
Chip#1
131 137 111 113 126 104 107 119 130 107 134 130 0 63
131 115 110 113 126 106 107 119 114 107 134 123 1 0
111 111 115 122 126 120 123 119 146 136 134 109 2 0
106 114 1393 1182 126 1728 1387 119 1474 1144 134 112 3 0
107 137 1323 1137 142 1076 827 135 738 536 134 115 4 0
101 114 115 122 110 114 107 103 114 114 118 106 5 0
103 115 1435 1709 126 736 794 119 769 785 118 106 6 0
106 137 1290 1465 142 633 683 119 466 488 108 110 7 0
107 111 115 113 126 122 123 119 146 136 118 108 8 0
107 114 115 122 126 870 991 119 796 952 134 116 9 0
105 113 110 113 126 532 587 119 386 488 134 119 10 0
106 112 113 122 126 106 123 119 130 106 134 15000 11 0
Chip#1
131 121 111 113 110 110 107 103 114 109 134 130 0 63
131 113 107 113 110 104 107 103 114 104 118 119 1 0
131 137 113 122 126 126 139 119 146 136 134 113 2 0
105 121 1394 1187 126 1744 1387 119 1474 1144 118 108 3 0
107 121 1327 1137 126 1070 827 119 722 531 134 110 4 0
109 121 118 122 126 117 123 119 130 113 134 111 5 0
103 113 1435 1715 126 752 797 119 774 785 107 108 6 0
102 114 1290 1459 126 631 683 119 450 472 118 111 7 0
106 110 114 113 126 119 123 119 130 136 107 108 8 0
109 113 111 122 126 861 990 119 793 952 134 113 9 0
111 114 115 122 126 533 603 119 402 504 134 118 10 0
106 110 106 113 126 105 107 103 114 105 134 15000 11 0
Chip#1
147 137 114 122 126 108 123 119 130 111 134 146 0 64
147 137 113 122 126 105 123 119 130 111 134 124 1 0
112 115 115 113 126 122 123 119 130 136 118 115 2 0
107 121 1400 1190 126 1744 1387 119 1474 1160 108 111 3 0
112 121 1330 1137 126 1086 811 119 722 546 118 111 4 0
103 110 111 113 110 109 107 103 130 110 104 103 5 0
103 115 1435 1727 126 752 800 119 775 787 134 110 6 0
105 115 1296 1470 126 636 683 119 466 488 118 106 7 0
105 106 109 129 126 119 123 119 146 136 104 107 8 0
103 110 109 129 126 865 991 119 797 952 134 114 9 0
111 114 107 129 126 536 603 119 386 504 134 118 10 0
103 121 107 113 110 106 107 103 114 103 134 15000 11 0
Chip#1
131 121 109 113 110 101 107 103 114 102 134 126 0 64
147 137 117 122 126 115 123 119 130 114 134 127 1 0
108 114 114 122 126 121 139 119 146 136 134 115 2 0
110 115 1399 1193 126 1744 1387 119 1474 1160 118 112 3 0
107 137 1329 1153 142 1078 827 135 722 538 134 113 4 0
106 121 123 129 126 111 123 119 130 116 107 107 5 0
109 121 1451 1723 126 752 796 119 773 785 134 110 6 0
102 113 1290 1467 126 624 683 119 466 488 107 114 7 0
103 116 117 129 126 124 139 119 146 152 107 109 8 0
103 107 107 129 126 863 987 119 792 952 134 110 9 0
109 107 107 113 110 527 587 103 386 488 108 110 10 0
101 111 110 122 126 106 123 119 130 104 134 15000 11 0
Chip#1
131 121 111 113 110 107 107 119 114 110 134 128 0 64
131 137 113 113 126 104 107 119 114 104 134 120 1 0
112 111 114 122 126 124 123 119 146 136 108 116 2 0
111 121 1419 1200 126 1744 1403 119 1490 1160 118 111 3 0
107 115 1331 1137 126 1083 827 119 722 543 118 113 4 0
102 112 123 122 126 111 123 119 146 136 106 107 5 0
108 137 1451 1733 142 752 801 135 772 785 134 116 6 0
106 114 1295 1472 126 632 683 119 466 472 134 109 7 0
99 103 109 113 110 112 123 119 130 136 100 106 8 0
102 111 107 113 126 863 984 119 788 936 134 108 9 0
108 115 114 122 126 534 603 119 402 504 134 118 10 0
107 109 111 122 126 108 123 119 130 107 134 15000 11 0
Chip#1
131 137 109 113 126 106 107 119 130 104 134 129 0 65
131 110 104 113 126 102 107 103 114 103 107 116 1 0
131 115 117 122 126 122 123 119 146 136 134 115 2 0
108 137 1435 1201 142 1760 1403 135 1490 1176 134 116 3 0
106 137 1342 1153 142 1092 827 135 738 545 134 115 4 0
106 137 139 129 126 119 123 119 146 136 134 120 5 0
103 115 1451 1727 126 752 791 119 777 789 134 110 6 0
105 113 1302 1484 126 629 683 119 466 472 118 111 7 0
102 110 113 129 126 122 139 119 146 152 108 115 8 0
106 105 107 129 126 859 982 119 784 952 134 109 9 0
102 113 104 129 126 531 603 119 386 504 108 114 10 0
105 111 109 129 126 105 123 119 130 102 134 15000 11 0
Chip#1
131 137 111 113 126 111 107 119 114 109 134 130 0 65
147 137 109 122 126 110 123 119 130 107 134 125 1 0
107 109 113 113 110 130 123 119 146 136 108 114 2 0
106 109 1419 1199 126 1744 1403 119 1490 1160 108 109 3 0
106 115 1339 1137 126 1093 827 119 722 544 118 112 4 0
131 137 139 122 142 121 139 135 146 136 134 118 5 0
105 112 1435 1728 126 736 790 119 764 776 118 108 6 0
103 110 1301 1480 126 626 683 119 466 472 134 107 7 0
106 111 115 129 126 122 139 119 146 152 134 110 8 0
109 110 115 129 126 872 994 119 793 952 134 115 9 0
110 110 110 113 126 532 587 119 386 488 134 115 10 0
110 113 114 113 126 111 107 119 130 110 134 15000 11 0
Chip#1
147 137 114 122 126 108 123 119 130 109 150 130 0 66
147 137 115 122 126 111 123 119 130 110 134 127 1 0
131 137 139 122 142 127 139 135 162 152 134 124 2 0
109 114 1419 1201 126 1760 1403 119 1490 1160 107 108 3 0
107 114 1339 1153 126 1088 827 119 722 543 108 114 4 0
110 121 118 129 126 114 123 119 130 136 118 112 5 0
111 121 1467 1742 126 752 794 119 772 788 134 116 6 0
103 114 1306 1480 126 626 667 119 466 472 118 109 7 0
110 110 114 129 126 121 139 119 146 136 134 112 8 0
107 110 111 113 126 864 985 119 791 936 134 112 9 0
106 111 107 113 126 528 603 119 386 488 134 122 10 0
107 115 107 122 126 110 123 119 130 102 134 15000 11 0
Chip#1
131 137 115 113 126 110 123 119 114 111 134 146 0 66
131 115 107 113 110 107 107 119 114 104 118 118 1 0
115 121 123 122 126 128 123 119 130 136 118 118 2 0
109 121 1419 1205 126 1760 1403 135 1506 1176 134 112 3 0
106 115 1340 1153 126 1090 843 119 722 542 134 110 4 0
106 114 123 129 126 115 123 119 130 120 107 112 5 0
107 121 1467 1742 142 752 790 135 770 785 134 111 6 0
111 137 1314 1490 126 634 683 135 466 488 134 115 7 0
109 114 117 129 126 125 139 119 146 152 108 110 8 0
102 107 110 113 110 858 984 103 785 936 118 108 9 0
98 107 100 97 94 524 587 103 386 488 107 111 10 0
102 108 103 113 110 102 107 103 114 99 134 15000 11 0
Chip#1
131 137 115 122 126 110 123 119 130 111 134 146 0 66
147 114 110 113 126 107 123 119 130 106 134 124 1 0
115 113 118 122 126 122 123 119 146 136 134 114 2 0
103 121 1419 1198 126 1760 1403 119 1490 1160 118 107 3 0
106 121 1343 1153 126 1092 827 119 722 541 134 115 4 0
101 110 113 129 126 111 123 119 130 111 107 107 5 0
109 115 1451 1746 126 736 791 119 770 785 118 115 6 0
107 137 1310 1485 142 631 683 119 466 472 134 114 7 0
98 107 107 129 126 116 123 119 146 136 107 105 8 0
107 114 109 113 126 860 988 119 789 936 134 111 9 0
109 114 113 122 126 536 603 119 386 488 134 120 10 0
106 114 106 122 110 110 123 119 114 102 134 15000 11 0
Chip#1
115 121 113 113 110 107 107 103 114 104 134 128 0 66
131 114 104 113 110 107 107 103 114 102 134 116 1 0
114 113 115 122 126 122 139 119 146 136 134 111 2 0
111 105 1403 1201 110 1760 1403 119 1490 1160 118 108 3 0
110 114 1342 1159 126 1090 827 119 722 543 107 114 4 0
103 109 113 143 126 110 123 119 130 113 103 107 5 0
110 137 1467 1749 126 736 792 119 777 785 134 115 6 0
106 116 1313 1495 126 627 683 119 466 488 134 111 7 0
102 107 107 113 126 117 123 119 146 136 103 107 8 0
102 107 105 122 126 863 986 119 788 952 134 109 9 0
106 111 106 113 110 523 587 119 386 488 134 115 10 0
107 111 107 113 126 106 107 119 130 105 134 15000 11 0
Chip#1
131 121 109 113 110 105 107 119 114 106 134 130 0 67
131 114 101 113 126 104 107 103 114 102 134 119 1 0
108 110 114 122 126 127 139 119 146 136 134 111 2 0
110 121 1419 1212 126 1760 1403 119 1506 1176 118 111 3 0
107 137 1347 1153 126 1091 827 119 747 558 134 114 4 0
112 137 118 129 126 115 123 119 130 136 108 115 5 0
108 137 1467 1753 142 752 796 135 774 785 134 111 6 0
103 113 1311 1492 142 629 683 119 466 488 134 105 7 0
105 114 111 129 126 119 123 119 146 136 118 114 8 0
99 104 107 113 110 863 981 119 792 936 118 110 9 0
106 110 106 113 110 530 587 119 386 488 118 120 10 0
107 114 111 122 110 112 123 119 130 111 134 15000 11 0
Chip#1
131 137 109 122 126 107 107 119 130 109 134 125 0 67
147 137 113 122 126 111 123 119 130 110 134 125 1 0
111 114 114 113 110 121 123 103 130 136 107 112 2 0
105 113 1435 1215 126 1776 1419 119 1506 1176 134 110 3 0
106 113 1348 1164 126 1094 827 119 738 552 118 108 4 0
114 121 139 148 126 121 123 119 146 136 134 119 5 0
103 121 1467 1747 142 736 788 119 770 785 134 111 6 0
107 137 1315 1493 142 626 692 135 482 488 150 117 7 0
109 107 113 129 126 122 139 119 146 152 108 110 8 0
110 115 118 129 126 863 990 119 793 936 134 115 9 0
106 111 110 129 126 526 603 103 386 504 118 114 10 0
110 121 113 113 110 112 123 119 114 109 134 15000 11 0
Chip#1
131 121 123 122 126 112 107 119 114 111 134 146 0 67
147 116 111 122 126 112 123 119 130 105 134 122 1 0
131 111 139 122 126 124 139 119 146 136 134 114 2 0
109 116 1435 1216 126 1776 1435 135 1515 1192 134 111 3 0
102 110 1351 1153 126 1093 827 119 738 547 106 106 4 0
105 121 139 129 126 117 123 119 130 136 134 111 5 0
106 114 1467 1760 126 736 791 119 768 785 134 111 6 0
105 114 1317 1496 126 624 667 119 466 472 106 104 7 0
106 114 117 129 126 126 123 119 146 136 134 114 8 0
107 111 110 129 126 863 988 119 793 936 134 110 9 0
103 109 109 129 126 526 603 119 386 504 134 116 10 0
106 110 110 113 110 109 107 103 114 104 118 15000 11 0
Chip#1
131 137 113 122 110 107 123 103 114 107 134 130 0 68
147 137 110 122 126 103 123 119 130 107 134 122 1 0
115 115 117 113 126 125 123 119 146 136 134 114 2 0
115 116 1451 1226 142 1783 1435 135 1515 1192 134 114 3 0
106 121 1355 1167 126 1100 843 119 738 554 134 110 4 0
105 121 117 151 126 112 123 119 130 120 118 104 5 0
107 137 1467 1760 142 736 798 119 770 785 134 115 6 0
106 114 1311 1496 142 622 683 119 466 472 134 110 7 0
111 111 114 129 126 124 139 119 146 152 134 115 8 0
109 109 107 113 126 856 984 119 785 936 134 108 9 0
110 111 110 113 126 524 603 119 386 488 118 115 10 0
109 109 107 113 126 107 123 103 114 106 134 15000 11 0
Chip#1
131 137 113 113 110 109 123 119 130 110 134 130 0 68
147 137 139 122 126 115 123 135 130 112 134 130 1 0
111 113 123 122 126 122 123 119 146 136 106 109 2 0
112 121 1435 1221 126 1785 1419 135 1506 1192 134 111 3 0
105 110 1342 1153 126 1097 827 119 738 546 104 104 4 0
112 137 139 129 126 117 123 119 146 116 134 111 5 0
111 121 1467 1759 126 736 788 119 769 785 118 111 6 0
105 121 1319 1501 126 622 667 119 466 472 134 108 7 0
112 114 139 129 126 129 139 135 162 152 134 114 8 0
110 114 117 129 126 863 987 119 788 952 134 113 9 0
107 113 113 129 126 530 603 119 386 504 134 115 10 0
103 109 107 129 126 111 123 119 130 104 134 15000 11 0
Chip#1
131 137 105 113 126 105 123 119 114 105 134 125 0 68
131 121 111 122 126 111 107 119 130 107 134 126 1 0
115 115 123 122 126 130 123 119 130 136 118 116 2 0
111 137 1435 1223 126 1787 1435 119 1515 1192 134 119 3 0
109 121 1363 1175 126 1107 843 119 747 563 134 115 4 0
99 109 115 129 126 115 123 119 146 112 108 107 5 0
107 111 1467 1768 126 736 791 119 768 776 118 111 6 0
111 137 1332 1513 142 633 683 135 466 488 134 118 7 0
109 110 115 129 126 126 139 119 146 152 134 115 8 0
102 110 107 129 126 858 979 119 784 936 134 110 9 0
110 115 111 129 126 532 603 119 386 504 134 120 10 0
109 109 107 129 126 111 123 119 130 105 134 15000 11 0
Chip#1
131 121 107 113 110 100 107 103 114 107 134 128 0 69
147 137 111 122 126 107 107 119 130 109 134 124 1 0
131 121 123 122 126 127 123 119 146 136 134 118 2 0
111 137 1435 1223 126 1793 1419 119 1522 1192 134 114 3 0
101 111 1356 1163 126 1102 827 119 738 552 108 108 4 0
108 137 139 147 142 117 139 135 146 136 134 113 5 0
115 137 1483 1765 142 736 788 119 766 785 134 114 6 0
107 137 1326 1511 142 627 683 135 466 488 134 115 7 0
111 114 139 145 126 125 139 135 162 152 134 115 8 0
105 107 109 129 126 855 981 119 783 952 134 103 9 0
103 103 99 113 110 528 587 103 386 488 118 112 10 0
110 111 114 122 126 112 123 119 130 107 150 15000 11 0
Chip#1
131 137 111 113 110 106 107 119 114 109 134 129 0 69
131 109 106 113 110 104 107 103 114 106 106 119 1 0
114 113 118 122 126 126 139 119 146 136 134 120 2 0
109 114 1435 1215 126 1786 1435 119 1515 1192 118 107 3 0
105 113 1356 1164 126 1101 843 119 747 554 107 107 4 0
105 115 123 148 126 111 123 119 130 136 118 104 5 0
111 137 1483 1767 142 736 792 135 769 785 134 116 6 0
103 111 1320 1501 126 619 667 119 450 472 107 104 7 0
108 114 139 129 126 126 139 119 146 152 134 113 8 0
101 101 105 113 126 855 980 119 780 936 134 103 9 0
109 107 110 113 126 530 603 119 386 488 134 118 10 0
106 111 106 113 110 105 107 119 114 106 134 15000 11 0
Chip#1
131 121 118 113 110 109 107 119 114 109 134 128 0 69
131 113 104 113 110 100 107 119 114 101 118 116 1 0
131 137 139 122 126 129 123 119 146 136 134 120 2 0
109 121 1435 1225 126 1790 1435 119 1520 1192 134 114 3 0
102 114 1357 1170 126 1104 843 119 747 558 134 111 4 0
109 115 139 155 126 121 123 119 146 136 134 115 5 0
106 115 1483 1767 126 736 783 119 766 785 108 112 6 0
103 114 1327 1508 126 617 683 135 466 472 108 109 7 0
102 106 110 113 126 117 123 119 146 136 118 106 8 0
103 109 110 113 126 855 983 119 780 936 134 111 9 0
111 114 110 122 126 524 587 119 386 488 134 120 10 0
107 110 113 113 126 110 123 119 130 105 134 15000 11 0
Chip#1
131 114 105 113 110 105 107 119 114 102 134 126 0 69
131 114 104 113 110 104 107 119 114 102 107 116 1 0
112 113 115 122 126 119 123 119 146 136 134 113 2 0
110 121 1435 1227 126 1784 1419 119 1519 1192 134 111 3 0
107 121 1368 1174 126 1105 843 119 747 561 134 107 4 0
110 115 123 129 126 118 123 119 130 120 118 112 5 0
105 121 1483 1762 126 736 784 135 763 785 134 110 6 0
108 137 1329 1512 142 623 683 135 466 488 134 109 7 0
103 106 107 113 126 115 123 119 146 152 134 102 8 0
99 105 105 113 126 855 972 119 778 936 134 107 9 0
107 113 117 122 126 526 603 119 386 488 134 122 10 0
109 110 110 113 110 107 107 119 114 107 134 15000 11 0
Chip#1
131 121 106 113 110 110 107 103 114 104 134 127 0 70
131 114 104 113 110 104 107 103 114 104 118 119 1 0
111 109 115 122 126 122 139 119 146 136 106 109 2 0
109 114 1451 1229 126 1791 1435 119 1518 1192 134 111 3 0
101 110 1358 1170 126 1106 843 119 747 554 118 104 4 0
103 111 117 155 126 109 123 119 130 110 104 106 5 0
111 137 1499 1784 142 736 792 135 775 785 134 116 6 0
107 114 1329 1513 126 626 683 119 466 472 134 108 7 0
103 114 115 129 126 124 139 119 146 136 118 110 8 0
111 121 118 129 126 868 987 119 793 936 134 120 9 0
102 104 108 113 110 528 587 103 386 488 118 115 10 0
107 113 110 122 126 112 123 119 130 106 134 15000 11 0
Chip#1
131 121 113 113 110 109 107 103 114 107 134 130 0 70
147 137 139 122 126 114 123 119 130 112 134 130 1 0
114 114 117 122 126 121 139 119 146 136 134 116 2 0
108 137 1451 1228 142 1791 1435 135 1525 1192 134 113 3 0
101 111 1361 1168 126 1100 827 103 738 552 106 106 4 0
103 137 139 152 126 116 123 119 130 136 134 111 5 0
107 111 1483 1763 126 720 777 119 760 776 118 110 6 0
107 112 1329 1511 142 618 683 119 466 472 134 110 7 0
109 113 118 129 126 125 139 119 146 136 134 111 8 0
101 106 107 113 110 855 975 119 774 920 134 104 9 0
102 101 102 113 126 518 587 103 386 488 100 110 10 0
101 107 100 113 110 105 107 103 114 99 118 15000 11 0
Chip#1
131 121 106 113 110 102 107 119 114 104 134 122 0 70
131 110 105 113 126 101 123 119 130 104 134 116 1 0
107 106 111 122 110 115 123 119 146 136 108 106 2 0
111 121 1451 1232 142 1799 1435 135 1526 1208 134 115 3 0
106 137 1371 1174 126 1112 843 119 747 561 134 116 4 0
110 116 118 158 142 119 139 119 146 136 134 110 5 0
110 137 1499 1782 142 736 790 135 769 785 134 120 6 0
111 121 1333 1517 126 619 667 119 466 472 118 107 7 0
107 110 110 129 126 122 139 119 146 152 108 110 8 0
105 113 109 113 110 852 974 119 783 936 118 107 9 0
109 113 111 113 110 527 587 119 386 488 118 119 10 0
111 115 115 113 126 106 123 119 114 110 134 15000 11 0
Chip#1
147 137 114 122 126 107 123 119 130 110 134 129 0 71
131 114 105 113 110 105 107 119 114 105 118 120 1 0
111 115 123 113 126 125 123 119 146 136 118 113 2 0
109 121 1451 1227 126 1798 1435 119 1524 1208 134 111 3 0
109 121 1368 1175 126 1108 843 119 747 562 118 110 4 0
105 109 117 129 126 110 123 119 130 113 108 107 5 0
111 137 1483 1779 142 736 789 135 764 785 134 113 6 0
106 121 1335 1511 126 619 683 119 466 472 134 110 7 0
103 110 115 129 126 121 139 119 146 152 134 111 8 0
101 101 105 113 110 847 974 103 774 920 118 103 9 0
111 121 114 113 126 530 587 119 386 488 134 119 10 0
107 109 111 113 126 106 123 119 114 105 134 15000 11 0
Chip#1
131 137 109 122 126 107 123 119 114 107 134 129 0 71
147 137 109 122 126 106 123 119 130 107 134 118 1 0
105 103 105 113 110 125 123 119 130 120 104 110 2 0
112 114 1451 1234 142 1798 1435 135 1532 1208 134 111 3 0
110 137 1370 1177 142 1108 843 135 747 561 134 111 4 0
109 115 139 129 126 116 123 119 146 136 134 113 5 0
110 121 1483 1777 126 736 783 119 760 785 134 111 6 0
107 114 1331 1513 126 617 667 119 466 472 134 114 7 0
103 113 113 129 126 120 123 119 146 136 118 108 8 0
108 107 110 129 126 854 975 119 779 936 134 110 9 0
103 110 104 129 126 522 587 119 386 488 134 118 10 0
106 121 110 113 126 110 107 119 114 104 134 15000 11 0
Chip#1
131 137 107 113 110 106 107 103 114 110 134 127 0 71
147 137 115 122 126 111 123 119 130 112 134 130 1 0
131 121 117 122 142 127 123 119 146 136 134 115 2 0
107 116 1467 1231 142 1800 1435 135 1532 1208 134 113 3 0
105 113 1371 1177 142 1110 843 119 747 559 134 110 4 0
111 121 123 129 126 122 107 119 130 120 118 116 5 0
102 113 1483 1777 126 736 774 119 760 776 134 107 6 0
105 115 1333 1513 126 614 667 119 450 472 118 104 7 0
112 121 139 129 126 126 139 119 146 152 134 119 8 0
106 115 115 113 126 860 980 119 783 936 134 113 9 0
103 109 110 113 110 519 587 119 386 488 108 116 10 0
105 111 110 113 110 109 107 103 114 106 118 15000 11 0
Chip#1
131 137 117 122 126 109 107 119 114 107 134 130 0 72
147 121 109 122 126 108 107 119 114 106 134 126 1 0
131 121 123 122 126 128 123 119 146 136 134 119 2 0
110 114 1451 1238 126 1798 1435 135 1526 1208 134 111 3 0
106 115 1370 1180 126 1108 843 119 738 561 118 114 4 0
106 114 139 129 142 117 139 135 146 116 107 111 5 0
107 113 1483 1780 126 736 774 119 764 785 134 113 6 0
105 115 1337 1520 126 616 667 119 466 472 134 106 7 0
111 111 123 129 126 122 139 119 146 152 134 114 8 0
106 113 113 129 126 852 974 119 778 936 134 111 9 0
102 110 107 113 110 519 587 119 370 472 118 114 10 0
102 103 102 97 110 105 107 103 98 95 118 15000 11 0
Chip#1
131 137 110 113 110 106 123 119 114 102 134 129 0 72
131 137 109 122 126 108 107 119 114 106 134 122 1 0
114 115 113 122 126 121 123 119 146 136 118 115 2 0
109 121 1451 1232 126 1798 1435 119 1536 1192 118 108 3 0
109 121 1376 1179 126 1120 843 119 747 561 118 112 4 0
103 114 118 129 126 114 123 119 130 114 107 108 5 0
101 115 1483 1780 126 720 774 119 754 785 134 109 6 0
107 115 1338 1521 126 618 667 119 466 488 134 110 7 0
109 114 118 113 110 124 123 103 130 136 118 110 8 0
110 113 111 122 126 858 979 119 782 936 134 109 9 0
103 114 109 113 126 522 603 119 386 488 134 114 10 0
106 112 113 122 126 105 123 119 130 102 134 15000 11 0
Chip#1
131 137 123 122 126 112 123 119 130 112 134 146 0 72
131 121 105 113 110 105 107 103 114 100 108 118 1 0
131 137 117 122 126 121 139 119 146 136 134 114 2 0
109 121 1451 1237 126 1802 1435 119 1533 1192 118 114 3 0
110 137 1377 1187 126 1114 859 119 748 561 134 116 4 0
107 121 123 129 126 114 123 119 130 120 134 111 5 0
105 137 1499 1783 142 736 780 135 760 785 108 110 6 0
102 107 1331 1516 126 607 667 119 450 472 108 102 7 0
103 110 109 129 126 119 123 119 146 136 104 114 8 0
114 111 114 129 126 854 971 119 780 936 134 113 9 0
107 111 113 113 126 524 587 119 386 488 134 118 10 0
110 114 107 113 110 109 107 103 114 107 134 15000 11 0
Chip#1
147 137 115 122 126 111 123 119 130 111 150 146 0 73
147 137 106 122 126 107 123 119 130 102 134 120 1 0
114 115 115 122 126 121 123 119 146 136 134 110 2 0
111 137 1451 1241 126 1805 1435 135 1536 1208 134 115 3 0
131 137 1383 1190 142 1122 859 119 749 571 134 119 4 0
107 121 123 129 126 119 123 119 130 120 118 110 5 0
110 137 1499 1786 142 736 776 119 756 785 134 110 6 0
109 137 1345 1533 142 617 667 135 466 472 134 110 7 0
106 121 118 129 110 121 123 103 146 136 108 112 8 0
107 111 113 129 126 852 978 119 784 936 134 115 9 0
112 137 117 129 126 528 603 119 386 504 134 122 10 0
103 110 107 129 126 110 107 119 114 101 134 15000 11 0
Chip#1
131 137 114 113 110 112 107 119 114 112 134 146 0 73
147 137 113 122 126 110 107 119 114 110 134 124 1 0
108 103 111 122 126 122 123 119 146 152 106 113 2 0
109 137 1467 1237 126 1802 1435 119 1538 1208 134 116 3 0
109 137 1374 1184 126 1118 843 119 747 563 108 119 4 0
101 114 117 129 110 112 123 119 130 114 102 108 5 0
112 114 1499 1791 126 736 773 119 760 776 134 114 6 0
110 114 1341 1524 126 612 683 135 466 488 134 110 7 0
112 121 123 129 126 130 139 119 146 136 134 115 8 0
106 103 104 113 110 853 970 103 768 920 118 108 9 0
107 113 110 113 126 522 587 119 386 488 134 115 10 0
106 109 109 113 110 108 107 119 114 107 134 15000 11 0
Chip#1
115 121 108 113 110 102 107 103 114 102 134 124 0 73
131 121 106 113 126 107 107 103 114 104 118 118 1 0
112 114 115 122 126 129 123 119 146 136 134 110 2 0
112 121 1451 1242 126 1799 1435 119 1532 1208 134 114 3 0
101 110 1364 1177 126 1100 843 119 738 556 107 104 4 0
109 121 123 129 126 117 123 119 130 116 134 110 5 0
115 137 1499 1791 142 736 776 135 764 785 134 116 6 0
111 121 1339 1526 126 616 667 119 466 472 118 115 7 0
107 112 139 129 126 122 139 119 146 152 134 111 8 0
111 114 114 129 126 855 975 119 779 936 134 111 9 0
108 110 111 129 126 526 603 119 386 504 134 118 10 0
98 101 106 113 110 102 107 103 114 95 106 15000 11 0
Chip#1
131 121 111 113 110 109 107 103 114 106 134 126 0 73
131 121 109 113 126 102 107 103 114 102 134 120 1 0
114 111 109 122 126 124 123 119 146 136 134 111 2 0
111 137 1467 1238 126 1808 1451 135 1535 1208 134 114 3 0
112 137 1377 1189 142 1116 859 135 749 564 134 114 4 0
112 137 139 129 126 125 123 135 146 136 134 113 5 0
111 121 1483 1793 126 720 776 119 760 776 134 111 6 0
102 110 1332 1519 126 603 651 119 450 472 103 103 7 0
107 107 118 113 126 126 123 119 146 136 118 110 8 0
103 107 106 113 126 849 971 119 766 920 134 110 9 0
97 103 101 113 110 513 587 119 386 488 104 107 10 0
110 116 109 113 126 110 123 119 130 110 134 15000 11 0
Chip#1
131 121 113 113 110 109 107 103 114 105 134 123 0 74
131 137 113 122 126 111 123 119 130 109 134 126 1 0
115 114 117 113 126 122 123 103 130 136 118 115 2 0
110 137 1467 1244 126 1801 1451 135 1532 1208 134 112 3 0
111 137 1381 1185 126 1116 843 135 748 563 134 111 4 0
105 121 115 129 126 115 107 119 130 120 107 108 5 0
105 121 1483 1792 126 720 767 119 750 776 118 107 6 0
109 114 1342 1531 126 610 667 119 450 472 118 106 7 0
115 121 139 129 142 127 139 135 146 152 134 119 8 0
111 115 115 129 126 853 977 119 785 920 134 115 9 0
107 113 110 129 126 523 587 119 386 488 134 119 10 0
109 121 107 113 126 114 123 119 130 110 134 15000 11 0
Chip#1
131 137 118 113 110 107 107 103 114 112 134 130 0 74
131 137 113 122 126 105 107 119 130 101 134 120 1 0
108 109 114 122 126 116 123 119 146 136 104 107 2 0
111 137 1467 1242 126 1807 1451 135 1541 1208 134 116 3 0
112 121 1381 1188 126 1117 843 119 750 564 118 112 4 0
107 114 117 129 126 115 123 119 130 113 108 107 5 0
109 121 1499 1789 126 720 771 119 758 776 134 114 6 0
107 137 1337 1526 126 613 667 119 466 472 134 114 7 0
114 121 123 129 126 129 139 119 146 152 134 120 8 0
106 111 111 113 110 849 967 103 770 920 134 107 9 0
114 121 118 122 110 523 587 119 386 488 134 122 10 0
114 121 117 113 110 114 107 119 130 107 134 15000 11 0
Chip#1
131 137 110 122 126 108 123 119 130 107 134 129 0 75
131 137 111 122 126 107 107 119 114 106 134 123 1 0
111 109 117 122 126 120 123 119 146 136 134 115 2 0
114 121 1451 1253 126 1810 1451 119 1548 1208 118 119 3 0
101 109 1373 1182 126 1110 843 119 747 556 106 107 4 0
97 107 118 113 110 109 107 103 114 114 103 101 5 0
102 137 1499 1786 126 720 766 119 759 776 134 110 6 0
107 113 1340 1526 126 608 651 119 450 472 134 108 7 0
107 109 139 129 126 121 139 119 146 152 134 110 8 0
102 111 110 113 126 849 967 119 768 920 134 112 9 0
112 121 115 113 126 526 587 119 386 488 134 122 10 0
109 113 111 113 110 109 107 103 114 109 134 15000 11 0
Chip#1
131 137 111 113 110 106 107 119 114 109 134 130 0 75
131 121 115 113 126 112 107 119 114 110 118 126 1 0
131 121 123 122 126 128 123 119 146 136 134 124 2 0
109 137 1467 1249 126 1805 1451 119 1540 1208 134 114 3 0
105 121 1373 1185 126 1107 843 119 751 557 118 112 4 0
107 114 139 129 126 116 123 119 146 136 134 111 5 0
102 109 1483 1783 126 704 756 119 750 776 106 106 6 0
102 107 1333 1525 126 600 651 119 450 456 103 107 7 0
111 121 117 129 126 129 139 119 146 152 134 115 8 0
103 121 117 129 126 852 972 119 778 920 134 113 9 0
102 110 110 129 126 521 587 119 386 488 134 113 10 0
107 113 108 113 110 110 107 103 114 102 118 15000 11 0
Chip#1
131 121 108 113 110 107 107 103 114 106 134 128 0 75
131 116 110 113 126 109 123 119 130 104 134 118 1 0
110 106 110 122 126 120 123 119 146 136 107 109 2 0
109 121 1451 1241 126 1806 1435 119 1541 1208 118 107 3 0
103 116 1376 1186 142 1114 859 119 751 560 134 107 4 0
109 121 123 129 126 117 123 119 130 120 108 107 5 0
102 121 1499 1793 126 720 765 119 749 776 118 109 6 0
112 121 1345 1537 126 615 667 119 466 472 134 118 7 0
105 108 112 113 110 121 123 103 130 136 118 107 8 0
110 114 114 122 142 854 969 135 777 936 150 117 9 0
105 114 111 113 126 521 587 119 386 488 134 116 10 0
111 137 117 122 126 111 107 119 130 109 134 15000 11 0
Chip#1
131 137 111 122 110 105 123 119 130 105 134 129 0 76
131 121 108 113 110 105 107 103 114 104 118 120 1 0
115 116 139 122 142 129 139 135 146 152 134 118 2 0
111 137 1467 1247 142 1813 1451 135 1541 1208 134 114 3 0
114 137 1390 1192 126 1121 859 135 751 570 134 116 4 0
109 111 123 129 126 115 123 119 130 113 107 108 5 0
106 121 1499 1784 126 720 766 119 753 776 134 114 6 0
106 115 1341 1524 126 609 667 119 466 472 134 110 7 0
111 121 123 129 126 127 139 119 146 152 134 118 8 0
101 106 100 113 110 842 939 103 763 904 118 104 9 0
98 101 98 113 110 509 571 103 370 472 104 106 10 0
107 114 111 113 126 109 123 119 114 107 134 15000 11 0
Chip#1
131 115 111 113 110 110 107 103 114 104 134 124 0 76
147 137 113 122 126 110 123 119 130 110 134 126 1 0
131 116 118 122 126 124 139 119 146 152 134 115 2 0
109 137 1467 1233 126 1801 1451 135 1535 1208 134 114 3 0
105 112 1375 1179 126 1107 843 135 748 558 134 111 4 0
109 121 123 129 126 120 123 119 130 120 118 108 5 0
103 114 1499 1780 142 720 759 135 754 776 134 107 6 0
99 111 1335 1517 126 599 651 119 450 456 134 106 7 0
99 107 113 113 126 119 123 119 146 136 106 108 8 0
106 109 107 113 126 846 962 119 769 904 118 107 9 0
114 121 114 113 126 523 587 119 370 488 134 123 10 0
106 110 106 113 126 111 107 119 130 106 134 15000 11 0
Chip#1
115 121 113 113 110 109 107 103 114 109 134 124 0 76
147 137 111 122 126 112 123 119 146 108 134 146 1 0
112 110 117 122 126 124 123 119 146 136 134 111 2 0
131 137 1467 1248 126 1812 1451 135 1542 1208 134 123 3 0
103 113 1380 1182 126 1110 843 119 747 562 108 110 4 0
111 121 139 129 126 117 123 119 130 136 134 115 5 0
107 121 1483 1793 126 704 758 119 748 760 134 114 6 0
111 137 1351 1541 142 606 667 135 466 472 134 113 7 0
106 112 115 129 126 118 139 135 146 152 134 107 8 0
103 106 104 129 126 834 952 119 764 920 134 113 9 0
110 115 109 129 110 518 587 119 386 488 134 120 10 0
102 110 109 113 110 106 107 103 114 102 134 15000 11 0
Chip#1
131 121 115 113 126 110 123 119 130 107 134 146 0 77
147 137 113 122 126 106 123 119 130 102 134 119 1 0
110 111 113 122 126 120 123 119 146 136 134 116 2 0
109 121 1467 1237 126 1801 1435 119 1538 1208 118 110 3 0
106 137 1381 1182 126 1112 859 119 747 561 134 111 4 0
107 116 123 129 126 117 123 119 130 136 134 111 5 0
107 113 1499 1787 126 720 760 119 747 776 134 111 6 0
103 114 1337 1529 126 598 651 119 450 456 118 110 7 0
106 110 113 129 126 115 139 119 146 136 134 107 8 0
110 115 113 113 126 847 966 119 771 920 134 115 9 0
110 121 115 122 126 523 587 119 386 488 134 120 10 0
110 116 113 122 126 108 123 119 130 107 134 15000 11 0
Chip#1
115 137 111 113 110 98 107 103 114 105 134 124 0 77
131 121 115 113 126 110 123 119 130 110 134 128 1 0
112 137 117 122 126 124 139 119 146 152 134 116 2 0
107 121 1451 1239 110 1802 1435 119 1535 1192 118 112 3 0
105 137 1384 1192 126 1115 843 119 747 561 134 115 4 0
112 121 139 129 126 117 123 119 130 136 134 113 5 0
109 137 1499 1786 126 704 766 119 747 760 134 107 6 0
112 121 1339 1526 126 609 651 119 450 456 118 112 7 0
102 110 117 129 126 124 123 119 146 136 134 110 8 0
98 107 107 113 110 836 955 103 763 904 118 106 9 0
103 113 106 113 110 513 571 119 370 472 118 114 10 0
108 121 114 113 126 115 123 119 130 114 134 15000 11 0
Chip#1
115 137 106 113 110 104 107 119 114 101 134 126 0 77
131 116 109 113 126 107 107 119 130 101 134 120 1 0
110 111 111 122 126 120 123 119 146 136 107 111 2 0
105 121 1467 1239 126 1799 1435 119 1535 1192 118 110 3 0
101 111 1375 1180 126 1106 843 119 747 554 107 106 4 0
99 110 118 113 110 112 107 103 130 115 106 106 5 0
105 114 1499 1792 126 704 759 135 748 776 134 109 6 0
108 116 1345 1534 126 602 651 119 450 472 134 114 7 0
101 114 115 129 126 120 123 119 146 136 118 111 8 0
106 106 107 129 126 839 955 119 763 904 134 110 9 0
107 110 109 129 126 516 587 119 370 472 134 115 10 0
109 113 110 113 126 108 123 119 130 105 134 15000 11 0
Chip#1
131 137 123 122 110 112 123 119 130 114 150 146 0 78
131 121 115 113 110 111 107 103 114 111 134 128 1 0
105 114 107 113 110 122 123 119 130 136 118 111 2 0
111 121 1467 1242 126 1811 1435 135 1527 1208 134 111 3 0
103 113 1376 1179 126 1111 843 119 747 561 106 107 4 0
105 109 113 129 126 110 123 119 130 111 103 104 5 0
102 115 1499 1785 126 704 750 119 747 776 104 106 6 0
109 121 1343 1532 126 597 651 119 450 472 118 108 7 0
112 114 123 129 126 125 123 119 146 136 134 113 8 0
107 115 114 129 126 839 958 119 767 920 134 116 9 0
98 107 107 113 110 511 587 119 370 472 106 109 10 0
103 113 113 113 126 110 107 119 130 107 134 15000 11 0
Chip#1
131 137 114 113 126 106 107 119 114 107 134 128 0 78
147 121 111 122 126 110 107 119 130 109 134 124 1 0
114 121 118 122 126 131 123 119 146 136 134 115 2 0
114 137 1467 1249 126 1805 1451 119 1537 1208 134 114 3 0
109 121 1383 1184 126 1116 843 119 738 559 118 112 4 0
103 114 123 129 126 115 123 103 130 136 106 110 5 0
106 113 1499 1787 126 704 755 119 747 776 134 110 6 0
111 121 1343 1538 126 600 651 119 450 472 134 111 7 0
103 113 111 129 126 120 123 119 130 136 134 109 8 0
111 121 114 129 126 842 958 135 768 920 150 111 9 0
112 113 111 113 110 517 571 119 370 472 134 118 10 0
97 107 104 113 110 106 107 103 114 101 107 15000 11 0
Chip#1
131 137 111 113 110 104 107 119 114 101 134 124 0 78
147 137 111 122 126 106 107 119 130 104 134 123 1 0
114 113 114 113 110 121 123 119 146 120 118 114 2 0
114 137 1467 1244 142 1807 1451 135 1535 1208 134 115 3 0
111 137 1380 1188 142 1117 859 135 751 565 134 115 4 0
110 137 139 129 126 116 123 135 146 136 134 114 5 0
107 121 1483 1787 126 704 759 119 738 760 134 114 6 0
109 116 1335 1532 126 595 651 119 450 472 134 110 7 0
105 111 118 113 110 118 123 103 130 136 118 110 8 0
103 110 104 113 126 829 950 119 751 904 134 106 9 0
107 114 110 122 126 514 587 119 386 488 134 115 10 0
105 114 109 113 126 108 107 119 114 100 134 15000 11 0
Chip#1
147 137 110 122 126 106 123 119 130 110 150 127 0 78
131 110 102 113 110 100 107 119 114 99 106 115 1 0
110 113 111 113 110 120 123 119 146 136 108 111 2 0
111 121 1467 1242 126 1798 1451 135 1532 1208 134 109 3 0
107 137 1375 1184 142 1112 859 135 748 561 134 113 4 0
102 113 113 129 110 111 123 119 130 114 104 104 5 0
106 114 1483 1780 126 688 753 119 747 760 118 111 6 0
103 116 1341 1530 142 595 651 119 450 472 134 110 7 0
105 110 114 129 126 122 139 119 146 152 134 111 8 0
109 113 115 129 126 833 939 119 758 904 134 110 9 0
115 137 117 129 126 519 587 119 386 488 134 123 10 0
106 110 113 113 126 109 107 119 114 100 134 15000 11 0
Chip#1
131 121 111 113 110 105 107 103 114 102 134 124 0 79
131 121 111 113 126 111 107 119 114 107 134 128 1 0
112 114 113 122 126 124 123 119 146 136 108 110 2 0
112 137 1467 1249 142 1800 1451 135 1534 1208 134 118 3 0
105 114 1377 1175 126 1108 843 119 747 556 134 108 4 0
105 113 117 129 126 115 123 119 130 113 106 106 5 0
107 113 1483 1776 126 688 746 119 738 760 118 106 6 0
107 114 1337 1526 142 599 651 119 450 456 134 108 7 0
102 107 111 129 126 120 123 119 146 136 108 110 8 0
101 103 103 113 110 828 939 103 755 888 118 106 9 0
103 111 106 113 126 511 571 103 370 472 134 114 10 0
109 111 109 113 126 106 123 119 114 102 134 15000 11 0
Chip#1
131 137 117 122 126 108 123 119 130 112 134 146 0 79
131 115 107 113 110 105 107 103 114 105 118 119 1 0
110 111 111 122 110 121 123 119 130 136 108 112 2 0
103 114 1467 1238 126 1798 1435 119 1529 1192 118 104 3 0
106 121 1376 1189 126 1112 843 119 747 562 134 115 4 0
101 114 114 129 126 109 123 119 130 115 104 107 5 0
111 137 1499 1791 142 704 759 119 747 776 134 114 6 0
101 115 1343 1525 126 593 651 119 450 472 134 107 7 0
103 110 111 129 126 120 139 119 146 136 118 107 8 0
102 109 109 113 126 833 939 119 751 904 134 113 9 0
99 108 102 113 110 512 571 103 370 472 106 112 10 0
105 115 107 113 110 109 107 103 114 104 134 15000 11 0
Chip#1
131 137 114 113 126 104 107 103 114 109 134 146 0 80
131 121 114 113 110 110 107 103 114 104 118 124 1 0
109 110 113 113 110 117 123 119 146 136 107 113 2 0
103 114 1467 1232 126 1790 1435 119 1523 1192 103 104 3 0
105 114 1375 1179 126 1108 843 119 738 556 106 108 4 0
105 121 123 129 126 119 123 119 130 136 134 113 5 0
103 114 1483 1782 126 704 749 119 738 760 118 110 6 0
103 109 1324 1513 126 584 635 119 434 456 106 103 7 0
103 110 114 129 110 120 123 119 146 136 108 104 8 0
106 113 115 113 126 826 939 119 759 904 134 111 9 0
101 105 103 113 110 496 571 103 370 472 103 104 10 0
105 113 106 113 110 104 107 103 114 100 118 15000 11 0
Chip#1
131 137 113 113 126 104 107 119 130 105 134 124 0 80
131 121 104 113 110 104 107 119 114 101 134 119 1 0
115 115 123 122 126 126 123 119 146 136 134 113 2 0
115 137 1483 1248 126 1798 1451 135 1531 1208 134 116 3 0
108 137 1377 1184 126 1108 859 135 747 558 108 111 4 0
103 114 118 129 126 112 123 119 130 111 107 105 5 0
107 137 1499 1789 126 688 743 119 738 760 134 114 6 0
110 121 1335 1525 126 597 651 119 450 456 134 112 7 0
107 113 123 129 126 122 123 119 146 152 118 116 8 0
103 107 107 113 110 827 939 103 750 888 118 107 9 0
105 105 111 113 110 512 555 103 370 456 118 108 10 0
110 137 117 122 126 114 123 119 130 106 134 15000 11 0
Chip#1
114 115 106 113 110 104 107 103 114 101 134 119 0 80
131 121 109 113 110 105 107 119 114 101 134 122 1 0
111 111 115 122 126 121 123 119 146 136 108 110 2 0
111 115 1451 1247 126 1801 1419 119 1528 1192 118 108 3 0
111 137 1380 1189 126 1116 859 135 748 564 134 119 4 0
102 111 118 129 110 107 123 119 130 113 107 106 5 0
111 121 1483 1784 126 704 746 119 738 760 134 115 6 0
107 121 1342 1519 126 595 635 119 450 472 134 111 7 0
102 113 114 129 126 120 123 119 146 152 108 111 8 0
110 110 113 129 126 834 939 119 759 888 134 116 9 0
111 114 113 129 126 512 571 119 386 472 134 120 10 0
110 121 117 129 126 111 123 119 130 110 134 15000 11 0
Chip#1
115 121 118 97 110 105 107 103 114 110 134 130 0 80
131 114 113 113 126 106 107 119 114 105 134 118 1 0
107 105 106 113 110 115 107 103 130 115 104 104 2 0
105 114 1467 1239 126 1793 1435 135 1520 1192 134 111 3 0
112 137 1384 1189 126 1114 843 119 747 562 134 114 4 0
112 121 139 129 126 114 123 119 130 120 107 108 5 0
107 113 1499 1785 126 688 746 119 738 760 134 112 6 0
109 115 1339 1524 126 595 635 119 450 456 118 114 7 0
109 113 113 113 110 124 123 103 146 136 118 110 8 0
101 110 106 113 110 821 923 103 749 785 118 108 9 0
107 114 115 113 126 509 571 119 370 472 134 120 10 0
109 114 111 113 110 112 107 103 114 106 134 15000 11 0
Chip#1
147 137 117 122 126 112 123 119 130 110 150 146 0 81
131 137 106 122 126 107 123 119 114 104 134 126 1 0
114 111 115 122 126 121 123 119 130 136 134 115 2 0
110 121 1467 1242 126 1790 1435 135 1526 1192 134 112 3 0
107 115 1376 1178 126 1101 843 119 747 554 134 110 4 0
105 114 123 129 110 115 123 119 130 116 134 110 5 0
108 137 1499 1777 142 704 739 135 747 776 150 113 6 0
111 137 1338 1529 142 592 635 119 450 456 134 115 7 0
111 137 139 129 126 129 139 119 146 152 134 118 8 0
111 116 113 129 142 832 948 135 756 904 150 115 9 0
111 114 115 129 126 508 587 119 370 472 134 119 10 0
105 110 107 113 110 102 107 119 114 99 134 15000 11 0
Chip#1
131 137 114 122 126 108 123 119 130 106 134 146 0 81
131 111 102 113 110 101 91 103 114 99 118 119 1 0
115 116 115 122 126 130 139 119 146 136 134 116 2 0
102 111 1451 1233 126 1786 1419 119 1520 1192 108 110 3 0
109 114 1376 1179 126 1102 843 135 747 554 107 114 4 0
106 137 139 129 126 117 123 119 130 136 134 111 5 0
106 110 1483 1777 126 688 743 119 738 744 118 111 6 0
111 116 1333 1520 126 588 635 119 450 456 134 110 7 0
111 121 123 129 126 126 139 119 146 136 134 116 8 0
107 113 115 129 126 819 939 135 747 904 134 114 9 0
105 111 108 113 110 496 571 119 370 472 118 122 10 0
98 109 102 113 110 100 107 103 114 99 118 15000 11 0
Chip#1
131 121 113 113 110 106 107 103 114 109 134 126 0 81
147 137 109 122 126 107 107 119 130 102 134 120 1 0
112 113 115 113 126 126 123 119 146 136 134 114 2 0
109 114 1451 1239 126 1790 1435 119 1518 1192 108 113 3 0
106 121 1376 1182 126 1105 843 119 738 559 134 114 4 0
107 110 123 129 126 115 123 119 130 114 118 112 5 0
105 111 1483 1774 126 688 741 119 738 760 134 110 6 0
107 115 1331 1521 126 587 635 119 450 456 134 111 7 0
109 110 118 113 126 122 123 119 146 136 134 110 8 0
110 113 115 122 126 826 939 119 750 888 134 116 9 0
110 113 114 122 126 512 571 135 386 472 134 115 10 0
106 111 110 113 126 111 107 119 114 106 134 15000 11 0
Chip#1
147 137 118 122 126 111 123 119 130 115 150 146 0 82
147 137 110 113 110 107 107 119 130 106 134 122 1 0
111 110 114 122 110 122 123 119 146 136 118 114 2 0
111 137 1467 1240 142 1794 1451 135 1527 1208 134 116 3 0
109 121 1379 1178 126 1105 843 119 747 563 134 114 4 0
102 115 117 129 126 111 123 119 130 116 107 104 5 0
102 110 1483 1768 126 688 734 119 738 760 106 106 6 0
103 137 1329 1520 142 583 635 119 450 472 134 113 7 0
103 107 117 113 110 117 123 119 146 136 118 108 8 0
110 113 111 113 126 823 939 119 749 888 134 119 9 0
101 106 101 113 110 496 571 103 370 472 134 114 10 0
108 115 109 122 126 111 123 119 130 104 134 15000 11 0
Chip#1
131 137 113 122 126 110 123 119 130 111 150 146 0 82
131 137 107 113 126 107 107 119 130 106 134 120 1 0
110 111 113 113 110 120 123 119 146 136 107 110 2 0
107 116 1467 1235 142 1782 1451 135 1519 1208 134 110 3 0
105 121 1374 1180 126 1104 843 119 738 561 118 111 4 0
110 115 123 129 110 114 123 119 130 136 108 115 5 0
107 121 1467 1777 126 688 740 119 738 744 134 114 6 0
105 115 1327 1514 126 585 635 119 434 456 134 108 7 0
109 121 114 129 126 122 123 119 146 136 118 111 8 0
110 137 113 129 126 817 939 135 748 904 150 111 9 0
101 110 104 113 110 496 555 103 370 472 104 108 10 0
106 107 107 113 126 107 123 119 114 104 134 15000 11 0
Chip#1
131 137 113 113 126 112 123 119 114 107 134 146 0 82
147 137 109 113 126 106 123 119 114 105 134 123 1 0
131 115 123 122 126 125 123 119 146 136 118 120 2 0
107 121 1451 1236 126 1784 1435 119 1515 1192 134 111 3 0
101 111 1367 1175 126 1097 827 119 738 558 106 107 4 0
106 114 118 129 126 116 123 119 130 115 106 111 5 0
110 137 1483 1783 142 688 740 135 738 760 134 120 6 0
108 116 1327 1515 142 581 635 119 450 456 134 109 7 0
102 109 114 129 126 122 123 119 146 136 106 114 8 0
107 111 110 129 126 817 923 119 747 785 134 111 9 0
112 121 117 113 126 512 571 119 370 472 134 123 10 0
107 112 109 122 126 110 123 119 130 101 134 15000 11 0
Chip#1
131 137 111 113 110 105 107 103 130 102 134 128 0 82
147 121 110 113 126 111 123 119 130 105 134 123 1 0
103 103 107 113 110 119 123 119 146 112 98 104 2 0
111 137 1451 1234 126 1791 1435 135 1519 1192 134 115 3 0
106 114 1374 1177 126 1102 843 119 747 556 134 111 4 0
108 137 117 129 142 115 123 119 130 115 134 113 5 0
99 107 1467 1766 126 688 730 119 722 744 107 106 6 0
106 114 1324 1509 142 580 635 135 450 456 134 111 7 0
106 113 118 129 126 125 123 119 146 136 108 112 8 0
103 106 111 113 126 813 923 119 747 888 134 111 9 0
102 110 105 122 126 496 571 119 370 472 134 113 10 0
105 109 107 122 126 107 123 119 130 100 134 15000 11 0
Chip#1
147 137 123 122 126 117 123 119 130 115 150 146 0 83
131 121 113 113 126 107 107 119 114 104 134 122 1 0
114 113 113 122 126 127 139 135 146 136 134 111 2 0
110 137 1467 1233 126 1782 1419 135 1520 1192 134 113 3 0
109 115 1370 1180 126 1102 827 119 738 556 118 110 4 0
106 115 123 129 126 116 123 119 130 120 118 108 5 0
110 137 1499 1779 142 704 733 135 747 760 134 114 6 0
103 111 1326 1518 126 580 635 119 434 456 118 110 7 0
102 111 118 129 126 120 123 119 146 152 134 114 8 0
106 121 114 113 126 816 923 119 747 888 118 110 9 0
98 101 106 113 110 496 561 103 354 456 106 111 10 0
102 109 103 113 110 102 107 103 114 100 118 15000 11 0
Chip#1
131 137 111 113 110 107 107 119 114 106 134 127 0 83
131 116 113 113 126 107 123 119 130 107 134 124 1 0
131 121 123 122 126 129 123 119 146 136 134 123 2 0
109 110 1451 1226 126 1776 1419 119 1506 1176 107 107 3 0
103 114 1366 1172 126 1098 843 119 747 551 134 108 4 0
98 110 113 156 126 114 123 119 130 110 102 106 5 0
99 121 1467 1770 126 688 731 119 738 760 134 113 6 0
107 113 1328 1517 126 582 619 119 434 456 118 110 7 0
102 103 114 129 110 117 123 119 146 136 106 106 8 0
105 107 111 129 126 812 923 119 738 866 134 110 9 0
109 110 113 113 110 512 571 119 370 456 118 120 10 0
106 110 109 113 110 107 123 119 114 101 134 15000 11 0
Chip#1
147 114 105 122 126 106 123 119 130 105 134 124 0 83
131 111 107 113 126 106 107 103 114 105 108 118 1 0
111 111 115 122 126 121 123 119 146 136 118 118 2 0
109 137 1451 1231 126 1779 1419 119 1515 1192 134 113 3 0
106 121 1368 1175 126 1106 827 119 738 551 118 111 4 0
107 113 115 129 126 116 123 119 130 116 118 107 5 0
112 121 1467 1773 126 688 733 119 722 744 118 114 6 0
105 113 1320 1507 126 577 619 119 434 456 106 104 7 0
105 109 115 113 110 121 123 103 130 136 106 111 8 0
107 109 110 122 126 811 923 119 747 888 134 110 9 0
110 114 110 122 126 512 571 119 370 472 134 119 10 0
106 111 107 113 110 111 107 119 130 102 134 15000 11 0
Chip#1
112 121 105 113 110 98 107 103 114 99 134 124 0 83
131 121 110 113 126 107 107 119 114 104 118 120 1 0
102 106 109 113 110 116 107 103 130 115 103 104 2 0
105 114 1451 1228 126 1776 1419 135 1515 1192 134 107 3 0
109 121 1369 1175 126 1095 827 119 738 559 134 114 4 0
105 111 117 113 110 110 107 103 114 112 108 108 5 0
105 116 1483 1771 142 688 728 119 738 760 134 113 6 0
110 121 1326 1515 126 578 635 119 450 456 134 114 7 0
109 109 117 113 126 121 123 103 130 136 107 108 8 0
102 105 106 122 126 808 923 119 738 860 134 107 9 0
100 108 103 113 110 496 555 103 354 456 118 114 10 0
106 109 109 122 126 110 123 119 130 106 134 15000 11 0
Chip#1
147 137 114 122 126 108 123 119 130 110 150 127 0 84
131 115 117 113 126 107 107 119 114 110 118 122 1 0
110 107 111 113 110 119 123 103 130 136 107 111 2 0
106 137 1451 1232 126 1776 1419 119 1515 1192 134 111 3 0
111 121 1366 1175 126 1098 827 103 738 552 118 112 4 0
111 116 139 129 126 117 123 135 146 136 134 114 5 0
107 114 1483 1767 142 688 725 119 738 744 134 110 6 0
111 137 1326 1509 142 583 635 135 450 472 134 115 7 0
100 101 104 97 94 115 107 103 130 120 104 102 8 0
101 106 109 113 110 806 907 119 738 860 134 106 9 0
112 114 109 122 126 512 571 119 370 472 134 120 10 0
101 105 110 113 110 109 107 103 114 99 118 15000 11 0
Chip#1
131 121 107 113 110 104 107 103 114 101 118 120 0 84
131 137 114 122 126 110 123 119 114 106 134 122 1 0
111 110 117 122 126 122 123 119 146 136 118 111 2 0
107 115 1451 1228 126 1776 1419 119 1506 1176 118 110 3 0
108 137 1368 1174 126 1093 843 119 738 552 108 113 4 0
103 114 123 113 126 114 123 119 130 113 118 111 5 0
108 114 1467 1760 142 688 724 119 738 744 134 111 6 0
107 111 1320 1506 126 576 619 119 450 456 134 110 7 0
107 111 115 129 126 121 139 135 146 152 134 115 8 0
102 105 104 113 126 802 923 119 738 854 118 104 9 0
107 115 113 122 126 496 555 119 370 472 134 119 10 0
106 109 109 122 110 108 123 119 130 102 134 15000 11 0
Chip#1
131 137 111 122 126 108 107 119 114 104 134 129 0 84
131 115 107 113 110 106 107 103 114 105 134 120 1 0
107 110 113 113 110 121 123 119 130 136 107 114 2 0
106 121 1435 1232 126 1760 1403 119 1506 1176 118 110 3 0
105 114 1369 1172 110 1098 827 103 722 556 118 110 4 0
110 137 139 156 126 119 123 119 146 136 134 110 5 0
101 114 1467 1753 126 672 721 103 722 728 118 103 6 0
111 121 1328 1509 126 577 619 119 434 456 118 111 7 0
110 137 139 129 126 128 139 119 146 152 134 119 8 0
103 109 114 113 126 806 907 119 738 858 134 111 9 0
112 114 115 113 126 496 555 119 370 472 134 118 10 0
102 105 107 97 110 105 107 103 114 101 118 15000 11 0
Chip#1
131 137 114 113 110 107 107 119 114 107 134 146 0 85
147 121 110 113 110 111 107 119 114 106 134 126 1 0
114 114 115 113 110 122 123 119 146 136 118 119 2 0
111 116 1451 1232 142 1776 1419 135 1515 1192 134 115 3 0
110 137 1366 1170 126 1100 827 135 738 552 134 111 4 0
106 115 123 155 110 112 107 119 130 112 118 111 5 0
100 107 1451 1754 126 656 715 103 722 728 107 106 6 0
99 106 1317 1496 126 562 603 119 434 440 100 104 7 0
115 114 123 129 126 122 123 119 146 136 134 118 8 0
110 114 117 129 126 808 923 119 747 858 134 118 9 0
105 109 110 129 126 496 555 119 370 472 134 116 10 0
111 114 113 113 126 111 123 119 130 109 134 15000 11 0
Chip#1
147 137 114 122 126 108 123 119 130 112 150 130 0 85
131 121 109 113 126 107 107 119 114 101 134 124 1 0
115 137 115 122 126 125 123 119 146 136 134 115 2 0
106 106 1435 1221 126 1776 1419 119 1506 1176 106 107 3 0
105 113 1363 1167 126 1097 827 119 738 549 107 111 4 0
105 110 114 151 126 111 123 119 130 110 107 104 5 0
107 137 1467 1758 142 672 727 135 738 744 134 114 6 0
111 137 1316 1504 142 576 619 119 450 456 134 110 7 0
110 109 113 129 126 121 123 119 146 136 134 114 8 0
111 113 113 145 142 808 923 135 747 864 150 114 9 0
108 113 114 129 126 496 571 119 370 472 134 120 10 0
105 113 107 129 126 108 123 119 130 102 134 15000 11 0
Chip#1
131 121 113 113 110 109 107 103 114 107 134 130 0 85
147 137 114 122 126 108 123 119 130 110 134 127 1 0
115 109 117 113 110 122 123 119 130 136 108 113 2 0
106 115 1451 1226 126 1760 1419 119 1506 1176 118 112 3 0
106 113 1360 1164 126 1088 827 119 738 549 107 109 4 0
107 114 123 148 126 117 123 119 130 116 108 109 5 0
112 121 1467 1752 142 672 722 135 722 744 134 113 6 0
106 115 1316 1496 126 571 603 119 434 440 118 112 7 0
103 109 110 113 126 122 123 119 130 136 108 110 8 0
102 109 110 113 110 800 907 119 722 850 134 106 9 0
105 112 109 113 126 496 561 119 370 456 134 113 10 0
103 110 104 113 110 110 107 103 114 100 106 15000 11 0
Chip#1
131 137 110 122 126 107 123 119 130 110 134 127 0 85
131 109 107 113 110 102 107 103 114 96 106 116 1 0
110 110 117 122 126 125 123 119 146 136 134 113 2 0
107 113 1451 1217 126 1760 1419 119 1506 1176 134 109 3 0
107 121 1364 1175 126 1097 843 135 738 553 134 113 4 0
114 137 139 160 126 121 139 135 146 136 134 114 5 0
106 110 1467 1747 126 672 711 119 722 744 108 107 6 0
107 113 1311 1500 110 567 603 103 418 440 118 114 7 0
110 121 139 129 126 129 139 119 146 152 134 116 8 0
99 106 105 113 110 798 907 119 738 844 118 103 9 0
111 121 115 122 110 496 555 119 354 456 134 116 10 0
106 110 107 122 126 110 107 119 130 105 134 15000 11 0
Chip#1
131 137 113 122 110 107 123 119 114 104 134 124 0 86
131 115 110 113 110 107 107 119 114 106 118 122 1 0
131 137 139 122 126 124 123 119 146 136 134 113 2 0
103 115 1451 1227 126 1760 1403 135 1506 1176 134 109 3 0
106 111 1356 1166 126 1084 827 119 738 548 108 107 4 0
110 137 139 150 126 117 123 119 130 116 108 106 5 0
101 111 1467 1739 126 672 712 119 722 744 108 107 6 0
109 121 1314 1492 126 568 619 119 434 456 118 118 7 0
107 109 118 145 126 121 139 119 146 152 134 109 8 0
103 113 110 129 126 796 907 119 738 855 134 110 9 0
103 109 106 113 110 480 552 119 354 456 108 111 10 0
111 109 109 122 126 110 123 119 130 109 134 15000 11 0
Chip#1
114 113 103 113 110 98 107 103 114 104 134 123 0 86
147 112 104 113 126 105 123 119 130 101 134 115 1 0
110 106 105 113 110 116 107 103 130 116 104 107 2 0
111 115 1451 1221 126 1760 1403 119 1506 1176 134 113 3 0
107 121 1360 1164 126 1089 827 119 738 551 107 111 4 0
98 111 113 148 110 115 107 103 130 111 106 103 5 0
111 137 1467 1742 126 672 715 119 722 728 118 118 6 0
107 116 1311 1490 126 568 603 119 434 456 134 113 7 0
109 110 109 113 110 120 123 119 130 136 108 111 8 0
108 116 110 122 126 797 907 119 738 846 134 116 9 0
107 107 110 113 126 480 558 119 354 456 134 122 10 0
112 115 117 113 126 112 123 119 114 106 134 15000 11 0
Chip#1
131 137 111 113 126 105 107 119 114 109 134 129 0 86
131 121 111 113 110 111 107 103 114 105 134 124 1 0
114 114 114 122 126 125 123 119 146 136 118 110 2 0
103 109 1435 1212 126 1744 1403 119 1490 1160 107 106 3 0
110 121 1358 1164 126 1083 827 119 738 548 118 111 4 0
107 115 115 148 126 110 123 119 130 120 104 111 5 0
107 137 1467 1746 142 672 711 119 722 744 134 111 6 0
110 137 1309 1489 126 568 619 119 434 456 134 115 7 0
106 111 114 129 126 124 123 119 146 136 107 108 8 0
101 103 107 113 110 789 891 103 722 845 118 107 9 0
105 110 110 113 110 480 556 119 354 456 118 114 10 0
109 110 107 113 110 109 107 103 114 105 118 15000 11 0
Chip#1
111 115 102 113 110 98 107 103 114 101 108 119 0 87
131 121 115 113 110 115 107 119 114 114 134 127 1 0
103 105 109 122 126 119 123 119 130 136 106 111 2 0
102 114 1435 1226 126 1744 1387 119 1490 1160 107 107 3 0
107 115 1364 1183 126 1087 827 119 738 550 134 113 4 0
109 115 123 129 126 119 123 119 130 120 118 115 5 0
105 137 1451 1742 142 672 715 135 722 728 134 115 6 0
107 137 1308 1489 142 568 619 119 434 456 134 113 7 0
110 121 139 129 126 127 139 135 146 152 134 113 8 0
99 106 104 129 126 791 891 119 738 846 134 111 9 0
106 109 107 113 110 480 553 119 354 456 118 114 10 0
110 113 111 113 126 109 107 119 114 104 134 15000 11 0
Chip#1
131 137 107 113 126 106 107 119 114 102 134 120 0 87
131 113 107 113 110 106 107 103 114 102 108 113 1 0
111 113 114 113 126 124 123 119 130 136 118 107 2 0
102 109 1435 1220 126 1744 1403 119 1490 1160 134 107 3 0
110 137 1374 1183 126 1087 827 135 738 553 134 119 4 0
103 110 139 129 126 115 123 119 130 116 107 108 5 0
102 111 1451 1739 126 658 700 119 722 728 107 107 6 0
106 121 1306 1492 126 563 603 119 434 440 134 110 7 0
109 115 118 129 126 126 123 119 146 136 134 115 8 0
102 110 114 129 126 795 891 119 722 848 134 113 9 0
111 116 114 145 142 541 558 135 386 488 150 121 10 0
103 113 110 129 126 110 123 119 130 102 134 15000 11 0
Chip#1
131 137 111 113 126 108 107 119 130 109 134 126 0 87
131 121 111 113 126 110 107 119 114 109 118 124 1 0
115 121 117 113 126 124 123 119 146 136 134 119 2 0
110 137 1451 1231 126 1744 1403 135 1506 1176 134 114 3 0
107 115 1364 1177 126 1079 827 119 738 545 106 111 4 0
103 111 113 129 126 111 107 103 130 109 103 103 5 0
105 115 1435 1733 126 658 704 119 706 728 118 108 6 0
105 121 1304 1484 126 565 603 119 434 440 118 111 7 0
99 105 111 113 110 119 123 119 130 136 103 108 8 0
107 111 113 122 126 796 907 119 738 846 134 114 9 0
99 106 103 113 126 480 552 119 354 456 118 111 10 0
101 106 100 113 110 102 107 119 114 100 108 15000 11 0
Chip#1
131 137 113 113 110 102 107 119 114 103 134 124 0 87
131 137 111 122 126 111 123 119 130 109 134 125 1 0
111 113 114 122 126 122 123 135 146 136 134 115 2 0
103 110 1435 1222 126 1744 1387 119 1490 1160 106 103 3 0
107 137 1362 1180 142 1079 827 135 738 549 150 115 4 0
106 111 118 129 126 116 107 119 130 136 107 106 5 0
102 114 1435 1728 126 656 705 119 706 728 118 106 6 0
105 110 1294 1475 126 558 603 119 418 440 107 107 7 0
114 121 117 129 126 122 123 119 146 136 134 113 8 0
98 103 104 113 110 786 891 103 722 839 134 106 9 0
99 107 106 113 110 480 547 103 354 440 106 113 10 0
106 107 110 113 110 109 107 119 114 106 134 15000 11 0
Chip#1
131 121 113 113 110 110 107 119 114 109 134 128 0 88
147 121 107 122 126 107 123 119 130 107 134 122 1 0
106 111 113 122 126 124 123 119 146 136 134 109 2 0
106 137 1451 1229 126 1744 1403 135 1490 1176 134 109 3 0
106 121 1356 1175 126 1079 811 119 722 543 134 112 4 0
105 113 115 129 126 112 139 135 146 136 108 109 5 0
102 116 1451 1733 126 651 694 135 722 728 107 109 6 0
99 113 1293 1477 126 558 603 119 418 440 118 104 7 0
101 107 118 113 126 121 123 119 130 136 107 111 8 0
101 106 110 113 110 787 891 119 722 834 134 108 9 0
101 106 109 113 110 480 552 119 354 456 118 116 10 0
105 110 109 113 110 111 107 119 114 106 134 15000 11 0
Chip#1
131 114 106 113 110 104 107 103 114 104 134 122 0 88
131 110 103 113 110 105 107 103 114 100 104 115 1 0
112 115 123 113 126 126 123 103 130 120 118 114 2 0
106 114 1435 1222 110 1728 1387 119 1474 1160 108 110 3 0
110 137 1362 1179 126 1081 827 119 738 545 108 115 4 0
105 115 118 129 126 119 123 119 130 115 107 110 5 0
107 111 1451 1732 142 655 704 135 722 728 134 110 6 0
105 111 1294 1474 126 557 603 119 418 440 108 104 7 0
97 103 104 113 110 114 123 119 130 136 100 99 8 0
98 107 100 122 126 780 891 119 722 833 134 103 9 0
112 121 114 122 126 496 559 119 354 456 134 126 10 0
103 106 107 113 110 106 107 103 114 100 134 15000 11 0
Chip#1
131 137 115 113 110 112 107 103 114 110 134 130 0 88
131 115 113 113 110 110 107 103 114 104 134 124 1 0
112 111 115 122 126 122 123 119 146 136 107 113 2 0
111 121 1451 1227 126 1744 1403 135 1490 1160 134 113 3 0
102 113 1358 1170 126 1072 827 119 722 545 118 104 4 0
111 121 139 155 126 119 123 119 146 136 134 111 5 0
103 121 1435 1729 126 653 703 119 706 728 134 111 6 0
102 113 1295 1472 142 557 619 135 434 456 108 103 7 0
99 107 111 113 110 119 123 103 130 136 104 106 8 0
110 137 117 122 126 791 891 135 738 843 134 119 9 0
102 107 104 113 110 480 542 119 342 440 103 114 10 0
106 110 109 113 126 106 107 119 114 101 134 15000 11 0
Chip#1
131 137 111 113 110 105 107 103 130 109 134 130 0 88
147 137 115 122 126 114 123 119 130 109 134 123 1 0
115 114 118 122 126 124 123 119 146 136 134 119 2 0
114 121 1451 1228 126 1744 1387 119 1490 1160 134 115 3 0
103 121 1358 1174 126 1081 811 119 722 547 134 110 4 0
107 121 123 129 126 115 107 119 130 112 118 112 5 0
101 111 1435 1720 126 646 697 119 706 712 134 106 6 0
106 113 1294 1470 126 556 603 119 418 440 108 111 7 0
111 114 117 129 126 125 139 119 146 136 134 115 8 0
106 137 114 129 126 790 907 135 738 839 150 115 9 0
105 111 106 113 110 480 551 119 354 456 134 114 10 0
110 121 115 113 110 110 107 119 130 107 134 15000 11 0
Chip#1
131 121 109 113 110 109 107 103 114 105 134 128 0 89
131 121 110 122 126 110 107 119 130 106 134 124 1 0
131 121 115 122 126 122 123 135 146 136 134 116 2 0
108 137 1451 1223 126 1744 1403 135 1490 1160 134 110 3 0
112 121 1366 1177 126 1077 827 119 722 542 134 110 4 0
103 110 123 113 110 111 107 119 130 112 107 101 5 0
115 121 1435 1729 126 658 709 119 706 728 134 119 6 0
114 121 1298 1482 126 560 603 119 434 440 134 115 7 0
108 115 114 129 126 125 123 119 146 136 118 112 8 0
105 107 114 113 126 780 875 119 722 835 134 110 9 0
98 106 98 113 110 480 543 103 354 440 104 106 10 0
102 109 105 122 126 105 123 119 130 101 134 15000 11 0
Chip#1
147 137 110 122 126 106 123 119 130 106 150 126 0 89
147 137 113 122 126 110 123 119 130 106 134 126 1 0
110 113 109 113 110 120 123 103 130 136 118 111 2 0
115 121 1435 1216 126 1728 1387 119 1474 1144 134 115 3 0
105 121 1355 1169 126 1072 811 119 722 541 118 112 4 0
109 115 123 154 126 114 123 119 130 120 118 110 5 0
107 137 1435 1726 142 656 700 135 706 728 134 114 6 0
111 137 1294 1472 142 561 619 135 434 440 134 116 7 0
107 137 123 129 126 126 139 119 146 152 134 116 8 0
102 111 108 113 110 780 875 103 706 832 118 104 9 0
107 113 104 113 110 480 547 119 354 440 134 119 10 0
107 121 111 113 126 110 107 119 130 107 134 15000 11 0
Chip#1
131 137 111 122 126 112 123 119 130 106 150 146 0 89
131 114 109 113 110 106 107 103 114 104 118 118 1 0
108 137 123 122 126 124 123 119 146 136 104 114 2 0
103 113 1435 1215 126 1728 1387 119 1458 1144 118 108 3 0
109 121 1351 1163 126 1071 810 119 706 537 134 110 4 0
106 121 117 113 110 118 107 119 130 116 108 111 5 0
106 137 1435 1722 142 648 695 119 706 728 134 116 6 0
106 121 1290 1470 126 553 587 119 434 440 108 110 7 0
107 110 110 113 110 120 123 103 130 136 107 110 8 0
106 113 114 122 126 784 891 119 722 831 134 114 9 0
114 121 115 113 126 496 548 119 370 456 134 119 10 0
107 113 111 113 126 107 123 119 114 105 134 15000 11 0
Chip#1
131 137 114 122 126 108 107 119 114 107 134 129 0 89
147 137 113 122 126 106 123 119 130 104 134 125 1 0
112 114 114 113 110 122 123 119 130 136 107 107 2 0
107 111 1435 1212 126 1712 1371 119 1458 1144 134 106 3 0
110 114 1352 1153 126 1065 811 119 722 533 108 108 4 0
106 114 115 129 126 116 123 119 130 112 104 108 5 0
102 115 1435 1710 126 645 693 119 706 712 107 109 6 0
111 121 1283 1460 126 553 587 119 418 424 118 110 7 0
105 114 111 129 126 121 123 119 146 136 108 110 8 0
107 111 107 113 126 775 875 119 706 823 118 111 9 0
105 109 106 113 126 480 546 119 354 456 134 114 10 0
105 111 109 113 126 105 123 119 130 106 134 15000 11 0
