Chip#1
131 137 117 142 126 115 123 135 130 112 150 129 0
131 137 115 142 126 117 123 119 130 111 134 127 1
114 137 118 142 142 131 139 135 162 152 134 115 2
112 137 1311 1089 142 1560 1208 135 1348 1032 150 116 3
106 121 1243 1041 126 960 723 119 674 504 134 111 4
109 137 139 129 126 124 123 119 130 136 118 112 5
106 137 1276 1467 142 613 635 135 658 664 134 114 6
111 137 1163 1262 142 534 547 135 418 424 134 117 7
103 113 115 129 126 125 139 119 146 136 134 111 8
102 108 110 129 126 736 783 119 674 760 134 109 9
106 121 111 129 126 464 491 119 335 424 134 118 10
99 112 106 129 126 112 123 135 130 104 134 15000 11
Chip#2
116 123 100 96 110 99 110 117 110 114 120 109 0
116 123 106 104 110 103 117 117 126 130 136 119 1
116 123 106 103 111 118 124 101 126 130 120 119 2
116 123 108 105 120 735 631 133 670 674 136 114 3
132 123 113 126 118 463 400 117 446 434 136 114 4
116 123 105 100 107 108 116 101 110 114 103 104 5
116 123 199 174 113 703 614 117 654 763 120 102 6
116 123 183 158 120 463 391 117 414 467 120 109 7
116 123 103 103 108 107 112 117 126 114 120 106 8
116 139 183 174 111 191 197 117 158 162 120 108 9
116 123 183 158 104 175 157 117 142 146 120 106 10
116 123 105 101 105 106 112 117 126 114 103 15000 11
Chip#3
122 128 138 137 122 152 143 132 158 130 148 146 0
122 128 138 137 122 152 127 132 158 146 164 146 1
122 128 138 121 122 136 127 132 142 130 148 130 2
122 128 138 137 122 136 143 132 142 130 132 130 3
122 128 138 137 122 152 143 132 142 130 148 130 4
122 128 138 137 122 152 127 132 142 130 148 130 5
122 128 138 137 122 152 127 132 142 130 132 130 6
122 128 122 121 106 136 127 116 142 130 132 114 7
122 144 138 137 138 152 143 132 158 146 148 146 8
122 128 138 121 106 136 127 132 142 130 132 114 9
122 128 138 121 122 136 127 132 142 130 148 130 10
122 112 122 121 106 136 127 116 126 130 132 15000 11
Chip#4
120 128 105 108 101 103 103 103 115 128 110 103 0
108 112 89 106 101 99 98 101 106 112 114 98 1
104 128 105 102 99 96 92 99 106 128 104 96 2
120 128 105 111 108 102 121 109 114 128 117 104 3
107 112 89 109 102 103 101 105 112 112 109 102 4
108 128 105 105 102 102 99 106 109 128 106 100 5
120 112 105 109 107 108 105 109 115 128 116 106 6
109 128 105 106 101 105 103 107 109 128 111 103 7
120 128 105 109 105 111 121 112 109 128 112 105 8
109 112 89 104 101 102 100 103 108 112 111 102 9
120 112 105 112 111 108 103 106 116 128 114 105 10
109 128 105 104 101 100 98 104 111 128 108 15000 11
Chip#1
115 137 109 129 126 110 123 119 130 110 134 129 0
131 114 104 113 126 106 107 119 130 106 134 116 1
105 105 109 113 110 119 123 119 130 136 106 106 2
111 137 1271 1073 142 1536 1204 135 1295 1000 150 113 3
98 110 1211 1020 126 944 713 119 642 488 118 108 4
99 107 107 113 110 112 107 119 130 107 107 104 5
106 116 1267 1462 142 628 651 135 674 664 134 107 6
105 113 1147 1269 126 537 555 119 418 408 134 110 7
103 110 114 113 126 124 123 119 146 136 118 112 8
101 106 100 113 126 736 811 119 674 776 107 103 9
109 111 109 113 126 464 517 119 335 424 134 116 10
112 115 113 122 126 117 123 135 130 110 134 15000 11
Chip#2
100 107 98 99 101 96 105 101 110 114 120 105 0
116 123 99 103 105 106 112 117 110 114 136 118 1
116 107 103 101 110 120 124 101 110 114 120 115 2
116 123 100 99 113 735 640 117 670 690 120 105 3
116 123 105 105 111 479 402 117 462 434 120 104 4
116 123 103 104 104 114 118 117 126 130 120 100 5
116 107 183 174 103 719 624 117 654 763 120 96 6
100 107 167 158 113 463 396 117 414 471 120 105 7
116 107 102 110 114 108 113 101 110 114 104 105 8
116 107 167 158 108 175 197 117 142 146 120 101 9
100 107 151 142 105 159 153 101 126 146 102 102 10
116 123 98 101 107 104 113 117 110 100 120 15000 11
Chip#3
122 112 122 121 106 136 127 116 142 130 132 130 0
122 128 122 121 122 136 127 116 142 130 148 130 1
122 128 122 121 122 152 127 116 142 130 148 130 2
122 128 138 137 122 136 143 132 158 130 148 130 3
122 128 138 137 122 152 143 132 158 130 148 146 4
122 128 138 137 122 152 143 132 142 130 148 146 5
122 128 138 121 122 136 127 116 142 114 132 130 6
138 128 138 137 122 152 143 132 142 130 148 146 7
122 128 138 137 122 152 143 132 158 130 148 146 8
122 128 138 137 122 152 143 116 142 130 148 146 9
106 128 122 121 122 136 127 116 142 130 132 130 10
122 128 138 121 122 136 127 132 142 130 148 15000 11
Chip#4
104 112 89 100 98 92 94 99 101 95 101 95 0
106 128 105 106 102 102 100 102 107 128 108 106 1
108 112 105 104 102 103 99 106 109 128 111 99 2
109 128 105 106 106 108 101 105 106 112 112 106 3
102 112 89 99 98 98 95 100 104 96 107 96 4
104 112 89 99 98 92 92 100 102 112 102 97 5
108 112 105 104 104 104 104 107 109 112 107 106 6
107 112 105 103 101 104 98 101 107 128 104 100 7
101 112 105 103 99 94 95 99 106 112 101 93 8
107 128 105 103 99 103 96 102 106 128 106 100 9
109 128 105 106 101 104 101 107 106 128 111 103 10
109 112 105 105 107 105 98 105 107 112 113 15000 11
Chip#1
147 137 109 122 126 111 123 119 130 106 150 127 0
131 111 106 113 126 110 107 119 114 101 108 114 1
111 110 114 122 126 119 123 119 146 136 134 111 2
109 121 1243 1054 126 1488 1179 119 1250 968 134 114 3
111 121 1195 1026 126 944 710 135 642 488 134 111 4
110 137 139 145 142 126 139 135 146 152 134 114 5
101 111 1269 1488 126 624 651 119 674 664 134 107 6
112 121 1163 1303 142 552 571 119 418 424 134 115 7
101 110 115 129 126 125 139 119 146 136 104 110 8
105 111 109 113 126 771 843 119 674 776 134 112 9
106 113 107 122 126 480 533 119 340 424 134 116 10
101 103 102 113 110 108 107 119 114 104 134 15000 11
Chip#2
116 107 99 101 104 104 107 117 110 114 120 112 0
116 123 100 98 101 108 106 117 126 130 136 118 1
100 107 93 95 98 115 113 101 110 114 104 113 2
116 123 99 99 111 751 665 117 686 699 120 106 3
100 107 105 103 105 479 409 101 446 418 104 100 4
116 123 99 101 105 108 117 117 126 130 101 100 5
100 107 183 174 108 735 641 117 654 785 120 102 6
116 123 167 142 113 479 407 117 414 475 120 102 7
116 123 103 105 108 108 112 117 126 114 103 106 8
116 107 167 158 108 175 181 101 142 146 120 105 9
116 107 167 142 108 159 158 101 142 146 120 106 10
116 107 103 101 110 104 109 101 110 114 120 15000 11
Chip#3
122 128 138 137 122 152 127 132 158 130 148 146 0
122 128 138 121 122 136 127 132 142 130 148 130 1
122 128 138 137 122 152 143 132 158 130 148 146 2
122 112 122 121 122 136 127 116 142 130 132 130 3
122 128 122 121 122 136 127 116 142 114 132 130 4
122 128 138 137 122 152 143 132 142 130 148 146 5
122 112 138 121 122 136 127 116 142 130 148 130 6
122 128 138 121 122 152 127 132 142 130 148 130 7
106 112 122 121 106 120 127 116 126 114 132 114 8
122 128 138 121 106 152 127 132 142 130 148 130 9
122 128 122 121 122 152 127 132 142 130 148 130 10
138 128 138 137 122 152 143 132 142 130 148 15000 11
Chip#4
101 128 105 104 99 97 93 100 105 96 101 99 0
106 112 105 111 101 102 105 102 111 112 107 106 1
107 112 89 104 102 103 99 101 106 112 105 104 2
110 112 105 105 107 105 103 108 111 112 109 104 3
101 112 105 98 102 99 96 96 102 112 99 97 4
101 112 89 100 100 100 98 99 107 112 101 98 5
99 112 105 97 93 98 96 95 101 112 99 98 6
110 128 105 106 104 107 98 101 108 112 106 100 7
109 128 105 106 104 105 103 107 109 128 109 105 8
111 128 105 108 104 102 105 104 114 112 108 105 9
105 112 105 98 95 97 95 99 104 112 100 98 10
104 112 89 103 99 100 97 102 109 112 104 15000 11
Chip#1
131 137 111 122 126 110 123 119 130 111 150 125 0
115 121 108 113 110 106 107 103 114 106 118 114 1
110 114 111 122 126 121 123 119 146 136 108 107 2
107 121 1275 1073 126 1527 1195 119 1279 984 134 111 3
102 113 1211 1048 126 960 727 119 642 504 104 106 4
106 112 114 145 142 117 139 135 146 113 108 103 5
102 113 1325 1565 126 649 683 119 690 696 108 105 6
110 137 1211 1361 142 571 603 135 434 440 134 115 7
101 107 110 113 126 120 123 119 146 136 118 106 8
103 106 107 113 126 795 891 119 706 802 134 107 9
98 105 104 122 126 496 548 119 354 440 118 107 10
105 109 106 122 126 111 107 119 114 106 134 15000 11
Chip#2
116 107 95 93 98 100 108 117 110 114 120 108 0
116 123 102 103 108 107 117 117 110 114 136 123 1
100 123 95 99 98 113 114 101 110 114 103 108 2
116 123 99 105 114 798 709 117 702 721 120 106 3
116 123 99 101 107 495 422 117 462 434 120 100 4
116 107 105 101 105 117 116 117 126 114 104 104 5
116 123 199 174 110 780 672 117 686 807 120 104 6
116 107 167 142 107 479 409 101 414 477 103 96 7
116 123 103 105 108 114 114 117 110 114 120 105 8
100 107 167 158 105 175 181 101 142 146 104 105 9
116 107 167 158 103 159 158 117 142 146 120 105 10
116 107 102 97 103 101 109 101 110 114 104 15000 11
Chip#3
122 128 138 121 122 136 127 132 142 130 132 146 0
122 128 138 121 122 136 127 132 142 130 148 146 1
106 112 122 121 106 120 111 116 126 114 132 114 2
122 128 138 137 122 136 143 132 158 130 148 146 3
122 128 138 121 122 136 127 132 142 130 148 130 4
122 128 138 137 122 136 143 132 142 130 132 146 5
122 128 138 121 122 136 143 116 142 130 148 130 6
122 128 122 137 122 152 127 132 142 130 148 146 7
122 128 138 137 122 136 143 132 158 130 148 146 8
122 128 138 137 122 152 127 132 142 130 148 146 9
106 112 122 121 122 152 127 116 142 130 148 130 10
122 128 138 137 122 136 127 132 142 130 148 15000 11
Chip#4
120 128 105 112 108 105 103 110 111 128 113 105 0
97 112 89 100 99 94 97 97 101 112 102 96 1
102 128 105 105 104 100 99 101 107 112 108 98 2
110 112 105 109 104 108 101 110 111 112 108 105 3
103 112 105 104 104 106 101 102 107 112 105 102 4
100 112 89 105 101 98 95 96 105 112 104 97 5
100 112 105 106 105 104 101 107 109 112 102 102 6
107 112 105 106 102 105 100 108 107 112 104 102 7
101 112 89 103 98 98 96 105 102 112 102 98 8
109 112 105 109 107 110 103 107 111 128 113 102 9
100 112 89 97 98 96 91 96 100 96 99 96 10
102 112 89 106 98 102 95 100 104 112 102 15000 11
Chip#1
131 137 114 113 126 108 123 119 114 111 134 127 0
131 121 110 113 110 107 107 119 114 107 134 122 1
110 111 110 122 126 126 123 119 146 136 134 113 2
102 109 1344 1146 126 1601 1274 135 1368 1067 134 106 3
106 121 1306 1121 126 1027 773 135 706 529 134 111 4
107 121 123 122 126 125 123 119 130 136 134 111 5
105 114 1419 1681 142 688 717 135 722 728 134 110 6
107 121 1300 1462 126 592 635 119 434 456 134 111 7
105 111 118 129 126 125 139 119 146 152 134 115 8
102 107 106 113 126 830 923 119 722 839 134 108 9
109 115 107 122 126 519 587 135 370 472 134 116 10
105 113 105 113 110 107 107 119 114 105 118 15000 11
Chip#2
116 123 102 105 107 104 108 117 126 130 136 113 0
116 123 102 126 113 110 116 117 110 114 136 125 1
116 123 103 104 107 115 121 117 126 114 120 117 2
116 123 98 101 108 824 725 117 734 738 120 102 3
100 107 100 103 105 517 437 101 478 451 120 102 4
116 123 109 126 114 118 120 117 126 130 120 105 5
116 123 199 190 111 810 693 117 702 830 120 101 6
116 123 183 158 111 516 437 117 446 506 120 106 7
116 123 106 105 105 106 106 117 110 114 120 102 8
116 123 183 174 105 191 197 117 158 162 103 104 9
116 123 167 158 105 159 160 117 142 146 120 104 10
116 107 99 97 101 101 100 117 110 114 120 15000 11
Chip#3
138 128 138 137 138 152 143 132 158 130 148 162 0
122 112 122 121 106 136 127 116 142 130 132 130 1
138 144 138 137 138 152 143 132 158 130 148 146 2
122 128 138 121 122 136 127 132 142 130 132 130 3
122 128 138 121 122 136 127 116 142 130 132 130 4
122 112 122 121 122 136 127 116 142 130 132 130 5
122 128 138 137 122 136 127 132 142 114 132 130 6
122 128 122 121 122 136 127 116 142 114 132 130 7
106 112 122 121 106 136 127 116 142 114 132 130 8
122 128 138 137 106 136 127 116 142 130 132 130 9
122 128 138 137 122 152 127 132 158 130 148 130 10
122 128 138 121 122 136 127 116 142 130 148 15000 11
Chip#4
109 112 89 105 104 103 103 103 106 112 108 102 0
109 128 105 106 105 99 105 109 113 128 109 104 1
110 112 105 106 108 105 104 108 109 112 112 105 2
105 112 89 106 104 103 99 104 111 112 105 105 3
111 128 105 109 106 104 105 106 111 128 109 105 4
102 112 105 103 102 97 97 100 102 112 105 99 5
108 128 121 111 106 102 101 108 112 128 110 103 6
108 112 105 104 102 98 100 103 108 112 108 99 7
101 112 89 105 99 97 97 105 111 112 108 96 8
108 112 105 109 105 102 121 101 112 128 110 105 9
107 128 105 104 104 103 101 107 107 112 108 103 10
120 128 121 120 113 114 121 117 121 128 119 15000 11
Chip#1
131 137 111 113 126 110 123 119 130 111 150 146 0
147 137 110 122 126 108 123 119 130 107 134 120 1
131 121 139 122 126 125 139 135 146 136 134 116 2
105 111 1451 1212 142 1728 1371 135 1474 1144 134 110 3
110 137 1386 1192 142 1095 827 135 747 559 134 115 4
111 116 139 145 142 120 139 135 146 136 134 113 5
107 137 1451 1714 142 720 761 135 738 760 134 113 6
107 112 1311 1479 142 613 667 135 450 472 134 109 7
97 105 107 113 126 119 123 119 146 136 107 104 8
103 113 115 122 126 839 939 135 753 888 134 115 9
103 107 107 113 110 514 571 119 370 472 134 115 10
105 111 110 113 110 114 107 119 114 108 134 15000 11
Chip#2
116 107 102 101 105 100 110 101 110 114 120 114 0
116 107 98 126 105 104 111 117 110 114 120 117 1
116 123 106 104 107 118 121 117 126 130 120 117 2
116 123 103 105 108 831 741 117 751 770 120 105 3
116 123 100 103 107 522 453 117 491 468 120 100 4
116 123 105 110 108 113 113 101 110 130 120 97 5
116 107 199 174 113 840 741 117 718 866 120 104 6
116 123 183 158 110 534 453 117 446 518 120 100 7
100 107 105 104 105 101 106 101 110 98 102 97 8
116 123 183 174 110 191 197 117 158 162 120 102 9
100 107 167 142 101 159 156 117 142 146 120 100 10
116 107 103 101 108 107 110 117 110 114 120 15000 11
Chip#3
122 128 138 121 122 152 127 132 158 130 148 146 0
122 128 122 121 106 136 127 116 142 130 148 130 1
122 128 138 121 122 136 127 132 142 114 148 130 2
122 128 138 121 122 136 143 116 142 130 132 130 3
122 128 122 121 106 152 127 116 142 130 148 130 4
122 128 138 137 138 152 143 132 158 130 148 146 5
122 128 138 137 122 152 127 132 142 130 148 130 6
122 128 138 121 122 136 127 132 142 130 148 130 7
122 128 122 137 106 136 127 132 142 130 132 146 8
122 128 138 137 122 152 143 132 142 130 148 146 9
122 128 138 121 122 136 127 132 142 130 148 130 10
122 128 138 137 122 152 143 132 158 130 148 15000 11
Chip#4
107 128 105 109 105 103 103 104 111 128 106 100 0
107 112 105 108 106 105 101 105 109 128 112 104 1
103 128 105 103 104 103 103 104 109 128 105 102 2
102 112 89 103 102 97 101 107 106 112 104 99 3
106 112 105 106 101 105 104 108 105 128 106 103 4
107 112 105 105 105 109 101 108 111 112 111 100 5
106 112 105 111 105 107 101 110 109 128 113 106 6
106 112 89 100 104 100 97 101 108 112 103 102 7
110 112 105 108 107 108 104 111 115 112 106 107 8
103 128 105 102 100 103 97 100 108 112 106 102 9
108 128 105 102 101 99 104 107 102 128 105 102 10
107 128 105 104 110 104 103 107 111 128 111 15000 11
Chip#1
131 137 113 122 126 105 123 119 130 110 134 129 0
131 113 109 122 126 110 123 119 130 107 134 126 1
108 111 115 122 126 120 139 119 146 136 134 114 2
108 137 1467 1227 142 1760 1403 135 1506 1176 134 115 3
102 110 1419 1206 126 1106 843 119 754 566 134 111 4
97 105 114 129 126 115 123 135 130 112 106 106 5
110 114 1451 1727 142 720 765 135 747 760 134 113 6
107 114 1320 1495 126 624 651 119 450 456 118 107 7
99 107 111 129 126 124 139 119 146 152 134 106 8
106 107 111 129 126 841 961 119 759 904 134 113 9
102 107 114 129 126 522 587 119 386 488 134 114 10
97 102 104 113 110 107 107 119 114 102 134 15000 11
Chip#2
116 123 102 104 113 106 111 101 110 114 120 114 0
116 123 103 105 110 108 112 117 126 114 136 123 1
116 123 99 103 107 117 117 117 126 114 136 114 2
116 123 99 104 111 831 725 117 756 771 120 106 3
116 123 105 101 114 525 469 117 497 472 120 101 4
116 123 109 126 117 120 124 117 126 130 120 105 5
116 123 199 174 111 861 741 117 734 866 120 101 6
116 123 183 174 117 545 469 117 446 519 120 106 7
116 123 105 110 115 113 112 117 110 114 120 108 8
116 107 183 174 110 191 197 117 158 162 120 100 9
116 123 167 142 107 175 162 117 126 146 103 105 10
116 107 100 103 104 100 109 117 110 98 120 15000 11
Chip#3
122 112 122 121 106 136 127 116 142 114 132 130 0
122 128 138 121 122 136 127 116 142 130 148 130 1
122 128 138 137 122 152 143 132 158 130 148 146 2
122 128 122 121 122 152 143 132 142 130 148 130 3
122 128 138 121 122 152 143 132 142 130 148 146 4
122 128 138 137 122 152 143 132 142 130 148 146 5
122 128 138 137 122 152 143 116 158 130 148 130 6
122 128 122 121 122 136 127 116 142 130 132 130 7
122 128 138 137 122 152 143 132 158 130 148 146 8
122 128 138 137 122 152 143 132 158 130 148 146 9
122 128 138 121 122 136 127 116 142 130 148 130 10
106 112 122 121 106 136 111 116 126 114 132 15000 11
Chip#4
100 112 105 99 96 96 96 99 100 112 101 103 0
111 128 105 116 108 108 102 106 111 128 114 112 1
111 112 105 116 112 111 102 109 113 112 113 109 2
104 112 105 108 101 104 99 103 107 112 104 104 3
104 112 105 105 101 103 97 102 105 112 107 109 4
101 112 105 102 98 98 97 103 101 128 105 106 5
109 112 105 110 105 109 101 111 112 112 113 106 6
99 112 89 105 100 99 97 99 106 112 101 98 7
108 112 89 109 106 103 101 107 111 112 107 105 8
107 128 105 112 104 102 101 107 109 128 111 106 9
110 112 89 110 104 108 105 109 111 112 105 104 10
120 128 121 111 107 112 121 110 112 128 110 15000 11
Chip#1
131 137 118 122 126 111 123 135 130 110 150 146 0
147 116 106 122 126 106 123 119 130 105 134 118 1
114 114 118 113 126 125 123 119 146 136 118 114 2
106 116 1467 1243 142 1776 1387 135 1515 1192 134 110 3
107 137 1419 1217 142 1118 843 135 765 575 134 118 4
106 115 139 129 126 120 123 119 130 136 134 109 5
107 137 1467 1735 142 736 772 135 747 776 134 110 6
100 109 1321 1500 126 621 667 103 450 456 118 104 7
103 111 114 113 126 125 123 119 146 136 134 107 8
101 107 104 113 126 839 939 119 760 888 134 108 9
103 106 110 122 126 523 587 119 386 488 108 114 10
111 111 113 113 126 111 123 119 130 107 134 15000 11
Chip#2
116 123 98 96 104 100 102 117 110 114 120 106 0
116 123 102 103 105 103 106 117 110 114 136 116 1
116 123 108 104 108 117 121 117 126 130 120 119 2
116 123 108 105 118 842 725 117 772 782 120 109 3
116 123 106 103 113 525 453 117 503 477 120 105 4
116 123 108 103 111 115 122 117 126 130 120 108 5
116 123 199 174 114 864 741 117 734 882 120 106 6
116 123 183 158 115 546 469 117 446 522 120 110 7
116 123 105 126 111 111 113 117 126 114 120 105 8
116 123 183 174 111 191 197 117 158 162 120 104 9
116 123 167 158 103 175 160 117 142 146 103 102 10
116 123 106 100 104 104 109 117 110 114 120 15000 11
Chip#3
106 112 122 121 106 136 111 116 142 114 132 130 0
122 128 138 121 122 136 127 132 158 130 148 146 1
122 128 138 121 122 152 127 132 142 130 148 130 2
122 112 122 105 106 120 127 116 142 114 132 114 3
106 112 122 121 106 120 111 116 126 114 132 130 4
122 128 122 121 122 152 127 132 142 130 132 130 5
122 128 138 121 122 136 127 116 142 130 132 130 6
122 128 122 121 122 136 127 116 142 130 148 130 7
122 128 138 137 122 136 143 132 142 130 148 146 8
122 128 138 121 106 136 127 132 142 130 132 130 9
122 128 122 137 122 136 127 116 142 130 132 130 10
106 112 122 121 106 136 127 116 126 114 132 15000 11
Chip#4
106 128 105 106 105 102 103 107 108 128 106 104 0
99 112 89 102 98 95 92 99 102 96 96 98 1
108 128 105 112 111 108 121 111 115 128 113 110 2
107 112 105 109 105 104 100 104 105 112 102 106 3
110 112 105 108 106 100 103 106 111 112 107 106 4
101 112 89 106 102 99 99 103 106 112 105 102 5
106 128 105 111 106 106 104 104 112 128 110 107 6
109 128 105 110 107 105 104 106 111 128 106 105 7
108 112 105 105 104 102 100 103 109 112 107 98 8
107 112 105 111 105 106 105 106 108 128 107 105 9
108 128 105 109 106 107 101 106 109 128 108 103 10
101 112 105 104 100 102 92 102 108 112 100 15000 11
Chip#1
115 137 106 113 126 101 107 119 114 102 134 125 0
147 137 117 122 126 117 123 135 130 136 150 146 1
114 114 123 113 110 125 123 119 146 136 118 116 2
102 114 1451 1238 126 1760 1371 119 1515 1176 118 110 3
99 109 1435 1210 126 1110 843 135 758 566 134 107 4
103 114 123 129 126 121 123 119 130 136 118 108 5
107 137 1467 1742 142 736 771 135 749 776 134 115 6
106 121 1333 1511 126 624 667 119 450 472 118 111 7
101 110 110 129 126 122 139 119 146 152 134 106 8
112 137 114 129 142 855 961 135 769 920 150 120 9
101 110 109 129 126 526 603 119 386 488 134 120 10
102 107 106 113 126 110 123 119 114 106 134 15000 11
Chip#2
116 123 102 99 108 106 110 117 110 130 136 117 0
116 123 99 101 101 100 102 117 110 114 136 113 1
116 123 106 110 113 122 122 117 126 114 120 121 2
116 123 102 103 113 845 741 117 772 779 120 110 3
132 123 106 126 121 535 469 133 511 482 120 112 4
116 123 99 110 107 115 116 117 126 130 120 101 5
116 123 215 190 115 859 757 133 734 882 136 113 6
116 123 183 158 113 545 469 117 446 526 120 110 7
116 107 99 101 104 103 105 101 110 114 104 100 8
116 123 183 174 108 191 213 117 158 162 120 98 9
116 123 167 142 108 159 161 117 142 146 103 102 10
100 107 106 104 108 106 111 117 110 114 104 15000 11
Chip#3
122 128 138 137 138 152 143 132 158 130 148 146 0
122 128 122 121 122 136 127 132 142 114 148 130 1
122 128 122 121 122 152 127 132 142 114 148 130 2
122 128 122 121 122 136 127 116 142 130 132 130 3
122 128 138 137 138 152 143 132 158 130 148 146 4
138 128 138 137 138 152 143 132 158 130 148 146 5
106 128 122 121 122 136 127 116 142 114 132 130 6
122 128 138 137 122 136 127 132 142 130 148 146 7
138 144 138 153 138 152 143 148 158 146 164 162 8
122 128 138 137 122 152 143 132 142 130 148 146 9
138 144 138 137 138 161 152 132 174 130 164 146 10
138 144 138 137 138 152 143 132 158 130 164 15000 11
Chip#4
97 112 89 99 95 95 92 95 98 9 99 97 0
102 128 105 108 99 98 98 100 103 128 106 103 1
98 112 89 98 98 97 90 97 97 112 99 93 2
101 112 105 106 101 103 99 104 102 112 102 99 3
110 112 105 116 107 110 105 108 112 112 108 111 4
111 128 105 110 102 104 104 108 106 128 108 103 5
104 112 105 104 100 104 99 103 107 128 108 98 6
105 112 89 107 102 100 97 104 100 112 104 99 7
102 112 89 107 98 99 94 101 104 112 100 96 8
109 112 89 103 101 102 97 102 105 112 105 98 9
111 112 105 108 101 104 99 107 106 112 107 103 10
104 112 105 103 101 99 99 100 105 112 101 15000 11
Chip#1
131 137 118 122 126 114 123 119 130 114 134 146 0
131 111 112 113 110 106 107 103 114 106 118 126 1
115 115 117 122 126 124 123 119 146 136 134 122 2
105 113 1483 1243 126 1776 1403 119 1526 1192 107 109 3
105 115 1403 1226 126 1117 843 119 766 576 107 108 4
102 121 118 129 126 119 123 119 130 136 134 110 5
105 115 1451 1736 126 720 764 119 738 760 118 108 6
106 137 1347 1526 142 632 667 135 466 472 134 113 7
106 111 117 129 126 125 139 119 146 152 134 111 8
101 110 110 129 126 842 949 119 758 904 134 109 9
103 111 110 129 126 527 587 119 386 488 134 119 10
103 115 114 129 126 114 123 119 130 109 134 15000 11
Chip#2
116 123 105 101 108 101 107 117 110 114 120 110 0
116 123 105 103 107 106 109 117 110 114 136 117 1
116 123 108 104 108 118 116 117 126 130 120 122 2
116 123 105 103 115 843 741 117 772 779 120 109 3
116 123 105 126 110 529 469 117 505 479 120 105 4
100 107 103 105 107 111 114 101 110 114 103 96 5
116 123 199 190 117 867 757 117 734 882 120 110 6
116 123 183 158 113 544 469 117 446 521 120 102 7
116 123 106 126 114 113 116 133 126 130 120 112 8
132 123 183 190 115 207 213 133 158 178 136 108 9
116 139 167 158 111 175 168 133 158 162 120 110 10
116 123 105 100 108 107 106 117 110 114 120 15000 11
Chip#3
122 112 122 121 106 136 127 116 142 114 132 130 0
122 128 138 137 122 152 143 132 142 130 148 146 1
122 128 138 137 122 152 143 132 158 130 148 146 2
122 128 122 121 122 136 143 132 158 130 148 130 3
122 128 122 121 122 136 127 116 142 114 148 130 4
106 112 122 121 122 136 127 116 142 130 148 130 5
138 128 138 137 122 152 143 132 158 130 148 146 6
122 128 138 121 122 136 127 116 142 130 148 130 7
122 128 138 121 122 136 143 132 142 130 132 130 8
122 128 138 137 122 152 143 132 158 130 148 146 9
122 128 138 137 122 152 143 132 158 130 148 146 10
122 128 138 137 122 152 143 132 142 130 148 15000 11
Chip#4
104 112 105 109 101 99 101 107 108 112 102 106 0
98 112 89 103 93 96 91 95 101 112 94 95 1
110 128 105 110 106 103 121 109 113 128 107 106 2
106 112 105 110 104 103 103 103 106 128 107 104 3
107 112 89 105 107 108 100 101 108 112 109 103 4
107 128 105 105 107 100 101 107 107 128 105 98 5
105 112 105 106 106 105 104 110 109 128 107 104 6
107 128 105 106 104 103 101 108 111 128 107 105 7
111 128 105 113 110 104 105 112 114 128 111 110 8
101 112 89 102 99 98 96 102 105 112 106 99 9
102 112 89 98 99 94 93 99 99 112 99 98 10
102 112 89 102 100 102 97 101 107 112 99 15000 11
Chip#1
131 137 115 129 126 107 123 119 130 110 134 130 0
147 121 110 113 126 110 123 119 130 105 134 123 1
115 110 117 122 126 124 139 119 146 136 134 114 2
106 114 1483 1254 126 1760 1403 135 1533 1208 134 110 3
110 137 1451 1243 142 1130 843 135 778 586 134 116 4
110 137 139 145 142 124 123 135 146 136 134 119 5
106 121 1467 1740 142 720 770 135 747 760 134 113 6
106 111 1336 1515 142 623 667 135 466 472 107 109 7
102 110 115 113 126 121 123 119 130 136 108 107 8
101 111 109 113 110 842 960 119 766 904 118 110 9
107 114 114 113 126 528 587 119 386 488 118 118 10
106 110 113 113 126 108 123 119 130 107 134 15000 11
Chip#2
116 123 102 101 104 101 105 117 110 114 120 114 0
116 123 103 103 110 107 108 117 110 114 136 130 1
116 107 100 103 105 115 116 101 126 114 120 118 2
116 123 108 101 110 842 741 117 769 780 120 106 3
132 123 113 126 114 532 469 133 510 477 136 109 4
116 123 100 103 110 114 114 117 126 114 120 104 5
116 123 215 190 115 865 757 117 734 882 120 106 6
116 123 183 158 114 545 469 117 462 516 120 106 7
116 123 102 103 101 110 109 117 110 114 120 104 8
116 123 183 174 108 207 213 117 158 162 120 105 9
116 123 167 158 108 175 164 133 142 162 120 113 10
116 123 105 100 107 103 106 117 110 114 103 15000 11
Chip#3
122 128 122 121 122 136 127 116 142 130 132 130 0
122 128 138 121 122 136 127 132 142 114 148 130 1
122 128 138 121 122 136 127 132 142 130 148 130 2
122 128 122 137 122 136 127 116 158 130 148 130 3
122 128 122 121 122 136 127 116 142 130 148 130 4
122 128 138 121 122 152 127 116 142 130 148 146 5
122 128 138 137 122 136 127 132 142 130 148 130 6
122 112 122 121 106 120 111 116 126 114 132 130 7
122 128 138 121 122 136 127 132 142 130 148 130 8
122 128 138 121 122 136 127 116 142 114 148 130 9
122 128 122 121 106 136 127 116 142 130 132 130 10
122 144 138 137 122 152 143 132 158 146 148 15000 11
Chip#4
110 128 105 110 105 104 121 108 113 128 109 107 0
105 112 89 107 102 104 99 102 106 112 104 99 1
101 96 89 98 100 96 95 101 104 9 102 99 2
101 112 105 100 101 98 100 100 104 112 101 97 3
120 128 105 112 107 110 121 109 114 128 112 110 4
110 112 105 109 106 109 121 110 114 128 112 109 5
105 112 105 108 107 105 101 104 112 112 105 107 6
108 112 89 102 105 107 103 103 111 112 108 100 7
108 128 105 106 106 106 103 107 108 128 111 104 8
102 112 105 107 99 100 97 105 112 112 107 105 9
107 128 105 102 96 102 99 103 105 112 104 100 10
108 112 89 107 102 102 99 104 106 112 107 15000 11
Chip#1
131 137 111 122 126 110 123 119 130 110 150 129 0
131 110 100 113 110 102 107 103 114 106 107 115 1
109 114 114 122 126 125 123 119 130 136 118 116 2
105 121 1483 1258 126 1776 1403 135 1531 1192 134 107 3
103 114 1451 1234 126 1117 843 135 768 579 108 109 4
105 114 118 129 126 119 123 119 130 116 106 109 5
106 137 1467 1748 142 736 770 135 747 776 134 116 6
106 121 1337 1518 142 628 683 119 450 472 134 106 7
99 105 115 129 126 119 139 119 146 152 107 111 8
103 109 113 113 126 845 960 119 760 904 134 111 9
105 110 109 113 110 527 587 119 370 488 118 115 10
97 106 104 113 126 109 107 119 114 105 134 15000 11
Chip#2
116 123 98 99 103 93 101 117 126 114 136 108 0
116 123 95 103 101 99 105 117 110 114 120 117 1
116 123 99 101 105 113 116 117 126 130 120 116 2
116 123 100 100 108 838 741 117 768 781 120 106 3
116 123 106 126 113 529 469 133 508 476 120 104 4
116 123 103 105 104 113 113 117 126 130 120 100 5
116 123 199 190 113 862 741 133 734 882 136 106 6
116 123 183 158 103 539 453 117 446 513 120 97 7
116 123 99 104 103 103 106 117 110 114 102 100 8
116 107 167 174 108 191 197 117 142 162 103 101 9
116 107 167 142 105 159 156 117 142 146 120 105 10
116 123 106 101 104 101 105 117 110 114 120 15000 11
Chip#3
122 128 138 137 122 152 143 132 158 130 148 146 0
122 128 138 121 122 152 127 132 142 130 148 146 1
122 128 122 121 122 152 127 116 142 114 148 130 2
122 112 122 121 122 136 127 116 142 130 132 130 3
122 128 122 121 122 152 127 116 142 130 148 130 4
122 128 138 137 122 152 143 132 142 130 132 146 5
138 128 138 137 122 152 143 132 158 130 148 146 6
122 128 122 121 122 136 127 132 142 130 132 130 7
122 128 122 137 122 136 143 116 158 130 148 146 8
106 112 122 121 106 136 127 116 126 114 132 130 9
122 128 138 137 122 152 143 132 158 130 148 146 10
122 128 138 121 122 136 127 116 142 130 132 15000 11
Chip#4
107 112 105 105 102 102 101 111 108 112 105 106 0
101 128 105 106 100 98 99 103 103 128 106 100 1
104 112 105 110 101 105 103 102 107 112 106 105 2
107 112 105 104 102 104 98 102 106 128 108 104 3
99 112 89 100 100 99 98 100 104 112 101 99 4
107 112 105 112 104 104 101 108 107 128 110 104 5
106 128 105 104 104 102 101 104 105 128 108 105 6
100 112 105 100 96 100 99 103 102 112 101 99 7
102 112 105 104 95 94 96 102 101 112 105 96 8
105 112 105 104 104 99 103 102 108 112 108 103 9
105 112 89 109 100 104 100 107 109 112 104 104 10
100 112 89 105 98 97 95 101 105 112 101 15000 11
Chip#1
131 137 113 122 126 109 123 119 114 109 134 127 0
131 111 107 113 126 109 107 119 114 107 134 118 1
114 113 117 122 126 125 123 119 146 136 134 114 2
106 113 1483 1250 126 1776 1403 135 1537 1208 134 107 3
103 121 1451 1237 142 1124 843 119 774 586 118 113 4
97 107 114 129 126 108 123 119 130 115 106 103 5
103 113 1451 1739 142 720 764 119 747 760 134 106 6
105 114 1339 1523 142 619 667 119 450 472 107 106 7
110 113 139 129 126 127 139 119 146 152 134 115 8
103 109 110 113 126 852 959 119 763 904 134 114 9
101 110 106 113 126 522 587 119 386 488 134 111 10
102 111 111 122 126 110 123 119 130 109 134 15000 11
Chip#2
116 123 93 101 104 99 104 117 126 114 136 113 0
116 107 93 96 95 97 106 117 110 100 136 118 1
116 123 108 104 105 120 122 117 126 114 120 119 2
116 123 100 101 108 840 741 117 778 781 120 112 3
116 123 99 101 103 520 453 117 498 469 120 100 4
116 107 103 101 105 113 118 117 110 114 120 102 5
116 123 199 190 107 857 741 117 734 866 120 106 6
116 123 183 174 108 536 469 117 462 513 120 105 7
116 123 103 110 105 104 109 117 110 114 120 108 8
116 123 183 174 105 191 197 117 158 162 120 101 9
116 123 167 158 101 175 162 117 142 146 102 101 10
116 107 98 103 103 100 105 117 110 114 120 15000 11
Chip#3
122 128 122 137 122 152 127 132 158 130 148 146 0
122 128 138 121 122 136 127 132 142 130 148 130 1
122 128 138 137 122 152 143 132 142 130 148 130 2
122 128 122 121 122 136 127 132 158 130 132 130 3
122 128 138 137 122 152 143 132 142 130 148 146 4
122 144 138 137 138 152 143 132 158 146 148 146 5
106 128 138 121 122 152 127 116 142 130 148 130 6
122 128 138 137 122 136 127 132 142 130 148 130 7
122 128 122 121 122 136 143 116 142 130 132 130 8
106 112 122 121 106 136 127 116 142 114 132 130 9
122 128 138 121 122 152 143 132 158 130 148 130 10
122 128 122 121 106 136 127 116 142 130 132 15000 11
Chip#4
102 112 105 98 100 99 96 100 104 112 100 98 0
111 112 105 111 110 105 121 110 116 128 112 106 1
110 112 89 109 102 105 103 105 112 112 106 104 2
106 112 105 102 100 100 100 101 104 112 101 103 3
109 112 105 103 105 102 100 108 108 128 105 103 4
109 112 105 111 107 105 104 111 113 128 107 107 5
107 112 105 108 105 100 103 102 108 112 106 104 6
120 128 121 113 110 111 121 111 116 128 111 113 7
102 112 89 100 99 98 96 99 102 112 101 98 8
104 112 105 109 108 107 104 110 114 112 114 104 9
104 112 105 104 100 100 98 104 104 112 100 104 10
108 112 105 104 105 105 104 108 112 112 109 15000 11
Chip#1
147 137 115 122 126 110 123 135 130 113 150 129 0
131 137 117 122 126 108 123 119 130 109 134 122 1
108 112 111 122 126 118 139 119 146 152 134 111 2
108 137 1499 1264 142 1776 1419 135 1548 1208 134 114 3
102 121 1435 1236 126 1126 843 119 773 582 118 107 4
97 109 117 129 126 114 107 119 130 114 106 102 5
103 115 1467 1753 142 720 767 135 747 760 134 113 6
107 115 1340 1526 126 623 667 119 466 472 118 107 7
103 112 115 129 142 122 139 135 146 152 134 110 8
99 106 107 113 126 843 954 119 758 904 118 108 9
111 114 115 122 126 527 603 135 402 488 134 116 10
112 137 118 122 126 116 123 119 130 112 150 15000 11
Chip#2
132 123 100 97 103 94 106 117 126 114 136 110 0
132 123 112 126 111 111 113 117 110 130 136 131 1
116 107 108 99 105 110 116 117 126 114 120 115 2
116 107 98 100 110 835 725 117 762 771 120 105 3
116 123 108 101 111 520 453 117 501 471 120 104 4
116 123 108 103 105 110 114 117 126 114 120 100 5
116 123 199 190 113 853 741 117 734 866 120 106 6
116 107 167 142 114 539 453 117 446 512 120 101 7
116 123 106 126 107 113 113 117 110 114 120 109 8
116 107 167 158 101 191 197 117 142 162 103 98 9
132 123 167 158 108 175 161 117 142 146 120 106 10
116 123 108 105 105 101 106 133 126 114 136 15000 11
Chip#3
138 128 138 137 122 152 127 132 158 130 148 146 0
122 128 138 137 122 152 143 132 158 130 148 146 1
122 128 138 121 122 136 127 132 142 130 148 130 2
106 112 122 121 106 136 127 116 126 114 116 114 3
122 128 122 121 122 136 127 116 142 114 148 130 4
122 112 122 121 106 136 127 116 142 114 132 130 5
106 112 122 121 106 136 127 116 142 114 132 130 6
106 112 122 121 106 136 127 116 126 114 132 130 7
106 112 122 121 106 120 127 116 126 114 132 130 8
122 128 138 137 122 152 143 132 142 130 148 130 9
122 112 122 121 122 152 127 116 142 114 132 130 10
122 112 122 121 106 136 127 116 126 114 132 15000 11
Chip#4
104 112 105 113 104 108 105 110 116 128 106 106 0
102 112 89 106 96 98 97 104 107 112 108 105 1
108 112 89 106 102 105 100 107 109 112 108 102 2
109 112 105 104 104 102 104 102 108 112 105 104 3
109 128 105 112 108 109 105 111 109 128 108 109 4
108 112 105 110 107 108 104 107 111 128 107 107 5
110 128 105 110 106 110 105 109 112 128 109 104 6
105 112 105 104 100 98 100 103 107 112 104 100 7
104 112 105 102 98 98 96 104 105 128 104 98 8
102 112 105 108 101 100 98 104 108 128 108 104 9
107 112 105 106 104 104 104 105 107 112 105 107 10
109 112 105 105 105 105 101 107 108 128 104 15000 11
Chip#1
131 121 110 113 110 106 107 119 114 106 134 124 0
147 114 107 122 126 107 123 119 130 104 134 120 1
109 109 109 113 126 126 123 119 130 120 118 107 2
105 121 1483 1257 126 1776 1403 119 1542 1208 118 111 3
103 121 1451 1241 126 1127 843 119 775 583 118 111 4
107 137 139 129 126 124 123 135 146 136 134 113 5
106 121 1467 1742 142 736 764 135 747 776 134 111 6
105 115 1338 1520 126 622 667 119 466 472 108 102 7
110 115 123 129 126 125 139 119 146 136 118 116 8
105 114 113 129 126 849 962 119 764 904 134 111 9
105 114 106 129 126 528 603 119 386 488 134 114 10
103 109 110 113 126 112 107 119 130 102 134 15000 11
Chip#2
100 107 100 101 104 106 103 117 110 114 120 106 0
132 123 103 101 103 104 108 117 126 130 136 119 1
116 123 100 97 101 113 118 117 126 114 120 114 2
116 123 99 103 107 832 725 117 761 769 120 102 3
116 123 108 100 110 521 453 133 501 470 120 104 4
116 123 105 101 105 113 112 117 126 114 103 97 5
116 123 199 190 113 852 741 133 734 866 120 101 6
116 107 167 158 107 534 453 117 446 510 103 98 7
116 123 108 126 114 114 116 133 126 114 120 106 8
116 123 183 174 114 191 197 117 158 162 120 106 9
116 123 167 158 108 175 166 117 142 146 120 113 10
116 107 99 97 100 101 110 117 110 98 104 15000 11
Chip#3
122 112 122 121 106 136 127 116 142 114 132 130 0
122 112 122 121 106 136 127 116 142 114 132 130 1
122 128 122 121 122 152 127 132 142 130 148 130 2
122 128 122 121 106 136 127 116 142 130 132 130 3
122 128 122 121 106 136 127 116 142 130 132 130 4
106 128 122 121 122 136 127 116 142 130 132 130 5
122 128 138 121 106 136 127 116 142 130 132 130 6
122 128 122 121 122 136 127 116 126 130 132 130 7
122 128 122 121 122 136 127 116 142 130 132 130 8
122 128 138 121 106 152 143 132 142 130 148 130 9
122 128 138 137 122 152 127 132 158 130 148 130 10
122 128 138 121 106 136 127 132 142 130 132 15000 11
Chip#4
105 112 105 103 99 99 99 102 108 112 104 100 0
107 112 89 107 101 102 101 108 109 112 109 106 1
105 112 105 103 101 102 96 104 108 112 106 100 2
104 112 89 103 99 97 98 100 99 112 102 97 3
108 128 105 111 105 107 103 107 113 128 111 112 4
120 128 105 106 106 102 105 110 111 128 109 105 5
107 112 105 112 106 110 121 116 113 128 113 109 6
104 112 105 108 104 104 103 106 105 128 106 104 7
104 112 89 104 100 98 98 101 101 112 104 98 8
106 112 105 102 105 103 99 104 108 112 109 105 9
109 112 105 102 102 102 101 105 107 112 101 103 10
110 112 105 109 104 99 103 107 109 112 107 15000 11
Chip#1
131 137 115 122 126 111 123 119 130 112 134 146 0
131 121 111 113 126 110 107 119 114 112 134 123 1
110 121 117 122 126 122 123 119 146 136 134 111 2
107 121 1499 1270 126 1776 1403 135 1546 1208 134 110 3
102 121 1467 1259 126 1128 859 119 778 581 134 110 4
98 109 117 129 126 114 123 119 130 111 134 103 5
105 114 1467 1738 126 720 762 119 738 760 134 109 6
106 121 1333 1525 142 623 667 119 450 472 134 108 7
101 110 114 129 126 122 139 119 146 152 108 110 8
103 110 110 129 126 847 956 119 760 904 134 111 9
105 113 107 113 126 532 587 119 386 488 134 114 10
106 111 111 113 126 110 123 119 130 106 134 15000 11
Chip#2
116 107 100 100 105 101 105 101 110 114 120 112 0
116 123 102 103 103 106 106 117 110 114 136 122 1
116 123 106 104 108 115 120 117 126 130 136 118 2
116 123 108 103 113 836 725 117 768 771 120 108 3
116 123 102 100 107 524 453 117 501 469 120 102 4
116 123 111 126 108 115 118 117 126 130 120 101 5
132 123 199 190 114 852 757 133 734 866 136 105 6
116 123 183 158 117 546 469 133 462 516 120 104 7
116 123 102 110 111 107 110 117 110 114 120 101 8
116 107 183 174 104 191 197 117 142 162 120 98 9
116 107 167 158 104 159 158 101 142 146 104 104 10
116 123 105 104 105 104 107 117 110 114 120 15000 11
Chip#3
122 128 138 121 122 136 127 132 142 130 132 130 0
122 128 122 121 122 136 127 132 142 130 148 146 1
122 128 138 121 122 136 127 116 142 130 148 130 2
122 128 138 137 122 136 143 132 142 130 132 130 3
122 128 138 121 106 136 127 132 142 130 148 130 4
122 128 138 121 106 136 127 132 142 130 132 130 5
122 112 122 121 106 136 127 132 142 130 132 130 6
122 128 138 121 122 136 127 132 142 130 132 130 7
106 112 122 121 106 120 127 116 126 114 132 130 8
122 128 122 121 106 152 143 132 142 130 132 146 9
122 128 138 121 122 152 127 132 142 130 132 130 10
122 128 138 137 122 152 143 132 142 130 148 15000 11
Chip#4
100 112 105 102 98 99 95 99 101 112 101 100 0
102 112 105 100 99 96 92 97 102 112 101 98 1
136 128 121 115 111 109 121 115 115 128 118 118 2
104 112 105 98 99 98 96 99 107 112 101 104 3
102 128 105 97 101 96 96 101 105 128 102 97 4
120 112 105 110 107 108 105 110 113 128 109 107 5
120 128 121 116 111 109 121 113 117 144 116 114 6
104 112 105 99 100 96 97 101 104 112 102 97 7
102 112 105 102 100 96 96 99 102 112 100 98 8
102 112 89 102 99 102 98 101 106 112 106 103 9
101 112 89 98 96 97 98 102 102 112 98 97 10
104 112 105 105 106 103 99 107 107 128 105 15000 11
Chip#1
131 137 118 122 126 112 123 119 130 115 134 146 0
147 115 113 122 126 110 123 119 130 114 134 125 1
106 113 114 122 126 124 123 119 146 136 108 109 2
108 137 1515 1281 142 1778 1419 135 1559 1224 134 110 3
107 121 1451 1258 126 1126 843 119 787 591 134 107 4
110 121 123 129 126 120 123 119 130 120 118 111 5
110 137 1451 1742 142 720 764 135 747 760 134 113 6
99 121 1339 1523 126 617 667 119 450 472 134 107 7
105 113 118 129 126 126 139 135 146 152 134 110 8
101 107 102 129 126 836 950 119 753 904 134 102 9
105 113 115 113 126 531 587 119 386 488 134 118 10
111 121 115 122 126 112 123 119 130 114 134 15000 11
Chip#2
116 123 103 110 110 111 114 117 110 130 136 121 0
116 107 95 101 101 101 103 101 110 114 120 119 1
116 107 100 103 104 114 116 117 110 114 120 108 2
116 123 106 104 113 837 725 117 762 771 120 105 3
116 123 102 126 108 522 453 117 503 474 120 100 4
116 123 103 104 110 114 116 117 126 130 120 102 5
116 123 199 190 114 858 741 117 734 866 120 104 6
116 123 183 158 117 534 469 117 446 508 120 105 7
116 123 106 126 115 113 113 117 126 114 120 111 8
100 107 167 158 103 175 197 101 142 146 101 97 9
116 123 183 158 107 175 164 117 142 146 120 109 10
116 107 103 99 103 101 107 101 110 114 120 15000 11
Chip#3
122 128 138 137 122 136 127 132 158 130 148 146 0
122 128 138 121 122 136 127 116 142 114 132 130 1
122 128 122 121 106 152 127 116 142 130 148 130 2
122 128 122 121 122 136 127 116 142 130 132 130 3
122 128 122 121 122 136 127 116 142 130 132 130 4
122 128 122 121 122 136 127 116 142 114 132 146 5
122 128 122 121 106 136 127 116 142 130 132 130 6
122 128 138 137 122 152 143 132 142 130 148 146 7
122 128 138 137 122 136 143 116 142 130 148 146 8
122 112 122 121 106 136 127 116 142 130 132 130 9
122 112 122 121 106 136 127 116 142 114 132 130 10
122 128 138 137 122 152 143 132 142 130 148 15000 11
Chip#4
106 112 105 110 107 100 100 108 107 112 106 105 0
111 128 105 112 112 110 105 111 111 128 113 110 1
94 96 89 96 90 90 89 95 94 90 91 88 2
111 112 105 103 106 104 104 105 111 112 108 103 3
107 112 89 106 107 108 103 102 106 112 107 106 4
111 112 105 108 108 102 104 104 112 128 106 105 5
101 112 89 98 100 97 97 102 102 112 97 100 6
98 112 105 104 98 97 97 97 102 96 98 100 7
109 112 105 109 108 105 99 105 112 128 111 106 8
109 112 89 110 110 105 103 109 109 112 105 106 9
110 112 105 110 106 105 104 108 107 112 108 109 10
120 128 105 113 108 109 121 115 114 128 116 15000 11
Chip#1
131 137 113 113 110 107 107 119 114 111 134 126 0
131 121 109 113 126 105 123 119 130 106 134 124 1
107 110 109 113 126 122 123 119 130 136 118 112 2
108 137 1515 1283 142 1787 1419 135 1572 1224 134 115 3
103 115 1483 1264 142 1136 859 119 786 593 134 110 4
101 114 139 129 126 119 123 119 146 136 118 110 5
110 137 1451 1743 142 720 768 135 747 776 134 118 6
102 114 1329 1520 126 619 667 135 466 472 134 110 7
103 107 109 129 126 122 123 119 146 136 104 106 8
97 106 109 113 126 843 958 119 763 904 118 108 9
101 107 103 113 110 524 587 119 370 472 118 114 10
99 110 111 113 126 108 107 119 130 109 134 15000 11
Chip#2
116 123 106 103 107 101 106 117 110 130 120 113 0
116 123 103 103 105 103 105 117 110 114 120 122 1
116 123 106 126 111 121 120 117 126 130 120 118 2
116 123 108 110 114 834 741 117 764 776 120 112 3
116 123 108 105 113 526 453 117 504 472 120 110 4
116 107 105 101 101 107 112 101 110 114 120 97 5
116 123 199 190 118 851 741 117 718 866 120 111 6
116 123 167 158 108 539 469 117 446 513 120 106 7
116 123 106 126 108 111 114 117 126 114 120 105 8
132 123 183 174 107 207 213 133 158 162 120 105 9
132 123 183 158 104 175 162 133 158 162 120 106 10
116 123 105 96 104 106 105 117 110 114 120 15000 11
Chip#3
122 128 138 121 122 152 127 132 158 130 148 146 0
138 128 138 121 122 152 143 132 158 130 148 146 1
122 128 138 137 122 136 127 132 142 130 148 130 2
122 128 138 137 122 152 143 132 158 130 148 130 3
122 128 138 137 122 136 127 132 142 130 148 146 4
122 128 122 137 122 136 127 132 142 114 148 146 5
122 128 138 121 122 136 127 132 142 130 132 130 6
122 128 138 121 122 136 127 132 142 130 148 130 7
122 128 138 121 122 136 143 132 142 130 148 130 8
122 128 138 121 122 136 127 132 142 130 132 130 9
122 128 122 121 122 136 127 116 142 130 148 130 10
122 128 122 121 122 136 127 132 142 114 148 15000 11
Chip#4
98 112 89 98 93 90 90 96 100 9 98 96 0
107 128 105 109 106 99 121 112 112 128 109 106 1
99 112 89 97 98 93 97 100 101 96 99 96 2
109 128 105 108 106 103 103 106 111 128 111 103 3
100 112 105 105 100 99 98 103 102 112 105 105 4
107 112 105 108 102 100 101 109 108 128 106 105 5
105 112 105 111 108 104 105 110 116 128 108 106 6
104 112 105 104 100 99 98 101 101 112 100 98 7
105 112 89 98 99 98 96 101 101 112 97 98 8
107 112 105 105 105 100 104 103 107 112 105 103 9
109 112 105 106 105 108 101 103 109 112 105 105 10
105 112 105 106 108 105 100 103 108 112 107 15000 11
Chip#1
147 153 114 122 126 110 123 135 130 107 150 128 0
131 137 113 122 126 110 123 119 130 110 134 127 1
114 137 123 122 126 125 139 119 146 136 134 119 2
105 137 1499 1274 142 1780 1419 119 1564 1224 134 107 3
106 137 1467 1264 126 1139 859 119 787 596 134 111 4
107 121 139 129 126 116 123 119 130 136 134 115 5
100 109 1435 1730 126 704 762 103 738 744 107 101 6
93 107 1329 1515 126 611 667 119 450 456 102 97 7
101 106 110 129 126 117 123 119 130 136 106 104 8
103 110 111 113 126 841 954 119 755 904 134 107 9
106 111 109 122 126 526 603 119 386 488 134 114 10
106 106 110 113 126 105 123 119 114 109 134 15000 11
Chip#2
116 123 105 101 105 103 110 117 126 130 136 116 0
132 123 106 104 108 107 110 117 126 130 136 125 1
116 123 102 100 105 114 112 117 126 130 120 113 2
116 123 105 126 117 840 741 133 770 779 120 106 3
116 123 105 105 110 524 453 117 501 466 120 105 4
116 123 102 126 110 114 118 117 126 130 120 102 5
116 123 199 190 114 857 741 117 718 866 120 102 6
132 123 183 158 118 539 469 133 446 514 120 110 7
116 123 103 104 107 111 106 117 126 130 120 102 8
116 123 183 174 110 191 213 117 158 162 120 106 9
116 123 167 158 105 175 165 117 142 146 120 108 10
116 107 102 99 103 101 103 117 110 100 120 15000 11
Chip#3
122 128 122 121 122 136 127 132 142 130 132 146 0
122 112 122 121 106 136 111 116 126 114 132 130 1
122 128 122 121 122 152 143 132 158 130 148 130 2
122 128 138 121 122 136 127 116 142 130 132 130 3
122 128 122 121 122 136 127 132 142 130 148 130 4
122 112 122 121 122 136 127 116 142 130 132 130 5
122 112 122 121 106 136 127 116 126 114 116 114 6
122 128 122 137 122 136 127 116 142 130 148 130 7
122 128 138 137 122 136 143 132 142 130 132 146 8
122 128 138 137 122 136 127 132 142 130 148 130 9
122 128 138 137 122 152 143 132 158 130 148 146 10
122 128 138 121 122 136 127 132 142 130 148 15000 11
Chip#4
109 112 105 106 105 97 99 107 111 112 109 104 0
111 128 105 109 111 109 121 110 112 128 109 111 1
106 112 105 108 100 103 101 101 106 128 104 105 2
108 128 105 105 102 100 98 104 102 128 106 103 3
110 128 121 108 108 109 121 106 112 128 111 106 4
110 112 105 108 110 109 104 108 112 128 112 109 5
101 112 89 103 101 98 93 102 101 112 100 99 6
108 112 105 107 102 100 99 104 111 112 102 103 7
120 128 105 111 110 109 121 113 116 128 113 113 8
104 112 105 103 101 96 97 101 106 112 104 104 9
107 112 105 109 105 103 101 105 105 112 101 105 10
101 112 105 100 101 94 95 99 100 112 97 15000 11
Chip#1
115 121 107 122 110 105 107 103 114 104 134 123 0
147 137 114 122 126 110 123 119 130 111 134 126 1
105 111 113 122 126 119 123 119 146 136 134 110 2
105 137 1515 1277 142 1792 1419 135 1554 1224 134 109 3
106 115 1483 1261 126 1141 859 135 786 592 134 110 4
102 116 111 129 126 110 123 135 146 115 108 113 5
98 115 1451 1735 126 704 760 119 738 760 118 107 6
103 113 1329 1525 126 617 667 119 450 472 134 107 7
109 111 139 129 142 125 139 135 146 152 134 114 8
106 110 107 129 126 841 952 135 759 904 134 102 9
109 115 109 129 126 527 587 119 386 488 134 122 10
103 111 109 129 126 112 123 119 130 107 134 15000 11
Chip#2
116 123 102 105 105 104 108 117 110 114 136 115 0
116 123 105 110 111 108 110 117 110 114 120 125 1
116 123 103 126 111 120 118 117 126 130 120 119 2
116 123 102 104 111 832 725 117 768 773 120 113 3
132 123 113 126 113 526 453 117 504 474 120 109 4
116 123 106 110 107 114 113 117 110 114 120 101 5
116 123 199 190 113 851 741 117 718 866 120 106 6
116 123 183 158 114 537 469 117 446 511 120 105 7
116 107 109 110 113 114 117 117 110 114 120 110 8
116 123 183 174 103 191 213 133 158 162 120 104 9
116 123 183 158 105 175 160 117 142 162 120 104 10
116 107 100 95 100 100 102 101 110 98 103 15000 11
Chip#3
122 128 122 121 122 136 127 116 142 114 132 130 0
122 128 122 121 122 136 127 132 142 130 132 130 1
106 112 122 121 106 136 127 116 126 114 132 114 2
122 128 122 121 122 136 127 116 142 130 132 130 3
122 128 122 137 122 152 127 132 142 130 148 146 4
106 128 122 121 106 136 127 116 142 114 132 130 5
122 128 138 121 122 136 127 116 142 130 132 130 6
106 128 122 121 122 136 111 116 126 114 132 114 7
122 128 122 121 122 136 127 116 142 130 132 130 8
122 128 122 121 122 136 127 116 142 130 132 130 9
122 128 122 121 122 136 127 116 142 130 148 130 10
122 128 138 137 138 152 143 132 142 130 164 15000 11
Chip#4
109 128 121 106 104 102 104 108 108 128 111 105 0
109 112 105 110 106 105 103 109 108 112 109 103 1
108 128 105 105 107 107 100 107 107 128 109 106 2
109 112 105 106 106 103 104 107 106 112 107 105 3
108 112 89 107 107 108 101 111 109 112 109 109 4
106 128 105 110 107 108 103 111 112 128 111 107 5
102 112 89 100 101 96 99 107 107 112 108 99 6
100 112 105 104 100 100 95 102 104 112 101 98 7
104 128 105 106 104 103 99 107 112 128 111 104 8
109 112 89 105 106 100 101 110 108 112 106 103 9
101 112 105 102 100 98 100 101 102 112 102 104 10
108 112 89 103 102 103 95 104 107 112 108 15000 11
Chip#1
147 137 115 129 126 115 123 135 130 113 150 146 0
131 116 101 129 126 105 123 119 130 102 134 116 1
109 107 111 113 126 119 123 119 130 136 108 110 2
106 114 1515 1281 126 1785 1419 119 1560 1224 134 103 3
103 121 1483 1272 126 1138 859 119 792 591 118 108 4
101 121 123 129 126 122 123 119 130 136 118 110 5
102 115 1451 1732 142 720 760 135 747 760 134 110 6
106 121 1331 1522 126 621 667 119 466 472 118 106 7
106 111 117 113 126 125 123 119 130 136 118 108 8
97 98 102 113 126 834 939 119 748 904 134 99 9
101 110 105 113 126 524 587 119 386 488 134 114 10
101 109 110 113 126 106 107 119 114 102 134 15000 11
Chip#2
116 123 98 101 105 101 108 117 110 114 120 114 0
116 123 99 103 104 100 104 117 126 114 136 123 1
116 123 106 104 105 118 118 117 126 130 120 121 2
116 123 103 105 108 834 725 117 763 768 120 106 3
100 123 105 104 114 526 453 117 501 468 120 108 4
100 123 102 105 108 114 114 117 126 114 120 102 5
116 123 199 190 115 853 741 117 734 866 120 109 6
116 123 167 158 111 537 453 117 446 508 104 105 7
116 123 103 105 104 104 109 117 126 114 120 100 8
100 107 183 174 104 191 197 101 142 162 104 104 9
116 107 167 142 108 175 166 117 142 146 104 105 10
116 107 102 101 103 108 109 101 110 114 120 15000 11
Chip#3
106 112 122 121 122 136 127 116 142 114 132 130 0
122 128 138 121 122 136 143 132 142 130 148 130 1
106 112 122 121 106 136 127 116 142 114 132 114 2
122 128 122 121 122 136 127 116 142 130 132 130 3
122 128 138 121 122 136 127 132 142 130 148 130 4
122 128 138 137 122 152 143 132 142 130 148 146 5
122 128 138 137 122 152 143 132 158 130 148 130 6
122 112 122 121 106 136 127 116 142 114 132 130 7
122 112 122 121 122 136 143 116 142 130 132 146 8
122 128 138 137 122 136 143 132 142 130 148 146 9
122 128 122 121 122 152 127 132 142 114 148 130 10
122 128 138 137 122 152 143 132 142 130 148 15000 11
Chip#4
111 112 105 109 104 100 104 103 105 112 105 104 0
104 112 89 105 101 100 99 103 102 112 106 103 1
111 128 121 109 106 104 104 111 109 128 111 106 2
109 112 105 110 105 103 101 104 106 128 107 103 3
104 112 89 99 101 102 99 102 104 112 102 102 4
105 112 105 99 105 100 100 102 107 112 101 102 5
104 128 105 105 102 103 98 106 107 128 106 100 6
111 112 105 105 101 105 101 107 107 112 105 100 7
108 128 105 105 106 102 100 104 102 128 101 104 8
102 112 89 106 101 99 95 99 105 112 101 100 9
103 112 105 102 100 96 97 106 100 112 100 104 10
107 112 89 105 104 100 98 104 106 112 102 15000 11
Chip#1
147 137 114 122 126 106 123 119 130 106 150 129 0
131 115 106 113 110 109 107 103 114 104 118 122 1
115 137 117 122 126 122 139 119 146 136 134 115 2
110 115 1515 1280 126 1779 1419 119 1570 1208 134 114 3
103 115 1483 1270 126 1134 859 119 784 589 118 111 4
105 137 139 129 126 120 123 135 146 136 134 110 5
102 137 1451 1728 142 720 761 135 738 760 134 111 6
110 137 1340 1519 142 618 667 119 466 472 134 107 7
101 113 111 129 126 124 139 119 146 136 107 109 8
105 114 114 129 142 841 954 119 755 904 134 110 9
106 111 115 129 126 526 587 119 386 488 134 119 10
102 113 110 113 126 106 123 119 114 102 134 15000 11
Chip#2
116 123 103 100 110 99 113 117 110 114 120 112 0
100 107 99 104 104 103 106 101 110 114 120 118 1
100 107 102 105 104 113 120 101 110 114 120 115 2
116 123 102 100 104 830 725 117 756 770 120 102 3
116 123 103 99 107 521 453 117 497 470 120 105 4
116 123 105 105 107 113 112 117 126 130 120 106 5
116 107 199 174 111 842 741 117 718 850 120 102 6
116 139 183 158 115 540 469 133 446 509 120 108 7
116 123 111 126 114 113 117 133 126 114 120 112 8
116 123 183 174 113 191 197 117 158 162 120 105 9
132 123 183 158 113 191 169 117 158 162 120 110 10
116 107 99 100 98 100 100 101 110 98 101 15000 11
Chip#3
138 128 138 137 138 161 143 132 174 130 148 162 0
122 128 138 121 122 152 127 132 158 130 148 146 1
122 128 138 137 138 152 143 132 158 146 164 146 2
122 128 138 137 122 152 143 132 158 130 148 130 3
122 128 138 137 122 152 143 132 158 130 164 146 4
122 112 122 137 122 152 143 132 142 130 132 146 5
122 128 138 137 122 152 143 132 158 130 148 146 6
122 128 122 137 122 136 143 132 142 130 132 146 7
122 128 138 137 122 152 143 132 158 130 148 146 8
138 144 138 137 122 161 143 148 158 130 164 162 9
122 128 138 137 122 152 143 132 158 130 148 146 10
122 128 138 121 122 152 143 132 142 130 148 15000 11
Chip#4
110 128 105 113 107 109 121 109 111 128 113 110 0
102 112 89 106 98 99 96 101 99 112 101 97 1
120 128 121 106 106 105 100 108 108 128 116 105 2
105 112 89 102 104 98 96 99 100 112 101 104 3
102 96 89 99 95 101 92 102 104 112 95 98 4
108 128 105 103 105 104 103 102 108 112 106 98 5
102 112 105 104 99 100 98 103 104 112 102 100 6
136 128 121 111 105 108 121 108 112 128 104 107 7
105 112 105 99 101 98 97 100 100 112 100 103 8
111 128 105 111 107 105 121 107 113 128 112 113 9
110 128 105 106 104 104 105 107 105 112 106 110 10
110 128 105 108 104 107 104 103 107 112 106 15000 11
Chip#1
131 137 113 122 126 114 123 119 114 109 134 130 0
131 111 107 113 110 105 107 103 114 103 108 116 1
112 121 115 122 126 125 123 119 146 136 134 118 2
106 115 1516 1287 142 1794 1419 135 1565 1224 134 115 3
106 111 1483 1272 126 1144 859 119 788 589 134 107 4
106 116 123 129 126 121 123 119 130 136 134 110 5
103 114 1451 1727 142 720 756 135 747 760 134 108 6
103 113 1333 1514 126 619 667 119 450 456 118 110 7
101 107 113 129 126 126 139 119 146 136 118 107 8
102 109 107 129 126 845 952 119 753 904 134 111 9
105 111 114 113 126 527 587 119 370 472 118 119 10
109 113 110 113 126 110 123 119 114 105 134 15000 11
Chip#2
116 123 95 100 103 101 105 117 110 114 120 109 0
116 123 99 101 100 100 105 117 110 114 120 114 1
116 123 103 100 104 111 116 117 126 130 120 110 2
116 123 100 104 108 826 725 117 763 768 120 105 3
116 123 106 105 114 524 453 117 500 475 120 105 4
116 123 108 126 110 111 116 117 126 130 120 100 5
116 107 199 190 108 847 725 117 718 866 120 102 6
116 123 183 158 114 529 469 117 446 512 120 105 7
116 107 100 101 107 106 103 117 110 114 102 100 8
116 107 183 174 107 191 197 101 158 162 120 97 9
116 123 167 158 105 175 162 117 158 162 120 105 10
132 123 103 96 104 107 105 117 110 114 102 15000 11
Chip#3
106 112 122 121 106 136 111 116 142 114 132 130 0
122 128 138 137 122 152 143 132 158 130 148 146 1
122 128 138 137 122 152 143 132 158 130 148 146 2
122 128 122 137 122 136 143 132 142 130 148 130 3
122 128 138 137 122 152 127 132 142 130 148 146 4
122 128 138 137 122 152 143 132 142 130 148 146 5
122 128 138 121 122 152 143 132 158 130 148 130 6
122 128 122 137 122 152 143 132 142 130 148 130 7
122 128 122 137 122 136 143 132 158 130 148 146 8
122 128 122 121 122 152 143 116 142 130 148 130 9
122 128 122 121 122 136 127 116 142 114 132 130 10
122 112 122 121 122 136 127 116 142 130 148 15000 11
Chip#4
102 112 105 108 102 98 101 105 105 112 104 105 0
100 112 89 100 99 98 96 102 104 112 101 97 1
108 128 105 105 105 103 103 109 105 128 107 104 2
108 112 89 104 102 100 98 102 104 112 104 105 3
98 112 105 103 100 97 97 102 105 128 99 103 4
105 112 105 105 102 100 103 105 104 112 101 103 5
104 112 105 105 104 102 97 101 104 112 98 102 6
102 112 105 99 99 93 95 96 100 96 98 97 7
102 112 105 104 99 97 97 103 101 112 101 102 8
109 128 105 111 106 105 121 104 109 128 108 109 9
102 112 105 102 102 98 99 99 105 112 98 100 10
100 112 89 102 99 94 97 100 101 112 100 15000 11
Chip#1
131 137 113 113 126 112 123 119 114 105 134 126 0
131 115 106 113 126 106 107 119 130 106 134 124 1
102 101 104 113 126 112 123 119 130 115 102 102 2
114 137 1515 1284 142 1791 1435 135 1572 1224 134 114 3
106 114 1467 1261 126 1144 859 119 787 594 118 110 4
109 113 123 129 126 117 123 119 130 115 118 106 5
103 114 1451 1732 142 720 759 135 738 760 134 110 6
105 113 1337 1517 126 621 667 119 450 456 134 110 7
110 113 115 129 126 126 139 135 146 152 134 113 8
102 106 105 113 126 842 954 119 756 904 134 111 9
105 107 107 122 126 523 587 119 386 472 134 115 10
106 110 113 113 110 114 107 119 114 107 134 15000 11
Chip#2
116 123 97 100 103 103 106 117 126 114 120 113 0
100 107 96 100 98 103 105 101 110 101 120 117 1
116 123 109 101 107 117 114 117 126 114 120 118 2
116 123 95 101 105 822 725 117 758 761 120 102 3
116 123 106 126 108 520 453 117 499 469 120 104 4
116 123 108 105 104 110 114 117 110 130 120 98 5
116 123 215 190 110 843 741 117 734 844 136 100 6
116 123 183 158 110 531 453 117 446 513 120 102 7
116 123 106 110 107 110 114 117 110 114 120 106 8
116 123 183 174 110 191 197 117 158 162 120 104 9
116 123 167 158 105 175 164 117 142 146 120 109 10
116 123 102 126 108 108 106 117 126 114 120 15000 11
Chip#3
122 128 138 121 122 152 127 132 158 130 148 146 0
122 128 122 121 106 136 127 132 142 130 148 130 1
122 112 122 121 106 136 127 132 142 130 132 130 2
122 112 122 121 106 136 127 116 142 114 132 114 3
122 128 138 137 122 152 143 132 142 130 148 146 4
122 112 122 137 106 152 127 116 142 114 132 130 5
138 128 138 137 122 152 143 132 158 130 148 130 6
122 128 138 137 122 152 143 132 158 130 148 146 7
106 128 122 121 106 136 127 116 142 114 132 130 8
122 128 138 137 122 152 143 132 142 130 148 130 9
122 128 122 121 106 152 127 132 142 130 132 130 10
122 128 138 121 122 152 143 116 142 130 148 15000 11
Chip#4
100 112 89 99 101 99 98 97 104 112 99 95 0
104 112 89 100 95 89 96 96 99 95 98 93 1
108 112 105 105 105 98 98 103 105 112 105 104 2
105 112 105 104 98 97 98 102 104 112 100 100 3
104 112 89 103 104 104 98 102 104 112 100 99 4
107 128 105 109 104 102 101 102 102 128 100 99 5
110 112 105 109 101 107 104 108 108 128 106 105 6
102 112 105 99 96 99 98 100 101 112 101 103 7
100 112 89 99 100 92 96 102 97 112 95 93 8
107 128 105 106 104 105 100 102 107 128 107 103 9
99 112 105 97 96 96 93 101 97 112 95 98 10
109 128 105 108 108 105 104 108 109 128 107 15000 11
Chip#1
131 137 114 122 126 111 123 119 130 110 134 129 0
131 137 110 122 126 112 123 135 130 109 134 125 1
109 107 111 122 110 119 123 119 146 136 106 114 2
106 114 1515 1281 142 1790 1435 135 1568 1224 134 111 3
110 121 1483 1278 142 1150 875 135 793 599 134 116 4
110 137 139 145 126 122 139 135 146 136 134 113 5
107 121 1451 1736 126 720 762 135 747 760 134 114 6
109 121 1340 1527 142 621 667 135 466 472 134 111 7
106 110 117 113 126 119 123 119 130 136 106 106 8
102 110 107 113 126 839 952 119 756 888 134 108 9
99 107 100 113 126 521 587 119 386 472 134 111 10
102 114 114 122 126 111 123 135 130 109 134 15000 11
Chip#2
116 123 105 105 108 107 112 117 110 130 136 113 0
116 107 102 104 105 107 107 101 110 114 120 118 1
116 107 100 100 103 113 116 117 126 114 120 117 2
116 123 106 103 115 832 725 117 758 770 120 109 3
116 107 99 100 108 522 437 101 497 467 103 100 4
116 123 103 126 105 118 117 117 126 130 103 101 5
116 107 199 190 108 846 725 117 718 866 120 104 6
116 123 183 174 118 536 469 117 446 513 120 108 7
116 107 99 103 101 104 106 117 110 114 101 98 8
116 107 167 174 107 191 197 101 142 162 120 104 9
116 123 167 158 107 175 161 117 142 162 103 101 10
116 123 97 97 100 100 102 117 110 114 103 15000 11
Chip#3
122 112 122 121 122 136 127 116 142 114 132 130 0
122 128 138 137 122 152 143 132 158 130 148 146 1
122 128 122 137 122 152 127 116 142 130 132 130 2
122 128 122 121 122 136 127 116 142 114 132 114 3
122 128 138 137 122 152 143 132 142 130 148 146 4
122 112 138 137 122 136 127 116 142 130 132 130 5
122 128 138 137 122 152 143 132 158 130 148 130 6
122 128 122 121 122 136 127 116 142 114 148 130 7
122 128 138 137 122 136 143 132 158 130 148 146 8
122 128 138 137 122 152 143 132 142 130 148 130 9
122 128 138 137 122 152 143 132 158 130 148 146 10
106 112 122 121 122 136 127 116 142 130 132 15000 11
Chip#4
108 112 105 111 104 103 103 104 108 112 105 104 0
111 112 105 115 104 105 104 108 108 128 106 105 1
106 112 105 103 101 99 98 101 107 112 101 105 2
99 112 105 99 94 93 97 92 95 112 96 93 3
105 112 105 105 102 99 100 108 108 128 102 103 4
101 112 105 104 100 97 98 100 103 112 100 100 5
109 128 105 111 106 106 121 111 112 128 110 109 6
101 112 105 102 95 98 95 96 105 112 100 97 7
106 112 89 104 107 98 101 103 107 112 102 98 8
101 112 105 103 100 100 98 96 104 128 101 102 9
110 128 105 111 107 107 103 109 109 128 105 106 10
104 112 105 103 101 96 98 103 103 128 101 15000 11
Chip#1
147 153 139 122 142 118 139 135 146 115 166 162 0
147 121 111 113 126 108 123 119 130 111 134 122 1
103 106 107 122 126 116 123 119 130 116 102 104 2
109 121 1516 1280 126 1785 1419 135 1569 1224 134 114 3
109 115 1483 1275 126 1146 859 135 791 597 134 113 4
108 137 139 129 142 124 139 119 130 136 134 110 5
101 115 1435 1732 142 720 756 119 738 760 134 111 6
109 111 1339 1522 126 619 667 119 450 472 134 111 7
101 110 114 129 126 121 123 119 146 136 118 109 8
103 110 105 129 126 841 953 119 754 904 134 109 9
106 111 109 129 126 526 587 119 386 488 134 116 10
105 107 106 113 110 109 107 119 114 104 134 15000 11
Chip#2
116 123 106 103 103 100 110 117 126 114 136 113 0
116 123 103 105 103 103 106 117 110 114 136 119 1
116 123 103 104 104 113 114 117 126 130 120 112 2
116 123 102 105 110 827 725 117 755 771 120 105 3
116 123 108 103 107 521 453 117 494 466 120 102 4
116 123 108 104 105 114 117 133 126 130 120 104 5
116 123 199 190 113 846 725 117 718 850 136 102 6
116 123 183 158 111 529 453 117 446 512 120 106 7
116 107 103 105 105 108 110 117 110 114 120 104 8
116 123 183 174 108 191 213 117 158 162 120 101 9
116 123 167 158 103 175 157 117 142 146 103 102 10
116 123 108 103 103 101 104 117 110 114 120 15000 11
Chip#3
106 112 122 121 106 136 127 116 142 114 132 130 0
122 112 122 121 122 136 127 132 142 130 132 130 1
122 128 122 137 122 152 127 132 142 130 132 130 2
122 112 122 121 106 136 127 116 142 114 132 114 3
106 112 122 121 122 136 127 116 142 114 132 130 4
122 128 122 121 122 152 127 132 142 130 132 130 5
122 128 138 137 122 136 127 116 142 130 132 130 6
106 112 122 121 106 120 111 116 126 114 132 130 7
122 112 122 121 106 120 127 116 126 114 101 114 8
106 112 122 121 106 136 127 116 126 130 132 130 9
106 112 106 121 106 120 127 116 126 114 132 114 10
106 112 122 121 106 136 111 116 126 114 132 15000 11
Chip#4
106 128 105 100 101 103 101 107 103 128 105 100 0
105 112 105 99 98 96 97 100 100 128 105 97 1
111 112 105 106 112 107 99 105 105 112 111 104 2
108 112 105 105 105 99 105 102 108 128 107 100 3
106 112 105 104 105 99 98 107 106 128 108 103 4
104 112 89 99 102 98 99 103 104 112 105 102 5
102 112 105 105 105 104 98 104 101 112 104 102 6
108 112 89 103 104 98 101 101 106 112 106 103 7
104 112 89 104 99 96 96 102 100 112 101 99 8
108 112 105 105 104 103 99 104 106 112 108 106 9
111 112 89 106 102 100 103 104 104 112 104 103 10
108 96 89 100 102 102 94 102 102 112 106 15000 11
Chip#1
131 137 113 113 126 112 123 119 114 116 134 127 0
147 137 117 122 126 115 123 135 130 112 134 127 1
112 137 139 122 126 125 139 135 146 136 134 115 2
112 137 1516 1288 142 1800 1419 135 1573 1224 134 116 3
107 116 1499 1272 142 1148 875 135 784 597 134 115 4
106 111 118 129 126 119 139 119 130 136 134 110 5
102 115 1451 1728 126 720 758 119 738 760 118 108 6
112 137 1337 1521 142 619 667 135 466 472 134 119 7
99 106 107 113 126 117 123 119 130 136 107 107 8
111 121 111 122 126 839 950 135 758 904 134 116 9
101 106 109 113 126 523 587 119 386 488 108 116 10
109 115 113 122 126 116 123 119 130 109 134 15000 11
Chip#2
116 123 106 100 100 103 106 117 110 130 136 108 0
116 123 102 105 107 103 113 117 126 114 136 118 1
116 123 105 105 107 118 117 117 126 130 120 119 2
116 123 108 105 111 826 725 117 761 761 120 112 3
116 123 108 126 110 519 453 117 499 464 120 109 4
116 123 108 126 105 115 117 117 126 130 120 104 5
116 123 215 190 114 847 725 117 718 866 120 109 6
116 123 183 158 108 532 453 117 446 508 136 105 7
116 123 102 110 105 111 110 117 110 114 104 101 8
116 107 167 158 107 175 197 101 142 146 104 102 9
116 123 183 158 103 175 164 117 142 146 120 104 10
116 123 109 104 105 108 108 117 110 114 120 15000 11
Chip#3
106 112 122 121 106 136 127 116 142 114 132 130 0
122 128 122 121 122 136 127 116 142 130 148 130 1
122 128 138 137 122 152 143 132 158 130 148 130 2
106 112 122 121 106 136 127 116 142 114 132 114 3
122 128 138 137 122 136 127 132 142 130 148 130 4
106 128 122 121 122 136 127 116 142 130 132 130 5
122 128 138 137 122 152 143 132 158 130 148 146 6
122 144 138 137 138 152 143 132 158 130 148 146 7
122 128 138 137 122 152 143 132 158 130 148 146 8
106 128 138 121 106 136 127 116 142 130 148 130 9
122 128 138 137 122 152 143 132 158 130 148 146 10
122 128 138 137 122 136 127 132 142 130 148 15000 11
Chip#4
108 112 105 106 100 98 101 103 105 112 105 104 0
107 112 89 105 102 103 100 105 106 112 107 104 1
106 112 105 105 108 105 104 108 105 112 107 103 2
99 128 105 103 98 98 100 102 105 128 100 99 3
107 112 105 103 104 99 95 107 106 128 104 102 4
120 128 105 111 113 109 121 113 116 128 113 111 5
102 112 89 100 102 96 99 102 102 112 103 97 6
100 112 89 95 95 94 93 99 99 94 95 93 7
104 128 105 99 101 98 97 103 101 128 98 103 8
105 112 89 105 101 100 100 105 105 112 102 103 9
104 112 89 107 110 108 105 109 109 112 109 110 10
109 128 121 102 99 100 98 103 103 128 107 15000 11
Chip#1
131 121 110 113 110 107 107 119 114 110 134 129 0
131 121 114 113 126 110 123 119 130 105 134 124 1
131 137 117 122 126 130 123 135 146 136 134 116 2
111 137 1515 1276 142 1787 1419 135 1570 1224 134 111 3
100 113 1467 1265 110 1134 859 119 784 587 106 107 4
103 114 115 129 126 114 123 119 130 115 118 104 5
106 115 1435 1729 126 704 755 119 738 744 118 111 6
106 114 1340 1516 142 617 667 135 466 472 134 107 7
110 121 123 129 126 126 139 119 146 136 134 115 8
99 107 102 113 126 833 949 119 750 888 134 109 9
103 106 108 113 110 519 587 119 370 472 118 108 10
106 114 107 122 126 110 107 119 114 106 134 15000 11
Chip#2
116 123 100 103 104 104 108 117 110 114 120 109 0
116 123 106 126 105 110 106 117 110 114 120 123 1
116 123 102 101 103 114 116 117 126 130 120 113 2
116 123 99 100 105 834 725 117 753 761 120 101 3
132 123 109 110 113 521 453 117 505 469 120 108 4
116 123 111 126 110 115 116 117 126 130 120 100 5
116 123 199 190 111 837 725 117 718 866 120 100 6
116 123 183 158 113 536 453 117 462 512 120 105 7
116 107 102 126 108 108 109 117 110 114 104 102 8
116 123 183 174 108 191 197 117 158 162 120 102 9
116 123 167 158 108 175 162 133 142 162 120 105 10
116 123 103 101 105 104 106 117 110 114 120 15000 11
Chip#3
122 128 138 137 122 152 127 132 158 130 148 146 0
122 112 122 121 106 136 127 116 142 114 132 130 1
122 128 138 121 122 136 127 132 142 130 148 130 2
122 128 122 121 122 136 127 132 142 130 132 130 3
106 112 106 121 106 136 127 116 126 114 132 130 4
122 128 122 121 122 152 127 116 142 130 132 130 5
122 112 122 121 122 136 127 116 142 114 132 130 6
122 128 138 137 122 152 143 132 142 130 148 146 7
122 112 122 121 106 136 143 116 142 114 132 130 8
122 112 122 121 106 136 127 116 142 130 132 130 9
106 112 122 121 106 136 127 116 142 114 132 130 10
122 112 122 121 106 136 127 116 142 114 132 15000 11
Chip#4
109 112 105 111 101 102 103 107 112 112 112 103 0
105 96 73 98 95 91 94 100 100 9 101 95 1
109 128 105 108 105 99 103 107 109 128 107 109 2
120 112 105 107 108 107 105 107 109 112 112 106 3
105 112 89 100 102 100 99 101 106 112 107 103 4
106 112 105 104 104 96 100 104 101 112 105 100 5
105 112 105 102 100 99 99 102 108 128 107 99 6
104 112 89 99 99 97 97 102 104 112 98 98 7
108 112 105 108 105 100 101 107 105 112 111 103 8
106 112 89 106 104 100 99 107 106 112 109 99 9
110 112 105 103 101 99 103 102 99 128 99 99 10
105 112 105 103 100 100 100 102 104 112 105 15000 11
Chip#1
112 137 106 113 126 104 107 119 114 100 134 126 0
131 121 109 113 126 107 107 119 130 107 108 123 1
106 106 111 122 126 122 123 119 146 136 108 114 2
105 121 1515 1281 142 1791 1419 135 1571 1224 134 111 3
95 110 1483 1264 126 1141 859 119 792 591 104 110 4
101 107 114 113 126 111 123 119 130 110 104 107 5
105 113 1451 1723 126 704 752 119 738 744 118 114 6
106 114 1332 1515 126 612 667 119 466 472 134 106 7
103 109 106 129 126 117 139 119 146 136 106 111 8
102 107 109 129 126 833 948 119 750 904 134 110 9
112 111 111 129 126 526 587 119 386 488 134 116 10
102 110 102 129 126 107 123 119 130 101 134 15000 11
Chip#2
116 123 105 101 103 104 105 117 110 114 136 112 0
116 123 98 105 100 107 106 117 110 114 120 119 1
116 123 103 104 108 115 117 101 110 114 120 119 2
116 107 95 96 100 820 725 117 747 756 120 100 3
116 123 109 104 107 517 453 117 488 465 120 102 4
116 123 111 126 108 113 117 117 126 130 120 100 5
116 123 199 190 115 843 741 117 718 866 136 108 6
116 123 183 158 113 529 453 133 446 507 120 106 7
116 107 103 110 104 106 112 117 110 98 103 102 8
116 123 183 174 104 191 197 117 158 146 120 101 9
116 123 167 142 103 159 162 117 142 146 102 106 10
116 123 97 101 100 103 102 117 126 100 103 15000 11
Chip#3
122 112 122 121 122 136 127 116 142 114 132 130 0
122 112 122 121 122 136 127 116 142 130 132 130 1
106 112 122 121 106 136 127 116 126 114 132 114 2
106 112 122 121 106 136 127 116 142 114 132 130 3
122 128 122 121 122 152 127 132 142 130 148 130 4
122 128 138 137 122 152 143 132 142 130 148 130 5
122 112 138 121 122 152 127 116 142 114 148 130 6
122 128 122 121 122 136 127 116 142 114 132 114 7
122 128 122 121 122 136 143 132 142 130 132 130 8
122 128 138 137 122 152 143 132 142 130 148 146 9
122 128 138 137 122 152 143 132 142 130 148 130 10
122 128 138 121 122 136 127 116 142 130 148 15000 11
Chip#4
102 112 89 103 102 99 98 102 105 112 102 102 0
102 112 105 100 100 96 97 100 98 112 102 99 1
106 128 105 103 106 102 103 109 107 128 105 100 2
108 112 105 109 110 105 105 112 109 128 105 105 3
107 112 105 110 108 105 101 105 107 112 106 109 4
105 112 105 103 107 100 98 107 106 112 107 103 5
103 112 105 109 105 105 103 106 109 112 110 109 6
107 112 105 105 104 102 103 103 107 112 107 103 7
104 112 89 105 100 105 100 105 107 112 104 97 8
105 112 105 109 104 102 101 102 106 112 105 102 9
108 112 89 103 105 98 100 107 105 112 100 103 10
100 112 105 99 99 98 98 106 104 112 101 15000 11
Chip#1
147 137 106 129 142 106 123 135 130 106 150 127 0
131 111 105 113 126 104 123 119 130 104 134 119 1
111 113 115 113 110 119 123 119 146 136 118 111 2
106 121 1515 1272 142 1784 1419 135 1579 1240 134 111 3
105 121 1483 1274 126 1146 859 135 793 607 134 114 4
110 114 139 129 126 124 123 119 130 136 134 110 5
109 121 1435 1724 142 704 753 119 738 760 134 108 6
105 121 1336 1513 142 613 651 135 466 472 134 112 7
107 113 123 129 126 127 123 119 146 136 134 114 8
105 109 109 129 142 839 948 135 750 904 134 110 9
106 107 105 129 126 522 587 135 386 488 134 114 10
98 110 107 113 126 110 107 119 114 101 134 15000 11
Chip#2
116 123 105 99 101 103 105 117 110 114 120 112 0
116 123 102 104 103 106 106 117 110 114 120 118 1
116 123 103 105 105 115 114 117 126 114 120 118 2
116 123 103 126 114 826 725 117 757 764 120 106 3
116 123 111 104 114 517 453 117 498 468 120 105 4
116 123 108 101 103 113 114 117 126 114 120 100 5
116 123 199 190 113 835 725 117 718 850 120 106 6
116 123 183 158 113 529 453 117 446 505 120 105 7
116 123 106 110 111 113 117 117 110 114 120 111 8
116 123 183 174 104 191 197 117 158 162 120 104 9
116 123 167 158 105 159 160 117 142 146 103 108 10
116 123 106 110 108 106 110 117 126 114 120 15000 11
Chip#3
122 112 122 121 122 136 127 116 142 114 132 130 0
122 128 122 121 122 136 127 116 142 130 148 130 1
122 128 122 121 122 136 127 132 142 130 148 130 2
122 128 138 121 122 152 143 132 158 130 148 130 3
122 128 138 121 122 152 127 132 142 130 148 146 4
122 112 122 121 122 152 143 116 142 114 132 130 5
122 128 138 137 138 152 143 132 158 130 148 146 6
122 128 138 137 138 152 143 132 142 130 148 146 7
122 128 138 137 122 152 143 132 158 130 148 146 8
122 112 138 137 106 152 143 132 142 130 132 130 9
122 128 138 121 122 152 143 116 158 130 148 130 10
138 128 138 137 122 152 143 132 158 130 148 15000 11
Chip#4
100 112 105 100 95 99 98 100 102 112 101 97 0
106 128 105 105 99 103 98 102 108 128 105 106 1
100 112 105 98 96 94 92 103 99 96 99 95 2
110 128 105 113 107 104 121 112 111 128 114 104 3
107 112 89 104 102 104 94 102 104 112 104 100 4
120 112 105 111 110 113 105 111 111 128 111 106 5
105 112 105 109 104 104 98 107 105 112 104 102 6
109 112 105 109 101 107 105 107 107 112 109 106 7
106 112 105 106 104 100 100 109 104 112 105 103 8
103 128 105 108 102 100 102 104 106 128 108 102 9
101 96 89 102 98 95 96 96 101 95 97 98 10
108 112 89 105 102 105 99 103 108 112 109 15000 11
Chip#1
115 121 106 113 110 105 107 119 114 104 134 123 0
131 113 104 113 126 104 107 119 114 101 118 114 1
131 121 139 122 126 127 139 135 146 136 134 119 2
111 137 1518 1288 142 1789 1419 135 1577 1224 134 115 3
106 121 1483 1281 126 1143 859 119 802 600 118 111 4
109 121 123 129 126 119 123 119 130 116 118 111 5
99 107 1435 1726 126 704 742 119 738 744 108 106 6
103 109 1333 1514 126 611 651 119 450 456 107 102 7
102 109 115 129 126 120 123 119 146 152 134 110 8
115 121 117 113 126 841 956 119 754 888 134 118 9
103 114 111 113 126 528 587 119 370 472 134 114 10
108 113 111 122 126 112 123 135 130 105 134 15000 11
Chip#2
116 123 106 126 110 107 113 117 110 130 120 115 0
116 123 100 101 104 106 109 117 110 114 120 118 1
116 107 106 104 108 120 121 117 126 114 120 117 2
116 107 102 97 104 827 725 117 754 754 120 106 3
116 123 105 105 105 521 453 117 498 469 120 106 4
116 123 105 103 104 115 118 117 126 130 120 102 5
116 123 199 174 108 838 725 117 718 850 120 104 6
116 123 167 158 111 527 453 117 446 503 120 100 7
116 107 103 105 104 106 103 117 110 114 120 100 8
132 123 183 174 108 191 197 117 158 162 120 104 9
116 139 167 158 108 175 164 117 142 162 120 106 10
100 107 101 100 100 100 101 101 94 101 104 15000 11
Chip#3
122 128 122 121 122 152 127 116 158 130 148 146 0
138 128 138 137 138 152 143 132 142 146 148 146 1
122 128 122 137 122 152 127 132 158 130 148 146 2
122 128 122 121 122 136 143 116 142 130 132 130 3
122 112 122 121 106 136 143 132 142 130 148 146 4
122 128 138 137 122 152 143 132 142 130 148 146 5
122 112 122 121 106 136 127 116 142 114 132 130 6
122 128 138 137 122 152 143 132 142 130 148 146 7
122 128 122 137 122 152 143 132 158 130 148 146 8
122 112 122 121 106 136 127 116 142 114 132 130 9
122 128 138 121 122 152 143 132 158 130 148 146 10
106 112 122 121 106 136 127 116 142 114 148 15000 11
Chip#4
101 112 105 102 95 100 96 104 104 112 105 100 0
107 112 89 104 98 102 98 103 102 112 106 99 1
108 112 105 103 105 104 95 105 105 112 102 104 2
110 128 105 103 104 103 99 104 106 128 102 100 3
99 112 105 98 98 97 93 99 95 112 96 97 4
105 112 89 109 100 99 101 107 108 112 100 100 5
107 112 105 110 108 109 101 109 109 112 112 106 6
120 128 105 110 112 112 103 112 112 128 113 107 7
109 112 105 111 105 105 103 109 109 128 109 104 8
110 112 105 110 104 105 99 105 105 128 105 102 9
111 112 105 110 108 111 104 112 111 128 112 107 10
102 112 105 98 105 104 93 103 105 112 101 15000 11
Chip#1
131 137 115 113 126 111 107 119 114 109 134 146 0
131 114 105 113 126 106 107 103 114 106 118 119 1
107 111 115 113 126 121 123 119 146 136 118 110 2
99 110 1515 1271 126 1778 1419 119 1570 1224 102 99 3
106 121 1499 1275 126 1147 859 119 802 601 134 114 4
103 113 113 129 126 112 123 119 130 112 104 105 5
99 106 1435 1717 126 704 748 119 738 744 107 106 6
102 115 1330 1512 126 611 667 119 450 456 108 106 7
102 111 114 129 126 124 139 119 146 152 134 111 8
97 106 102 113 126 832 948 119 747 870 134 105 9
112 116 109 122 126 526 603 135 386 488 134 116 10
111 113 113 113 126 115 123 119 130 107 134 15000 11
Chip#2
116 123 105 101 105 106 109 117 110 114 120 115 0
116 123 99 100 101 103 103 117 110 114 120 119 1
116 123 106 103 108 115 116 117 126 130 120 118 2
116 123 100 96 105 819 725 117 754 755 120 104 3
116 123 112 104 111 520 453 117 499 471 120 106 4
116 123 111 126 107 114 112 117 126 130 120 102 5
116 123 199 190 115 838 725 117 718 842 120 110 6
116 123 183 158 108 526 453 117 446 507 120 108 7
116 123 106 110 105 106 107 117 110 114 103 105 8
116 123 183 190 105 191 197 117 158 162 120 110 9
116 123 167 158 108 159 161 117 142 146 120 104 10
116 123 109 126 107 108 110 117 126 114 120 15000 11
Chip#3
106 112 122 121 106 136 127 116 142 114 132 130 0
122 128 138 121 122 136 127 132 142 130 148 130 1
106 112 122 121 106 136 127 116 126 114 132 114 2
106 112 122 121 122 136 127 116 142 130 132 130 3
122 112 138 121 122 136 127 116 142 114 132 130 4
122 128 122 137 122 152 143 116 142 114 148 146 5
122 128 138 137 122 152 127 132 142 130 132 130 6
122 128 122 137 122 136 127 132 142 130 132 130 7
122 128 122 121 106 136 143 116 142 130 132 130 8
122 128 138 137 122 152 143 116 142 130 148 130 9
122 112 122 121 106 136 127 116 142 114 132 130 10
122 128 138 137 122 136 127 132 142 130 148 15000 11
Chip#4
109 112 105 104 104 100 100 106 104 112 104 100 0
102 112 89 100 99 99 97 101 102 112 99 99 1
120 128 105 110 104 108 105 108 115 128 111 105 2
108 112 89 107 96 100 104 103 107 112 105 105 3
104 96 89 99 99 97 94 101 104 112 101 96 4
106 112 105 102 98 100 99 99 104 112 105 96 5
100 112 105 99 92 94 91 96 99 96 104 96 6
109 112 105 111 110 108 121 108 114 128 109 106 7
120 128 105 112 106 108 105 113 113 128 106 109 8
107 112 105 106 102 97 98 105 102 112 104 100 9
106 112 105 100 100 98 99 102 105 112 99 99 10
120 128 105 110 105 108 103 110 112 128 111 15000 11
Chip#1
131 137 114 122 126 106 123 119 130 110 150 130 0
131 137 113 122 126 110 123 119 130 109 134 124 1
110 109 111 122 126 120 123 119 146 120 108 108 2
98 111 1515 1272 126 1786 1419 135 1578 1224 104 105 3
107 121 1483 1275 126 1143 859 119 799 600 118 112 4
106 114 117 113 126 119 123 119 130 120 118 111 5
101 113 1451 1724 142 704 746 119 738 760 134 107 6
101 109 1327 1513 126 613 651 119 450 456 107 102 7
97 107 106 129 126 120 139 119 146 136 103 102 8
103 111 110 113 110 836 939 119 750 785 118 107 9
106 113 113 113 126 530 587 119 370 472 134 116 10
101 107 107 122 126 105 123 119 130 102 134 15000 11
Chip#2
116 123 99 100 104 103 105 117 110 114 120 110 0
116 123 102 100 107 103 107 117 110 114 120 123 1
116 123 103 105 105 117 118 117 126 130 120 117 2
116 123 105 105 111 824 709 117 754 756 120 106 3
116 123 108 105 113 524 453 117 498 469 120 106 4
116 123 105 100 105 111 112 117 126 130 103 96 5
116 107 183 174 111 837 725 101 702 835 104 104 6
116 123 183 158 113 529 453 117 446 505 120 105 7
116 123 102 126 111 110 113 117 126 114 120 106 8
116 123 183 174 103 207 213 133 158 162 120 104 9
100 107 167 142 107 159 163 117 142 146 104 108 10
116 123 100 97 104 101 103 117 126 114 120 15000 11
Chip#3
122 128 138 137 122 152 127 132 158 130 148 146 0
122 128 122 121 122 152 143 132 142 130 148 130 1
106 128 138 121 122 152 127 132 142 130 148 130 2
122 128 138 137 122 152 143 132 158 130 148 146 3
106 128 122 121 122 136 127 116 142 130 132 130 4
122 128 138 121 122 136 127 116 142 130 132 130 5
138 128 138 137 122 152 143 132 158 130 148 146 6
122 144 138 137 122 152 143 132 158 130 148 146 7
106 128 122 121 122 136 143 116 142 130 148 130 8
106 112 122 121 106 136 127 116 142 114 132 130 9
106 112 122 121 106 136 127 116 142 114 132 130 10
122 128 122 121 106 136 127 116 142 130 132 15000 11
Chip#4
102 112 89 102 100 97 97 101 102 112 104 98 0
106 112 89 103 98 99 96 104 105 112 105 105 1
111 112 105 106 106 105 103 104 111 128 106 104 2
108 128 105 104 105 104 100 103 103 128 102 99 3
102 112 105 103 104 100 98 100 104 112 100 104 4
109 128 105 104 111 110 121 109 109 128 107 103 5
107 112 105 104 98 105 101 108 108 112 101 103 6
109 128 105 109 108 108 101 108 111 128 109 100 7
108 112 89 104 101 102 103 107 105 112 104 100 8
109 112 105 107 104 105 100 104 108 112 106 102 9
109 112 105 107 106 103 105 109 107 112 102 107 10
107 112 105 108 105 102 101 102 111 128 105 15000 11
Chip#1
131 137 114 122 126 112 123 119 130 110 150 146 0
131 113 105 113 110 100 107 103 114 102 108 116 1
112 111 114 113 126 124 123 119 130 136 118 114 2
107 137 1515 1278 142 1790 1419 135 1578 1240 134 115 3
106 137 1499 1275 142 1140 875 135 797 600 134 107 4
102 113 115 129 126 117 123 119 130 116 108 108 5
101 114 1435 1723 126 704 754 135 738 744 134 111 6
105 121 1332 1513 126 612 651 119 450 456 118 114 7
105 115 114 129 126 126 139 119 146 136 134 110 8
101 105 102 129 126 831 939 119 748 888 134 109 9
108 137 114 129 126 523 587 135 386 488 134 124 10
112 137 115 129 142 116 123 119 130 112 134 15000 11
Chip#2
116 123 103 126 107 106 112 117 126 114 136 114 0
116 123 102 101 103 107 107 117 110 114 120 119 1
116 123 103 110 108 122 120 101 126 114 120 121 2
116 123 96 103 107 818 725 117 756 755 120 102 3
116 107 98 99 105 507 437 101 489 455 103 95 4
116 123 102 126 107 120 120 117 126 130 120 104 5
116 139 215 190 111 836 741 133 734 838 136 105 6
116 123 167 158 104 527 453 117 446 499 120 95 7
132 139 109 142 105 113 113 133 126 130 136 106 8
116 123 183 174 108 191 197 117 158 162 120 104 9
116 123 167 158 108 175 157 117 142 146 120 105 10
116 123 109 105 105 104 109 117 110 114 120 15000 11
Chip#3
106 112 122 121 106 136 127 116 142 114 132 130 0
122 128 138 121 122 152 127 132 142 130 148 130 1
122 128 122 121 122 152 127 132 142 114 148 130 2
122 112 122 121 106 136 127 116 142 130 132 130 3
122 128 138 121 122 152 143 132 142 130 148 146 4
122 128 138 121 122 136 127 132 142 130 148 130 5
122 128 138 121 122 152 127 116 142 130 148 130 6
122 112 122 121 122 136 127 116 142 130 148 130 7
122 128 138 121 122 136 143 132 142 130 132 130 8
122 128 122 137 122 152 143 132 142 130 148 146 9
106 128 138 121 122 136 127 116 142 130 148 130 10
106 112 122 121 106 136 127 116 142 114 132 15000 11
Chip#4
101 112 89 102 95 93 91 100 99 95 95 95 0
120 128 105 113 107 109 121 109 112 128 113 109 1
104 112 105 99 106 99 101 103 105 112 107 102 2
120 112 105 109 104 105 121 108 107 128 109 102 3
120 128 105 111 116 107 105 113 114 128 109 107 4
100 112 89 98 95 94 90 96 95 94 99 97 5
110 112 105 107 105 105 105 110 113 112 109 106 6
104 112 105 108 100 103 103 102 105 128 105 103 7
107 112 105 105 102 99 103 101 107 112 106 100 8
107 112 89 106 102 104 103 108 107 112 106 103 9
110 112 105 104 107 105 121 106 109 128 110 104 10
101 112 105 103 102 98 98 104 101 112 106 15000 11
Chip#1
147 137 111 129 126 115 123 135 130 112 150 125 0
131 121 106 113 126 104 107 119 114 106 134 119 1
114 110 115 113 126 121 123 119 146 136 134 113 2
131 137 1519 1290 142 1800 1419 135 1584 1240 134 116 3
110 121 1483 1271 126 1148 859 135 804 603 134 115 4
106 121 117 113 126 116 123 119 130 120 118 107 5
105 114 1435 1718 126 704 753 119 738 744 118 106 6
102 113 1327 1511 126 614 651 119 450 456 134 107 7
106 110 115 145 142 124 155 135 162 152 150 110 8
106 110 104 113 126 836 948 135 754 888 134 113 9
103 114 107 122 126 518 587 135 370 472 134 115 10
108 114 110 113 126 111 123 119 114 106 134 15000 11
Chip#2
132 123 108 104 110 107 109 117 126 130 136 117 0
116 123 105 101 107 106 107 117 126 114 136 119 1
116 123 111 101 107 114 116 117 126 130 120 118 2
116 123 105 104 113 826 725 117 756 761 136 108 3
132 123 109 126 110 519 453 133 497 467 120 105 4
116 123 105 104 107 114 112 117 110 130 120 104 5
116 123 199 190 118 843 725 117 734 866 120 110 6
116 123 183 158 111 529 453 117 446 503 120 104 7
116 123 108 105 111 113 113 117 126 114 120 105 8
116 123 183 174 108 191 213 117 158 162 120 108 9
116 123 167 158 107 175 166 117 142 146 120 108 10
116 107 99 96 98 97 102 117 110 100 120 15000 11
Chip#3
106 112 122 121 106 136 127 116 142 114 132 130 0
122 112 122 121 106 136 127 116 142 130 132 130 1
106 112 122 121 122 136 127 116 142 130 148 130 2
122 128 122 137 122 136 143 116 142 130 148 130 3
122 112 122 121 106 136 127 116 142 114 132 130 4
122 128 138 121 122 136 143 116 142 130 132 130 5
122 112 138 137 122 136 127 132 142 130 132 130 6
106 112 122 121 106 136 127 116 142 114 132 130 7
122 128 138 121 122 136 143 132 142 130 148 146 8
122 128 138 137 122 152 143 132 142 130 148 146 9
122 128 138 137 122 152 143 132 158 130 148 146 10
106 112 122 121 106 136 127 116 142 114 132 15000 11
Chip#4
106 112 89 104 99 104 98 100 104 128 105 100 0
109 112 105 105 105 107 103 104 106 112 108 102 1
97 112 105 100 98 92 93 96 100 112 99 93 2
107 112 105 102 101 104 99 105 105 112 105 103 3
120 128 105 110 108 108 105 110 109 112 114 107 4
110 112 105 105 102 99 101 106 107 112 101 104 5
106 112 105 105 100 107 100 104 105 112 107 103 6
108 112 105 105 100 107 99 104 105 112 104 103 7
100 112 89 104 98 98 96 97 100 112 100 98 8
106 112 105 100 104 99 100 103 109 128 105 97 9
111 128 105 109 112 108 121 110 107 128 107 106 10
111 112 105 108 101 104 100 108 104 112 107 15000 11
Chip#1
131 121 107 113 110 107 107 103 114 110 118 127 0
131 137 111 122 126 112 123 119 130 107 134 130 1
112 115 114 113 126 120 123 119 146 136 118 114 2
110 121 1515 1272 126 1786 1403 135 1577 1224 134 111 3
102 109 1467 1257 126 1132 843 119 788 592 108 104 4
99 111 114 129 126 115 123 119 130 113 134 106 5
105 111 1435 1712 126 704 747 119 738 744 118 107 6
101 115 1324 1513 126 612 651 135 450 472 134 106 7
105 114 115 113 126 117 123 119 130 136 106 110 8
108 121 118 122 126 838 948 135 759 888 134 114 9
107 113 110 122 126 526 603 135 386 488 134 118 10
106 116 109 122 126 112 123 119 130 104 134 15000 11
Chip#2
116 123 103 105 108 107 114 117 126 130 136 118 0
116 107 108 101 103 106 111 117 110 114 120 119 1
116 123 112 104 107 114 121 117 126 130 120 119 2
132 123 106 97 108 819 725 133 749 755 120 109 3
116 123 113 126 113 520 453 133 501 471 120 110 4
116 123 109 101 108 114 117 117 126 114 120 106 5
116 123 199 174 110 841 725 117 718 838 120 109 6
116 107 167 158 98 516 437 117 430 489 120 98 7
116 123 103 103 103 107 105 117 126 114 120 102 8
116 123 183 174 108 191 197 117 158 162 120 108 9
116 123 167 158 104 175 160 117 142 146 120 105 10
116 123 103 103 105 103 109 117 126 114 120 15000 11
Chip#3
122 128 138 121 122 136 127 116 158 130 148 146 0
122 128 122 121 122 136 127 132 142 130 148 130 1
122 128 122 121 106 136 127 132 142 130 148 130 2
122 112 122 121 122 136 143 116 142 114 132 130 3
122 128 138 137 122 152 143 132 142 130 148 146 4
106 112 122 121 106 136 127 116 126 114 132 130 5
122 128 138 137 122 152 143 132 142 130 148 130 6
106 112 106 121 106 120 127 116 126 114 132 114 7
122 128 122 121 106 136 127 116 126 114 132 130 8
122 128 122 121 106 152 127 116 142 130 132 130 9
122 112 122 121 106 136 127 116 142 114 132 130 10
122 128 138 121 122 136 143 116 142 130 148 15000 11
Chip#4
108 112 105 112 108 108 105 108 113 112 111 109 0
107 112 89 106 107 103 104 105 108 112 108 103 1
105 112 105 102 102 102 100 101 109 112 104 103 2
105 112 105 100 100 99 99 99 107 112 104 103 3
107 112 105 109 106 107 100 107 111 112 109 107 4
105 112 89 100 102 99 97 102 106 112 105 99 5
104 112 105 96 94 96 98 100 101 128 105 97 6
108 112 89 106 101 107 100 102 108 112 104 104 7
101 112 89 102 99 99 95 100 101 128 102 100 8
110 112 89 111 106 105 104 105 109 112 115 109 9
110 128 105 112 107 104 121 109 111 112 113 111 10
105 112 89 105 107 104 99 108 106 112 109 15000 11
Chip#1
131 137 109 122 126 110 123 119 130 110 134 146 0
131 137 107 113 126 107 123 119 114 106 134 114 1
107 107 107 122 126 119 123 119 146 115 106 107 2
110 121 1516 1282 126 1796 1403 135 1595 1240 134 113 3
105 121 1467 1263 126 1145 859 119 803 605 118 111 4
106 113 139 129 126 117 123 135 130 136 104 106 5
103 115 1435 1728 126 704 752 119 738 744 118 107 6
102 115 1337 1517 126 614 651 135 450 472 134 110 7
105 110 113 129 126 124 123 119 146 136 134 110 8
101 107 106 113 110 834 923 119 750 871 134 108 9
99 106 106 122 126 516 587 119 386 472 107 110 10
105 110 110 113 126 111 123 119 114 105 134 15000 11
Chip#2
116 123 102 101 103 100 109 117 126 114 136 112 0
116 123 102 104 104 107 113 117 110 114 136 122 1
116 123 108 105 111 115 120 117 126 130 120 118 2
116 123 102 104 105 819 709 117 752 756 120 102 3
116 107 105 99 108 510 437 117 490 460 120 101 4
116 123 108 105 104 110 117 117 110 114 104 102 5
116 123 199 190 110 838 725 117 718 838 120 104 6
116 107 167 158 107 530 453 117 430 500 104 104 7
116 123 109 110 114 110 110 117 110 114 120 109 8
116 123 183 174 108 191 197 117 158 162 120 102 9
100 107 151 142 103 159 158 101 126 146 102 104 10
100 123 111 100 103 104 105 117 110 98 104 15000 11
Chip#3
122 128 138 137 122 152 143 132 158 130 148 146 0
122 128 122 121 106 152 127 132 142 130 148 130 1
122 128 138 121 122 136 127 116 142 130 148 130 2
122 112 122 121 106 136 127 116 142 114 132 130 3
122 128 138 137 122 152 143 132 158 130 148 146 4
122 128 138 137 122 152 143 132 158 130 148 146 5
122 128 138 137 122 152 143 116 158 114 148 130 6
122 128 122 121 122 136 127 116 142 130 148 130 7
122 112 122 121 106 136 143 116 142 130 132 130 8
122 112 122 121 106 136 127 116 142 130 132 130 9
122 128 138 137 122 152 143 132 158 130 148 146 10
106 112 122 121 106 136 127 116 126 114 132 15000 11
Chip#4
102 112 89 102 96 94 101 97 102 112 100 98 0
100 112 89 104 100 99 97 102 102 112 101 98 1
104 112 105 104 105 104 105 104 106 128 106 100 2
107 112 105 109 108 109 103 108 107 112 109 104 3
101 112 105 100 104 104 100 107 107 112 101 102 4
100 128 105 102 99 100 100 100 105 128 100 99 5
107 112 105 111 107 111 105 111 113 128 112 110 6
98 112 105 97 93 93 93 94 99 95 96 90 7
104 112 105 99 98 98 97 102 105 112 104 98 8
98 112 105 96 99 92 95 99 99 95 101 96 9
105 112 89 102 99 96 99 103 100 112 105 100 10
101 112 89 97 96 94 95 95 97 112 101 15000 11
Chip#1
147 137 113 122 126 105 123 119 130 109 134 126 0
131 115 107 113 126 104 107 119 114 104 134 116 1
115 113 114 122 126 127 123 135 146 136 134 120 2
131 137 1513 1281 142 1799 1435 151 1588 1240 134 122 3
102 114 1467 1259 126 1144 859 119 790 594 118 106 4
101 111 117 129 126 116 123 119 130 112 107 107 5
106 113 1451 1721 126 704 751 119 738 744 108 107 6
106 115 1335 1511 126 612 667 135 450 472 134 109 7
111 115 139 129 126 127 139 135 146 152 134 114 8
99 109 105 129 126 828 939 119 747 888 108 107 9
96 101 102 113 126 513 571 119 370 472 108 108 10
101 109 105 113 126 106 107 119 114 102 134 15000 11
Chip#2
116 123 111 126 113 110 112 117 126 130 136 119 0
116 123 103 104 104 103 109 117 110 114 136 123 1
100 107 96 100 101 113 113 101 110 114 120 114 2
116 123 103 101 110 821 725 117 755 759 120 110 3
116 107 102 104 103 511 437 117 489 461 120 104 4
116 123 106 126 105 113 114 117 126 130 120 102 5
116 123 199 190 110 830 725 117 718 837 120 101 6
132 139 183 158 115 526 453 133 446 502 120 105 7
116 123 106 110 110 111 112 117 126 114 120 109 8
116 123 183 174 108 191 213 117 158 162 120 106 9
116 107 167 142 101 159 160 117 142 146 102 104 10
116 107 102 101 103 99 105 117 110 114 104 15000 11
Chip#3
122 128 138 121 122 152 127 116 142 130 148 130 0
122 128 138 121 122 152 143 132 142 130 148 130 1
122 128 138 137 122 152 143 132 158 130 148 146 2
122 112 122 121 106 136 127 116 142 114 132 130 3
106 112 122 121 106 120 127 116 142 114 132 130 4
122 128 138 137 122 152 143 116 142 130 148 130 5
122 112 138 121 122 136 127 116 142 130 132 130 6
122 128 122 121 122 136 127 132 142 130 148 130 7
122 128 138 137 122 136 143 132 158 130 132 130 8
122 128 138 121 106 152 143 132 142 130 148 130 9
122 128 138 137 122 152 143 132 158 130 148 146 10
122 128 138 137 122 152 143 132 142 130 148 15000 11
Chip#4
104 112 105 104 99 99 103 102 106 112 107 102 0
110 112 105 108 104 107 104 109 111 112 108 106 1
100 112 105 99 95 99 97 99 100 112 101 92 2
104 128 105 105 105 106 121 107 106 128 107 103 3
105 112 105 106 100 107 101 105 106 112 106 105 4
102 112 105 102 104 94 100 100 102 112 100 99 5
101 128 105 102 101 100 103 103 107 128 105 99 6
104 128 105 104 102 104 101 108 108 128 107 105 7
102 112 105 102 99 94 95 105 102 112 105 99 8
108 128 105 109 107 108 105 112 115 128 113 109 9
111 112 105 107 102 104 99 108 106 112 111 104 10
102 112 89 105 102 100 97 102 107 112 108 15000 11
Chip#1
115 121 106 113 110 104 107 119 114 105 134 127 0
131 114 105 113 126 106 123 119 130 106 134 122 1
110 109 111 122 126 124 123 119 146 136 107 110 2
107 121 1515 1271 126 1791 1419 135 1584 1224 134 113 3
103 115 1467 1264 126 1146 859 119 800 605 118 108 4
110 116 139 129 126 118 123 119 130 115 134 114 5
107 137 1451 1730 142 720 758 135 747 760 134 113 6
103 111 1330 1515 126 616 651 119 450 456 107 110 7
105 110 114 113 126 122 123 119 146 136 118 114 8
99 106 106 113 126 833 939 119 748 888 134 108 9
101 107 102 122 126 521 587 119 370 472 134 116 10
103 109 102 113 110 106 123 119 114 100 134 15000 11
Chip#2
116 123 102 103 107 103 110 117 126 130 136 115 0
116 123 105 110 103 103 110 117 110 114 120 121 1
116 123 108 99 105 115 116 117 126 130 120 115 2
116 123 102 103 110 815 709 133 749 757 120 108 3
116 123 103 101 104 512 437 117 493 462 120 101 4
116 107 109 104 108 115 113 117 110 114 120 98 5
116 123 199 190 110 835 725 117 718 832 136 108 6
116 123 183 158 111 526 453 117 446 499 120 104 7
100 107 96 99 103 101 105 101 110 101 102 98 8
116 123 183 174 107 207 213 117 158 162 120 102 9
116 123 167 158 104 175 158 117 142 146 120 106 10
116 123 105 103 104 103 102 117 110 114 120 15000 11
Chip#3
122 128 122 121 122 136 127 116 142 130 132 146 0
122 112 138 121 106 136 127 116 142 130 132 130 1
122 128 122 121 106 136 127 132 142 114 132 130 2
122 128 138 137 122 136 143 132 158 130 132 130 3
122 128 138 137 122 152 143 132 142 130 148 146 4
122 112 122 121 106 136 127 116 142 130 132 130 5
122 128 122 121 122 136 127 116 142 114 132 130 6
122 144 138 137 122 152 143 132 158 130 148 146 7
122 112 122 121 106 120 127 116 142 130 132 130 8
122 128 138 137 122 152 143 132 142 130 148 130 9
106 128 122 121 122 136 127 116 142 114 148 130 10
122 128 138 137 122 152 127 116 142 130 148 15000 11
Chip#4
105 112 89 98 99 99 99 104 99 112 101 98 0
104 112 89 100 100 103 95 102 101 112 105 98 1
106 112 105 104 106 103 104 109 108 112 111 102 2
120 128 105 112 112 113 105 111 115 128 113 111 3
101 96 89 99 99 97 95 101 101 92 100 99 4
110 112 89 107 108 107 101 110 111 112 107 106 5
110 128 105 110 107 106 121 109 112 128 110 106 6
108 112 89 109 105 107 101 107 108 112 111 106 7
120 112 105 106 107 108 105 109 111 128 106 106 8
109 112 105 104 98 99 99 103 102 112 107 102 9
109 112 105 102 101 97 97 103 104 112 106 102 10
110 112 105 107 106 102 101 108 107 112 105 15000 11
Chip#1
131 137 107 122 126 106 123 119 114 106 134 127 0
131 114 110 113 126 110 123 119 114 105 134 123 1
131 115 123 122 126 125 123 119 130 136 134 118 2
114 115 1499 1280 126 1792 1419 135 1584 1224 134 119 3
109 121 1467 1272 126 1152 859 119 803 602 118 116 4
109 115 139 129 142 120 123 119 130 136 134 115 5
106 110 1435 1723 142 704 749 119 738 744 134 108 6
106 114 1336 1521 142 620 667 135 466 472 134 116 7
106 104 111 113 110 120 123 119 130 136 107 110 8
101 109 104 113 126 829 939 119 747 888 134 106 9
106 109 109 113 126 524 587 119 370 472 134 119 10
110 113 110 122 126 114 123 119 130 110 134 15000 11
Chip#2
116 123 106 104 103 106 110 117 126 114 136 114 0
116 123 103 103 108 104 105 117 110 114 136 115 1
116 107 106 105 111 115 120 101 126 114 120 118 2
116 123 105 104 108 824 725 117 757 761 120 106 3
116 123 114 126 115 517 437 117 499 466 120 108 4
116 123 112 105 104 114 116 117 110 114 120 104 5
116 123 199 190 111 835 725 117 718 842 136 112 6
116 123 167 158 113 522 453 117 446 500 120 104 7
132 123 102 126 105 106 110 133 126 130 120 104 8
116 107 183 158 103 191 197 117 142 162 120 98 9
116 123 167 158 107 175 164 117 142 146 120 108 10
116 123 98 97 94 97 103 117 110 114 120 15000 11
Chip#3
106 112 122 121 122 136 127 116 142 114 132 146 0
122 112 122 121 106 136 127 116 142 114 132 130 1
122 128 138 137 122 152 127 132 142 130 148 130 2
122 128 122 121 122 136 143 116 158 114 132 130 3
122 128 122 121 122 152 127 132 142 114 148 130 4
122 128 138 121 122 136 127 132 142 130 132 130 5
122 128 138 137 138 152 143 132 158 130 148 146 6
122 128 138 137 122 136 127 116 142 130 132 130 7
122 128 138 137 122 136 143 132 158 130 148 146 8
122 128 138 121 122 152 143 116 142 130 148 130 9
122 128 138 137 122 152 143 116 158 130 148 146 10
122 128 138 137 122 152 143 132 158 130 148 15000 11
Chip#4
104 128 105 109 99 102 100 107 102 128 108 103 0
106 112 89 107 100 99 101 103 104 112 108 102 1
98 112 89 99 100 98 97 100 101 112 104 99 2
101 112 89 100 98 93 95 97 100 96 103 98 3
106 112 105 102 100 104 97 101 106 96 107 102 4
107 112 89 104 101 100 99 100 102 112 102 97 5
105 112 89 110 106 102 101 103 106 112 111 107 6
120 128 121 118 111 111 121 115 116 128 114 110 7
101 112 89 100 96 96 93 99 95 112 100 98 8
107 96 89 102 100 102 94 96 105 9 106 102 9
102 112 89 99 98 98 93 99 99 112 100 98 10
104 112 105 102 99 100 97 102 98 112 106 15000 11
