Chip#2
100 42 183 78 177 145 165 37 158 114 55 173 0
100 38 199 78 177 142 165 36 158 114 56 173 1
68 35 167 62 161 141 149 33 142 98 50 157 2
84 36 183 142 241 142 149 85 231 130 55 173 3
84 38 183 366 385 143 165 133 638 236 48 173 4
84 39 183 62 161 143 165 38 174 114 60 173 5
68 39 183 62 161 143 165 38 158 98 55 173 6
84 35 183 62 161 142 165 36 158 98 51 173 7
84 34 183 190 353 142 165 101 478 178 55 173 8
84 35 183 206 357 142 165 85 350 146 52 173 9
84 35 183 62 161 141 165 30 158 98 44 173 10
84 35 183 62 161 142 149 34 158 98 50 15000 11
Chip#2
84 35 183 62 161 146 149 40 158 98 54 173 0
84 31 167 62 161 145 165 31 142 98 51 173 1
84 31 167 62 161 141 149 36 142 98 52 157 2
84 30 183 158 296 142 165 85 231 130 56 173 3
84 27 183 366 385 145 149 133 638 239 50 173 4
84 30 183 62 161 142 165 34 174 114 52 173 5
84 35 183 62 161 146 149 69 158 98 54 173 6
84 30 183 62 161 142 165 33 158 114 48 173 7
84 31 183 206 353 141 165 101 543 178 48 173 8
84 31 183 206 361 143 165 85 254 146 54 173 9
68 30 183 62 161 139 149 30 158 98 42 149 10
84 31 183 62 161 143 165 34 158 98 54 15000 11
Chip#2
68 30 167 62 161 138 149 30 142 98 50 157 0
84 35 183 62 161 141 165 34 158 98 51 173 1
84 34 183 62 161 138 149 33 142 98 44 173 2
84 32 183 158 291 141 165 85 334 130 47 173 3
68 35 183 366 385 143 149 133 638 241 55 173 4
84 36 183 62 161 141 165 36 174 114 54 173 5
84 35 183 62 161 138 165 38 158 114 48 173 6
84 38 183 62 161 141 149 38 142 98 51 157 7
84 32 183 190 353 138 165 101 487 178 50 173 8
68 30 183 206 356 142 149 85 350 146 44 157 9
68 28 167 62 161 138 165 34 142 98 47 157 10
68 36 167 46 161 148 149 36 142 98 51 15000 11
Chip#2
84 32 183 62 161 143 149 33 142 98 51 173 0
84 32 183 62 161 142 165 36 158 98 54 173 1
84 35 183 62 161 143 165 36 158 114 54 173 2
68 28 167 142 241 139 149 69 231 114 51 157 3
84 30 183 366 385 143 149 133 638 241 51 157 4
84 30 183 62 161 141 165 36 174 114 55 173 5
84 32 183 62 161 145 165 36 142 98 54 173 6
68 32 167 62 161 142 149 38 142 98 48 157 7
84 31 183 190 353 143 165 101 487 178 52 173 8
68 34 167 206 362 141 149 85 250 146 51 157 9
84 35 183 78 177 141 165 40 158 114 48 173 10
84 36 167 62 161 143 165 36 142 98 52 15000 11
Chip#2
84 39 183 62 161 148 165 38 142 114 59 173 0
84 28 183 62 161 142 149 36 142 98 47 157 1
84 28 167 62 161 141 149 36 142 98 51 157 2
68 31 167 142 241 142 149 69 231 114 52 157 3
68 34 183 366 385 139 149 133 638 241 48 157 4
68 32 167 62 161 139 149 33 158 98 48 148 5
68 35 183 62 161 145 149 40 142 98 55 157 6
68 39 183 62 161 149 149 36 142 98 50 157 7
68 31 167 190 337 139 149 85 487 162 47 157 8
84 32 183 206 365 148 165 85 350 146 56 157 9
68 35 167 62 161 146 149 37 142 98 52 173 10
84 32 183 62 161 143 165 37 158 98 50 15000 11
Chip#2
68 31 167 46 161 138 149 30 142 98 48 157 0
84 35 183 78 161 141 165 33 158 114 50 173 1
68 39 183 62 161 143 149 69 142 98 52 157 2
84 28 183 142 295 141 149 85 231 130 50 173 3
84 34 183 366 385 145 165 133 638 243 54 157 4
68 27 167 62 161 138 149 31 158 98 47 149 5
68 32 167 62 161 145 149 38 142 98 50 157 6
68 35 183 62 161 141 149 36 142 98 48 173 7
84 34 183 206 353 142 165 101 487 178 55 157 8
84 31 183 206 364 141 149 85 350 146 52 157 9
68 38 183 62 161 143 149 37 142 98 51 157 10
84 36 183 62 161 143 149 34 142 98 48 15000 11
Chip#2
84 34 183 62 161 138 149 36 142 98 51 173 0
68 32 167 62 161 142 149 33 142 98 51 157 1
84 36 183 62 161 142 149 37 142 98 52 173 2
68 32 167 142 292 141 149 85 231 130 51 157 3
68 32 183 366 385 139 149 133 638 237 51 157 4
84 38 183 62 161 146 149 69 174 114 60 173 5
68 30 167 62 161 142 149 37 142 98 51 157 6
84 32 183 62 161 143 165 33 142 98 50 173 7
84 35 183 206 369 145 165 101 487 178 54 173 8
68 26 167 190 356 132 149 69 241 130 46 157 9
84 38 183 62 161 148 165 69 142 114 58 173 10
84 31 167 46 161 134 149 33 142 98 50 15000 11
Chip#2
68 30 167 62 161 139 149 33 142 98 48 157 0
84 31 183 62 161 145 149 38 142 98 51 173 1
68 27 167 46 161 135 149 30 142 98 48 157 2
68 28 167 142 241 141 149 85 231 114 51 157 3
84 34 183 366 369 141 165 133 638 239 51 149 4
68 35 183 62 161 142 149 40 174 98 52 157 5
68 31 183 62 161 138 149 37 142 98 50 157 6
68 35 183 62 161 142 149 34 142 98 51 157 7
68 23 167 190 337 129 149 85 478 162 44 146 8
84 36 183 206 364 145 165 85 350 146 55 157 9
68 27 167 46 145 136 149 31 142 98 46 147 10
84 34 183 62 161 141 149 33 142 98 51 15000 11
Chip#2
84 34 183 62 161 138 165 34 142 98 52 157 0
84 30 167 62 161 138 149 33 142 98 47 157 1
84 31 167 62 161 136 165 34 158 98 51 157 2
84 34 183 142 300 142 165 85 334 130 52 173 3
84 31 183 382 385 139 165 133 654 243 54 173 4
84 34 183 62 161 138 165 33 174 98 51 173 5
84 32 183 62 161 142 165 69 142 98 52 173 6
68 31 183 62 161 135 149 31 142 98 46 157 7
84 35 167 190 353 142 149 101 478 178 54 157 8
84 34 183 206 365 139 149 85 247 146 50 157 9
84 36 183 62 161 142 165 69 142 98 55 157 10
84 27 183 62 161 138 149 29 142 98 43 15000 11
Chip#2
84 42 183 62 161 146 165 38 142 98 55 173 0
84 36 183 62 161 148 149 38 142 98 52 157 1
84 32 167 62 161 136 149 36 142 98 52 157 2
68 28 183 142 291 141 149 85 231 130 47 149 3
84 32 183 366 385 141 165 133 638 244 51 173 4
68 27 183 62 161 141 149 33 174 98 55 157 5
68 35 183 62 161 143 149 34 158 98 48 157 6
68 30 167 46 145 135 149 27 142 98 46 149 7
68 34 183 190 353 143 165 85 478 178 54 157 8
68 24 183 206 351 135 149 69 242 146 50 157 9
68 30 167 62 161 135 149 33 142 98 50 157 10
84 39 183 62 161 145 165 34 158 114 51 15000 11
Chip#2
68 31 167 46 145 135 149 27 142 82 50 157 0
68 26 167 62 161 136 149 29 142 98 48 149 1
68 30 167 62 161 138 149 38 142 98 48 157 2
84 31 183 142 295 136 165 85 334 130 51 157 3
84 31 183 366 385 143 165 133 638 245 50 157 4
68 26 167 62 161 138 149 31 158 98 50 157 5
84 28 183 62 161 143 165 37 142 98 50 157 6
84 34 183 62 161 142 149 33 158 98 51 157 7
68 32 167 190 353 142 149 85 478 178 52 149 8
84 31 183 206 357 141 165 85 350 146 51 157 9
84 38 183 62 177 142 165 37 158 114 56 173 10
84 30 183 62 161 142 149 30 142 98 46 15000 11
Chip#2
84 35 183 62 161 142 165 37 158 114 54 173 0
68 27 183 62 161 141 149 29 142 98 47 157 1
68 26 167 62 161 135 149 30 142 98 46 146 2
68 31 167 142 292 136 149 69 231 114 47 157 3
68 28 167 350 369 138 149 117 558 241 50 157 4
84 28 183 78 177 143 165 31 174 114 51 173 5
84 34 183 62 161 142 149 34 158 98 52 157 6
84 36 183 62 161 145 165 36 158 114 50 173 7
84 32 183 190 353 142 165 85 478 178 55 157 8
84 27 167 206 355 142 165 85 241 146 50 157 9
84 32 167 62 161 138 165 34 142 98 50 173 10
84 31 167 62 161 135 149 29 142 98 48 15000 11
Chip#2
84 31 183 62 161 138 165 38 158 114 52 173 0
68 30 167 62 161 134 149 30 142 98 47 157 1
84 38 183 62 161 142 165 36 158 98 47 173 2
84 30 183 142 300 136 165 85 231 130 51 173 3
68 27 183 350 369 136 149 133 638 237 44 143 4
68 35 183 62 161 135 149 37 174 98 50 157 5
84 31 183 62 161 141 165 38 142 98 51 157 6
84 32 167 62 161 139 165 34 142 98 50 157 7
68 27 167 190 353 138 149 85 478 162 46 157 8
68 26 183 206 357 139 165 85 240 146 50 157 9
68 30 183 62 161 136 149 31 142 98 44 157 10
84 34 183 62 161 143 149 37 158 98 52 15000 11
Chip#2
84 35 183 62 161 142 165 31 158 114 51 173 0
68 27 167 62 161 136 149 31 142 98 55 157 1
68 28 167 62 161 141 149 31 142 98 54 157 2
84 30 183 142 295 141 149 85 231 130 50 173 3
68 31 167 350 369 138 149 133 622 246 50 149 4
68 34 183 62 161 139 149 31 174 98 51 157 5
84 30 183 62 161 141 165 37 142 98 51 157 6
68 32 167 62 161 136 149 31 142 98 50 157 7
84 38 183 206 369 146 165 101 487 178 51 173 8
84 38 183 206 361 139 165 85 350 146 58 157 9
84 39 167 62 161 146 165 37 142 98 56 157 10
84 31 167 46 161 139 149 30 142 98 48 15000 11
Chip#2
84 35 183 62 161 138 149 33 142 98 51 157 0
84 35 183 62 161 145 165 36 142 98 50 173 1
84 32 183 62 161 142 149 33 142 98 51 149 2
84 32 183 142 294 139 165 85 231 130 48 157 3
84 34 183 366 385 139 165 133 638 243 50 173 4
68 36 183 62 161 138 149 33 174 98 50 157 5
84 34 183 62 161 139 165 36 158 114 52 157 6
68 34 183 62 161 143 165 37 158 98 50 173 7
84 35 183 206 353 136 165 101 487 178 54 173 8
68 32 183 206 359 139 149 69 245 146 51 157 9
68 34 183 62 161 142 149 33 142 98 50 157 10
68 31 183 62 161 135 149 29 142 98 50 15000 11
Chip#2
84 35 183 62 161 135 165 34 158 98 54 173 0
68 31 167 46 145 136 149 30 142 98 52 157 1
84 35 183 62 161 142 165 36 158 114 55 173 2
84 31 183 142 292 139 165 85 334 130 50 157 3
68 26 183 366 385 136 149 133 638 238 50 157 4
84 35 183 78 177 141 165 34 174 114 51 173 5
84 31 183 62 161 138 149 30 142 98 50 157 6
68 28 167 62 161 132 165 27 142 98 47 148 7
68 39 167 190 353 145 149 85 478 178 58 157 8
84 31 183 206 353 138 165 85 350 146 51 173 9
84 38 183 62 161 138 165 36 142 98 54 173 10
68 27 167 46 161 132 149 26 142 98 46 15000 11
Chip#2
84 30 167 62 161 136 149 31 142 98 52 157 0
84 30 167 62 161 141 165 34 142 98 51 173 1
68 31 167 62 161 146 149 36 142 98 52 157 2
84 34 183 158 300 146 165 85 231 130 52 173 3
68 24 183 366 385 136 149 133 638 238 48 157 4
68 35 183 62 161 145 165 38 174 98 55 173 5
84 39 183 62 161 146 165 69 142 114 56 173 6
68 36 183 62 161 139 165 37 142 98 48 157 7
68 35 183 190 353 142 165 85 487 178 55 157 8
68 24 167 190 355 135 149 69 244 146 46 149 9
68 35 183 62 161 145 149 37 142 98 50 157 10
68 32 167 62 161 145 149 37 142 98 51 15000 11
Chip#2
84 35 183 62 161 143 165 31 142 98 55 173 0
84 34 167 62 161 143 165 37 142 98 51 157 1
68 28 167 62 161 138 165 34 142 98 54 157 2
68 28 167 142 291 136 149 69 231 130 47 157 3
84 34 183 366 369 143 149 133 638 243 52 157 4
84 35 183 62 161 146 165 37 174 98 54 157 5
68 28 167 62 161 138 149 37 142 98 50 157 6
68 34 183 62 161 139 149 37 142 98 50 157 7
68 38 183 190 353 145 165 101 478 178 56 157 8
84 30 183 206 355 142 165 85 244 146 54 157 9
68 36 167 62 161 138 149 36 142 98 54 157 10
84 35 183 62 177 142 165 31 158 114 52 15000 11
Chip#2
84 32 167 62 161 138 149 31 142 98 51 173 0
68 35 183 46 161 141 165 37 142 98 54 157 1
68 30 167 62 161 135 149 31 142 98 50 157 2
68 34 183 142 241 143 165 85 231 130 55 157 3
68 35 183 366 385 143 165 133 638 243 54 173 4
84 32 167 62 161 146 149 34 174 98 52 157 5
68 26 167 62 161 142 149 34 142 98 46 149 6
84 34 183 62 161 141 165 36 158 98 55 173 7
68 32 167 190 353 139 149 85 478 178 52 157 8
68 34 183 206 364 138 149 69 246 146 54 157 9
68 31 167 62 161 139 149 30 142 98 47 157 10
84 36 167 62 161 142 149 37 142 98 52 15000 11
Chip#2
84 36 183 62 161 139 165 37 158 114 52 173 0
84 27 183 46 161 141 149 31 142 98 44 157 1
84 31 183 62 161 138 165 37 158 114 58 173 2
84 32 183 158 294 136 165 85 231 130 50 173 3
84 39 183 366 385 143 165 149 638 243 54 173 4
68 34 167 62 161 142 149 37 174 98 52 157 5
84 32 183 62 161 138 165 38 142 114 50 157 6
68 30 167 62 161 138 149 34 142 98 46 149 7
68 27 167 190 353 138 149 85 478 178 48 157 8
68 28 167 190 357 141 149 69 244 146 51 157 9
84 31 183 62 161 139 165 36 142 98 50 157 10
68 34 167 62 161 141 149 31 142 98 52 15000 11
Chip#2
84 36 183 62 161 143 149 36 142 98 55 173 0
84 32 167 62 161 146 165 37 142 98 56 173 1
84 30 167 62 161 138 149 36 142 98 55 157 2
84 36 183 142 303 143 165 85 231 130 51 173 3
68 30 183 366 385 141 149 133 638 241 51 157 4
84 26 183 62 161 138 165 36 174 98 52 173 5
68 28 183 62 161 138 149 30 142 98 48 146 6
84 32 183 78 177 142 165 36 158 114 56 173 7
68 26 183 190 353 142 149 85 478 178 48 157 8
84 31 183 206 360 135 149 85 350 146 50 157 9
84 38 183 62 161 149 165 69 142 98 58 157 10
84 31 183 62 161 146 165 34 158 98 52 15000 11
Chip#2
84 32 183 62 161 139 149 31 158 114 51 157 0
68 31 183 62 161 141 149 36 142 98 51 157 1
84 32 183 62 161 145 165 34 142 114 55 173 2
68 35 183 158 303 146 149 69 231 130 52 157 3
84 30 167 366 369 145 149 133 638 241 48 157 4
68 31 167 62 161 145 149 36 158 98 50 157 5
68 32 183 62 161 146 149 36 142 98 56 157 6
68 36 167 62 161 142 149 37 142 98 48 157 7
84 32 167 190 353 141 165 85 478 178 54 173 8
68 32 183 206 359 139 149 85 244 146 51 173 9
68 34 167 62 161 141 149 34 142 98 47 157 10
68 30 167 62 161 136 149 33 142 98 47 15000 11
Chip#2
84 38 167 62 161 145 165 37 142 98 58 173 0
68 34 167 62 161 141 149 31 142 98 51 157 1
68 34 167 62 161 134 149 31 142 98 48 157 2
68 31 183 142 241 142 149 85 231 130 48 157 3
68 31 183 350 369 136 149 117 638 234 50 157 4
84 35 167 62 161 146 165 38 158 98 56 157 5
68 27 183 62 161 141 165 34 142 98 47 148 6
68 31 183 62 161 141 149 33 142 98 48 157 7
68 30 167 190 337 139 165 85 478 178 52 157 8
68 36 167 206 305 141 149 69 250 146 55 157 9
68 30 167 46 161 144 149 30 142 98 51 157 10
84 27 183 62 177 143 165 69 158 114 58 15000 11
Chip#2
84 32 183 62 161 139 165 33 142 98 51 173 0
84 32 183 62 161 142 165 37 142 98 51 173 1
68 30 183 62 161 134 149 30 142 98 48 148 2
84 32 183 142 295 141 165 85 231 130 50 173 3
68 30 167 366 369 136 165 133 638 243 50 157 4
68 34 167 62 161 139 149 33 174 98 51 157 5
84 35 183 62 177 142 165 69 158 114 55 173 6
68 36 183 62 161 145 165 36 142 114 54 173 7
68 32 167 190 353 138 149 85 478 178 46 157 8
68 32 183 206 359 141 165 85 241 146 50 173 9
68 36 167 62 161 143 149 37 142 98 50 157 10
68 31 167 46 161 135 149 31 142 98 47 15000 11
Chip#2
84 27 183 62 161 145 165 36 142 98 58 173 0
68 31 183 62 161 142 165 30 142 98 48 173 1
68 36 183 62 161 141 165 36 142 114 51 157 2
84 35 183 142 303 146 165 85 231 130 55 173 3
68 35 183 366 385 143 165 133 638 241 50 173 4
84 36 183 78 177 146 165 34 174 114 54 173 5
84 35 183 62 161 145 165 38 158 114 58 173 6
84 35 183 62 161 146 149 37 142 98 55 157 7
68 32 183 190 353 145 165 85 478 178 54 157 8
68 31 183 206 360 142 149 85 241 146 51 157 9
68 35 167 46 161 146 149 34 142 98 48 157 10
68 36 167 46 161 143 149 33 142 98 54 15000 11
Chip#2
84 32 183 62 161 135 149 30 142 98 48 173 0
84 34 183 62 161 136 165 33 158 114 51 173 1
84 36 183 62 161 143 165 38 158 114 51 157 2
68 34 183 142 298 142 165 85 231 130 48 157 3
68 30 167 350 369 138 149 117 555 241 50 157 4
84 34 183 62 161 143 165 38 174 114 55 173 5
68 32 183 62 161 138 149 38 142 114 54 157 6
68 36 183 62 161 142 165 37 142 98 51 157 7
68 35 167 190 353 143 149 85 478 178 52 157 8
84 32 183 206 361 141 165 85 350 146 54 173 9
84 35 183 62 161 143 165 37 158 98 51 157 10
84 27 183 62 161 142 165 36 142 98 50 15000 11
Chip#2
68 35 167 46 161 138 149 36 142 98 50 157 0
84 36 183 62 161 141 165 36 158 98 50 173 1
68 35 167 62 161 142 149 34 142 98 48 157 2
84 35 183 142 294 139 165 85 231 130 50 157 3
68 31 183 366 369 136 149 133 638 242 50 157 4
84 36 183 62 161 139 165 34 174 98 52 149 5
84 34 183 62 161 146 149 38 158 98 48 157 6
84 36 183 62 161 145 165 38 158 114 54 173 7
84 31 167 190 353 136 165 85 487 178 48 157 8
84 38 167 206 365 143 149 69 350 146 56 157 9
84 39 183 62 161 142 165 69 158 114 48 173 10
84 31 167 46 161 142 149 34 142 98 50 15000 11
Chip#2
84 32 183 62 161 139 165 33 142 98 48 173 0
84 36 183 62 161 145 165 36 158 114 52 157 1
68 35 167 62 161 136 165 34 142 98 52 157 2
68 28 167 142 292 141 149 69 231 114 48 157 3
84 32 183 366 385 142 165 133 638 239 52 157 4
84 36 183 62 161 143 165 36 174 98 58 173 5
68 30 167 46 161 136 149 29 142 98 48 157 6
68 34 167 62 145 141 149 31 142 98 54 157 7
84 39 183 206 353 142 165 101 487 178 60 173 8
84 36 183 206 366 143 165 85 350 162 55 173 9
84 41 167 62 161 142 149 37 142 98 51 157 10
68 28 167 46 161 139 149 29 142 98 50 15000 11
Chip#2
84 39 167 62 161 141 165 34 142 98 56 157 0
68 35 167 46 145 142 149 31 142 98 51 157 1
84 32 167 62 161 139 165 37 158 98 50 173 2
68 32 167 142 241 139 149 85 231 130 51 157 3
84 38 183 366 385 143 165 133 654 242 48 173 4
84 36 183 62 161 141 165 29 174 114 54 173 5
68 34 167 62 161 139 165 34 142 98 47 149 6
68 39 167 46 161 141 149 37 142 98 52 157 7
84 34 167 190 353 141 165 101 487 178 51 173 8
68 38 167 190 365 142 165 69 247 146 56 157 9
84 38 183 62 161 141 165 40 142 98 50 157 10
68 27 167 62 161 135 149 27 142 98 43 15000 11
Chip#2
68 32 167 46 145 139 149 31 142 98 47 157 0
68 28 183 62 161 138 165 30 142 98 50 149 1
68 32 167 62 161 135 149 31 142 98 48 148 2
68 30 167 142 300 141 149 85 231 130 51 157 3
68 30 167 366 385 143 165 133 638 239 50 157 4
68 34 167 62 161 143 149 36 174 98 50 157 5
68 35 167 62 161 143 149 37 142 98 50 157 6
68 31 183 62 161 141 149 36 142 98 48 157 7
84 34 167 190 353 138 165 85 478 178 51 157 8
84 31 183 206 357 142 165 85 244 146 55 173 9
68 32 167 46 161 141 149 34 142 98 46 157 10
84 32 183 62 161 139 165 31 142 98 48 15000 11
Chip#2
68 34 167 46 145 145 149 36 142 98 52 157 0
68 32 167 46 145 141 149 34 142 82 44 157 1
68 36 167 62 161 139 149 38 142 98 51 157 2
68 34 183 142 300 141 165 85 231 130 50 173 3
68 28 183 366 369 138 149 133 622 241 44 149 4
84 32 183 62 161 136 165 33 174 98 50 173 5
68 27 167 46 145 135 149 31 142 98 44 157 6
84 38 183 62 161 139 165 34 158 114 51 157 7
84 38 183 190 353 142 165 101 487 178 55 173 8
68 32 167 190 360 142 149 69 241 146 44 157 9
68 28 167 62 161 139 149 31 142 98 44 157 10
84 36 183 62 161 143 165 37 158 114 50 15000 11
Chip#2
84 32 183 62 161 136 149 30 142 98 51 157 0
84 38 183 62 161 146 165 36 142 98 54 157 1
68 34 167 62 161 139 149 38 142 98 54 157 2
68 34 183 142 299 143 149 85 231 130 51 157 3
68 28 167 350 369 138 149 117 558 241 50 157 4
68 34 183 62 161 143 149 37 174 98 56 157 5
68 30 167 46 161 138 149 34 142 98 50 157 6
68 32 167 62 161 141 165 33 142 98 50 157 7
84 35 183 190 353 143 165 101 487 178 56 173 8
68 36 167 206 361 143 165 69 248 146 54 157 9
84 36 183 62 161 143 165 36 142 98 54 173 10
84 36 183 62 161 141 165 38 158 114 52 15000 11
Chip#2
84 41 183 62 161 141 165 38 142 114 54 173 0
68 35 183 62 161 136 149 36 142 98 55 157 1
68 35 167 46 161 138 149 36 142 98 52 157 2
84 36 183 142 300 142 165 85 231 130 52 173 3
84 35 183 366 385 143 165 133 654 243 52 173 4
84 30 167 62 161 136 165 30 174 98 46 149 5
68 39 167 62 161 146 149 40 142 98 55 157 6
68 34 167 62 161 142 149 38 142 98 55 157 7
84 39 183 190 369 142 165 101 487 178 56 173 8
84 42 167 206 321 145 149 69 252 146 60 173 9
68 32 167 62 145 135 149 37 142 98 47 157 10
84 36 183 62 161 142 165 69 158 114 58 15000 11
Chip#2
84 31 167 62 161 138 149 33 142 98 50 157 0
68 28 167 46 145 139 149 34 142 98 50 157 1
84 35 167 62 161 148 165 36 142 98 55 157 2
84 28 183 142 241 136 165 85 334 130 47 173 3
68 28 183 366 369 134 165 133 638 238 46 148 4
68 32 167 62 161 141 149 33 158 98 50 157 5
68 38 183 62 161 143 165 38 142 98 51 157 6
68 34 183 62 161 143 149 33 142 114 48 157 7
84 31 167 174 353 143 149 85 478 178 52 157 8
68 28 167 190 351 136 149 69 241 146 44 157 9
68 31 183 62 161 142 165 38 142 98 48 157 10
68 28 167 46 161 135 149 27 142 98 43 15000 11
Chip#2
84 31 183 62 161 139 165 30 142 98 58 157 0
84 28 183 62 161 139 165 29 142 98 51 157 1
84 35 183 78 177 141 165 33 142 98 52 173 2
68 30 183 142 241 138 165 85 231 130 52 157 3
68 31 183 366 369 141 149 133 638 241 51 157 4
68 27 167 46 161 138 149 30 158 98 51 157 5
84 30 183 62 161 141 165 33 158 98 48 157 6
68 34 167 62 161 143 165 38 142 98 56 157 7
84 32 183 206 353 141 165 101 487 178 50 173 8
84 32 183 206 359 142 149 69 244 146 51 157 9
68 39 183 62 161 148 149 38 142 98 55 157 10
68 30 167 62 161 139 149 36 142 98 50 15000 11
Chip#2
84 32 167 62 161 138 149 30 142 98 48 157 0
84 34 183 62 161 145 165 37 158 98 56 173 1
84 28 183 62 161 135 165 30 142 98 51 147 2
68 31 167 142 241 142 165 85 231 130 50 157 3
68 28 167 350 369 136 149 117 638 234 48 149 4
84 34 183 78 161 142 165 33 174 114 55 173 5
84 32 183 62 177 142 165 34 158 114 56 173 6
68 30 167 62 145 141 149 31 142 98 48 157 7
68 35 167 190 353 142 149 85 478 178 52 157 8
68 34 183 206 359 142 165 69 245 146 55 157 9
84 36 183 62 161 138 165 34 158 98 51 157 10
84 36 183 62 161 149 149 37 158 98 52 15000 11
Chip#2
84 39 167 62 161 142 149 34 142 98 54 157 0
84 34 183 62 161 142 165 31 142 98 51 173 1
68 30 167 62 161 136 149 34 142 98 50 157 2
68 31 167 142 241 141 149 69 231 114 47 148 3
68 26 183 350 385 138 149 133 622 239 48 157 4
84 34 183 62 161 143 165 36 174 98 54 157 5
68 32 183 62 161 148 149 40 142 98 51 157 6
68 31 167 62 161 141 149 34 142 98 48 149 7
84 41 183 206 353 143 165 101 487 178 54 173 8
84 31 183 206 360 139 165 85 350 146 50 157 9
68 32 183 62 161 139 149 36 142 98 46 157 10
84 34 167 62 161 145 149 33 142 98 48 15000 11
Chip#2
84 36 183 62 161 143 165 37 142 98 56 173 0
84 36 183 62 161 145 165 34 158 98 51 173 1
84 34 183 62 161 142 149 40 142 98 52 157 2
68 28 167 126 241 142 149 69 231 114 48 157 3
84 31 183 366 385 142 165 133 638 242 50 157 4
84 27 183 62 161 141 165 34 174 114 52 157 5
68 24 167 62 145 135 149 31 142 98 46 146 6
68 32 167 46 161 142 149 29 142 98 51 157 7
68 28 167 190 353 135 149 85 478 178 43 157 8
68 34 167 190 361 142 149 69 246 146 55 157 9
68 32 167 62 161 146 149 34 142 98 50 157 10
84 34 183 62 161 141 149 33 142 98 50 15000 11
Chip#2
84 31 183 62 161 139 149 31 142 98 48 173 0
68 35 183 62 161 143 149 37 142 98 48 157 1
68 26 167 46 161 134 149 26 142 98 47 148 2
68 28 167 142 241 136 149 69 231 114 46 157 3
68 32 183 366 385 145 165 133 638 245 51 157 4
68 28 167 62 161 138 149 33 174 98 46 157 5
68 35 167 46 145 141 149 36 142 98 52 157 6
68 32 167 62 161 142 149 40 142 98 52 157 7
84 35 183 190 353 145 149 85 478 178 50 157 8
68 31 167 206 360 142 149 69 242 146 52 157 9
68 30 167 62 161 138 149 33 142 98 46 157 10
84 36 167 62 161 146 149 36 142 98 47 15000 11
Chip#2
84 36 183 62 161 142 149 34 142 98 54 157 0
84 35 183 62 161 145 165 36 158 98 54 157 1
68 28 167 62 161 136 149 33 142 98 50 157 2
68 28 167 142 241 142 149 85 231 130 50 148 3
68 31 183 350 369 141 165 133 638 239 50 148 4
84 38 183 62 161 145 165 36 174 114 54 173 5
68 32 183 62 161 139 149 38 142 98 51 149 6
68 34 183 62 161 141 149 36 142 98 48 157 7
84 35 183 190 353 143 165 101 487 178 52 173 8
84 39 183 206 365 148 165 85 350 146 54 173 9
68 38 167 62 161 145 149 69 142 98 54 157 10
84 32 167 62 161 142 165 36 142 98 52 15000 11
