Chip#1
121 128 117 142 105 111 103 105 108 110 124 129 0
127 126 114 142 108 112 102 104 112 111 117 129 1
123 124 117 142 113 126 116 107 130 125 116 118 2
111 121 1318 1094 117 1520 1180 117 1316 986 114 116 3
118 128 1270 1067 126 968 712 122 667 500 121 120 4
118 125 127 145 121 125 114 116 127 123 121 118 5
111 120 1258 1440 117 593 610 113 638 624 116 111 6
115 122 1131 1248 121 513 529 113 398 391 116 114 7
110 122 118 145 116 129 120 117 136 132 116 116 8
106 114 111 129 111 700 756 107 646 730 115 110 9
114 121 117 129 113 464 478 112 331 405 118 122 10
111 120 113 129 114 115 108 109 111 110 118 15000 11
Chip#2
110 110 113 112 117 107 118 108 107 112 123 117 0
102 101 100 101 104 100 109 100 97 103 113 114 1
110 108 105 105 113 117 122 107 112 116 113 118 2
103 105 106 107 111 716 617 108 650 655 113 108 3
106 105 99 105 108 446 384 102 434 400 106 100 4
100 105 106 108 111 117 122 102 103 112 111 101 5
105 106 181 168 115 711 611 104 638 753 115 106 6
105 108 158 144 113 456 391 106 407 463 113 105 7
106 106 100 109 113 110 114 102 104 104 107 101 8
109 109 168 165 114 181 187 107 144 151 111 108 9
102 100 148 140 101 149 157 99 130 132 103 102 10
105 108 105 107 108 107 114 103 102 106 111 15000 11
Chip#3
112 114 118 114 115 126 116 118 141 110 120 123 0
109 107 115 107 109 122 112 118 127 110 122 121 1
105 109 112 103 106 126 106 109 127 109 116 110 2
109 104 115 109 108 121 119 113 132 107 118 113 3
111 110 114 110 109 121 118 116 129 109 120 123 4
102 106 114 110 108 121 117 109 127 109 122 123 5
106 101 118 111 107 118 112 105 130 105 116 116 6
108 107 112 137 106 121 117 107 134 107 119 116 7
105 104 114 109 114 125 119 112 136 109 125 125 8
106 104 118 109 105 124 115 108 119 109 116 117 9
106 104 108 103 109 126 110 109 126 104 121 117 10
108 104 105 103 101 108 106 109 112 105 112 15000 11
Chip#4
109 111 101 106 99 103 103 107 114 112 117 104 0
118 113 104 111 110 108 104 111 113 114 119 106 1
107 107 98 103 99 100 100 104 106 101 111 102 2
109 106 95 105 101 102 98 104 107 105 112 99 3
116 111 104 108 104 111 103 111 116 113 114 111 4
116 113 105 110 106 108 105 112 115 111 120 105 5
110 107 103 100 101 103 101 106 107 105 113 98 6
116 111 105 110 106 111 106 109 114 110 120 110 7
115 113 105 105 106 109 106 109 113 113 119 110 8
106 99 99 104 93 98 99 97 104 105 107 100 9
112 106 97 106 102 104 99 107 107 106 113 105 10
112 112 105 111 108 110 103 109 114 110 117 15000 11
Chip#1
125 130 117 129 110 114 109 109 110 113 122 133 0
122 115 107 107 108 105 102 106 100 106 110 120 1
114 118 118 129 106 122 116 116 127 121 116 114 2
112 113 1286 1071 115 1504 1169 119 1279 965 114 108 3
108 121 1234 1052 116 955 705 117 643 483 110 110 4
102 111 121 129 110 115 113 111 119 112 111 109 5
108 122 1256 1454 121 616 635 116 653 643 117 111 6
107 114 1129 1250 113 524 553 115 401 395 111 112 7
98 107 109 129 108 117 116 107 122 122 108 106 8
108 114 114 129 115 736 804 113 669 761 118 117 9
101 107 109 129 106 464 492 105 331 410 108 119 10
107 114 114 107 113 114 110 112 110 107 118 15000 11
Chip#2
100 99 98 100 103 99 110 103 98 106 110 105 0
106 101 96 103 104 104 109 103 103 111 118 118 1
102 106 105 101 101 115 117 99 108 114 113 117 2
105 100 103 104 105 734 637 107 659 668 107 104 3
99 97 95 99 104 460 390 103 449 412 106 100 4
97 102 98 104 101 107 113 99 108 113 106 95 5
106 106 183 169 113 739 637 108 656 781 118 108 6
109 108 156 148 114 470 400 110 413 477 113 106 7
109 104 108 112 111 108 116 108 108 110 107 105 8
100 98 156 158 103 172 179 103 140 143 102 104 9
106 105 148 144 107 156 160 106 131 141 106 111 10
100 94 99 97 100 100 105 102 96 101 105 15000 11
Chip#3
102 98 102 103 106 125 108 108 129 98 114 121 0
106 103 108 102 98 120 110 110 122 104 111 116 1
106 107 109 106 105 125 112 109 127 106 120 117 2
105 103 108 103 101 126 118 109 134 106 115 117 3
106 105 110 103 103 118 109 113 123 101 118 120 4
100 97 105 101 101 121 112 106 123 101 116 113 5
105 107 110 109 105 126 110 112 129 105 117 117 6
105 106 105 105 100 125 104 109 122 105 120 121 7
108 111 108 106 103 115 118 113 130 108 112 124 8
103 104 114 137 103 122 112 112 125 106 119 114 9
106 103 114 107 103 128 113 109 130 98 116 120 10
105 102 108 107 100 125 109 106 118 106 114 15000 11
Chip#4
106 102 95 102 102 100 98 101 109 103 111 103 0
102 106 98 96 99 102 97 97 101 101 106 100 1
108 102 98 99 99 100 97 103 102 102 108 103 2
105 102 97 103 102 100 100 104 108 102 111 106 3
111 106 103 106 104 104 101 108 109 106 111 103 4
112 107 105 111 108 111 111 111 116 112 116 111 5
108 111 101 106 100 105 100 103 109 110 112 106 6
112 107 101 105 102 105 103 104 108 105 108 106 7
108 101 99 105 102 99 100 107 107 106 109 106 8
103 101 98 99 104 108 103 96 108 104 112 100 9
113 115 104 110 108 111 104 112 112 108 113 113 10
104 106 99 103 106 103 95 102 107 102 108 15000 11
Chip#1
118 118 109 104 105 106 104 105 106 109 117 127 0
123 120 107 129 109 111 103 102 111 106 114 122 1
114 118 117 129 113 127 118 113 130 121 114 115 2
115 122 1268 1067 123 1488 1165 123 1253 950 118 116 3
106 115 1223 1037 113 942 700 112 634 479 110 110 4
103 115 119 129 106 111 111 107 114 115 108 110 5
111 118 1266 1471 119 629 655 119 667 660 114 112 6
109 115 1136 1269 118 534 569 113 409 408 113 108 7
103 114 110 129 110 121 116 107 127 126 111 110 8
101 107 102 111 109 752 829 108 668 762 113 107 9
101 109 113 129 104 480 516 104 333 412 110 113 10
105 114 106 129 106 107 106 107 106 106 115 15000 11
Chip#2
95 98 96 96 104 99 102 100 96 104 111 108 0
105 109 105 108 111 107 110 107 103 108 121 122 1
97 104 103 103 104 113 114 103 107 113 106 110 2
100 110 103 103 113 775 657 111 670 683 113 108 3
99 104 102 100 107 471 409 104 450 419 105 98 4
96 108 105 105 111 115 114 103 108 113 110 100 5
107 105 184 166 114 754 647 111 659 794 117 109 6
102 104 152 141 111 471 402 104 413 482 106 102 7
97 97 98 100 104 97 103 99 95 98 98 98 8
103 98 155 152 101 168 173 99 133 142 103 100 9
100 102 142 136 104 148 152 100 125 134 101 104 10
96 104 100 97 103 100 105 99 96 102 106 15000 11
Chip#3
106 101 108 105 106 127 109 106 136 105 116 127 0
108 107 111 110 108 125 113 113 125 107 127 123 1
103 104 108 102 102 127 113 106 135 105 123 120 2
105 110 108 109 106 125 118 112 136 107 119 121 3
113 110 117 110 109 128 124 113 137 106 129 130 4
106 104 111 111 109 125 113 108 130 104 116 124 5
111 107 118 109 108 122 118 108 137 105 115 120 6
112 109 108 114 114 127 121 116 134 111 130 136 7
103 104 109 111 105 125 127 108 139 102 119 131 8
108 101 114 109 103 123 119 108 126 105 123 120 9
111 113 115 110 108 131 120 113 136 111 125 125 10
106 102 107 106 106 121 109 106 124 105 116 15000 11
Chip#4
111 107 101 108 104 102 104 104 113 104 113 105 0
105 104 97 106 99 103 98 101 101 99 104 99 1
110 106 100 102 102 104 101 99 109 104 113 98 2
101 104 95 99 95 94 96 99 105 99 101 98 3
108 105 103 108 102 105 100 104 109 104 110 105 4
112 109 106 106 105 103 106 102 105 106 112 109 5
110 111 106 110 106 107 105 107 112 106 114 103 6
108 107 103 103 104 99 103 100 107 104 106 102 7
111 106 100 103 100 100 97 102 107 101 107 98 8
108 105 100 100 102 104 101 102 108 106 114 106 9
107 104 95 98 96 98 98 102 101 98 103 99 10
113 107 104 110 105 106 104 104 109 105 116 15000 11
Chip#1
114 120 106 104 105 105 100 102 106 105 116 125 0
115 113 106 108 105 100 102 102 103 101 110 119 1
114 113 111 129 113 120 115 112 131 123 110 113 2
103 115 1266 1068 115 1488 1176 116 1257 955 115 110 3
102 118 1224 1048 115 946 712 112 631 481 107 104 4
102 114 113 129 106 111 108 106 116 114 106 104 5
102 115 1276 1495 118 642 668 116 680 676 108 107 6
107 117 1155 1298 118 558 589 116 418 420 113 107 7
105 107 110 113 110 117 116 103 124 126 103 106 8
112 117 117 129 118 790 876 116 699 799 124 122 9
109 118 114 129 114 496 546 113 350 432 116 123 10
107 111 111 111 108 109 107 109 108 105 118 15000 11
Chip#2
110 112 105 104 111 106 117 111 105 115 119 118 0
106 105 102 107 107 106 110 104 99 108 115 117 1
105 105 102 105 110 117 121 106 111 118 114 114 2
100 102 98 101 107 798 677 106 688 708 106 100 3
105 101 100 105 107 489 426 109 462 456 107 102 4
99 101 99 103 105 111 110 102 104 114 103 96 5
105 104 178 169 113 782 662 107 674 806 114 102 6
99 102 149 143 104 488 415 103 418 490 103 98 7
105 100 100 105 107 110 110 106 100 103 106 102 8
106 105 162 156 111 179 181 110 143 151 113 109 9
105 105 142 140 104 150 153 106 129 136 109 105 10
105 102 100 100 104 101 107 103 99 107 109 15000 11
Chip#3
105 103 110 103 103 121 109 109 131 106 118 129 0
102 102 102 105 100 120 108 105 126 102 116 114 1
109 104 111 110 108 130 114 109 130 105 120 118 2
99 93 100 101 101 122 110 102 127 97 112 114 3
111 110 111 110 117 134 121 112 134 107 125 132 4
106 106 113 109 103 126 110 110 124 105 116 121 5
102 101 111 109 106 127 118 104 137 98 120 123 6
111 113 118 114 115 132 121 115 137 107 122 131 7
113 116 115 114 112 131 135 115 145 106 122 135 8
108 106 114 109 103 131 118 110 126 106 122 128 9
108 105 108 110 104 127 118 112 137 106 125 131 10
109 109 110 103 103 124 117 112 134 105 127 15000 11
Chip#4
104 100 97 100 92 97 98 100 101 99 100 102 0
108 104 101 106 102 99 101 103 107 105 112 104 1
99 100 99 99 98 98 93 100 101 102 105 99 2
106 105 103 104 104 105 101 106 106 106 111 105 3
108 110 100 104 102 103 100 108 108 103 108 105 4
110 113 107 110 112 109 104 113 113 113 113 111 5
108 105 99 102 102 104 97 103 109 104 111 106 6
115 115 110 111 111 112 106 109 113 110 113 116 7
109 106 101 105 102 104 97 103 106 108 111 106 8
102 94 94 100 95 96 93 95 100 96 106 99 9
110 110 104 106 100 105 105 110 116 106 114 107 10
101 104 93 100 99 103 96 100 104 98 107 15000 11
Chip#1
120 124 113 129 106 103 102 104 106 111 118 125 0
122 115 109 107 108 107 106 104 104 105 113 118 1
116 119 118 129 111 127 118 113 130 125 115 115 2
111 116 1342 1130 116 1557 1224 120 1324 1011 111 109 3
114 124 1305 1118 122 1008 751 124 677 514 117 118 4
103 120 121 145 115 116 111 112 120 117 115 110 5
105 118 1400 1665 115 665 699 116 705 709 113 107 6
105 113 1270 1427 120 571 606 113 428 435 107 109 7
112 118 119 157 117 133 126 117 131 134 116 116 8
105 109 113 157 110 813 902 111 718 826 113 107 9
112 115 113 157 115 513 565 116 356 452 117 123 10
107 114 113 157 108 108 102 107 108 104 114 15000 11
Chip#2
107 105 105 100 108 106 111 110 108 114 119 113 0
103 106 102 104 110 107 109 104 98 110 117 118 1
100 102 98 96 103 113 110 102 104 111 103 106 2
113 109 105 109 118 836 710 114 734 736 117 108 3
112 105 109 105 118 529 438 113 487 454 114 106 4
103 102 100 103 105 108 106 104 104 111 101 102 5
102 105 186 174 110 809 683 111 696 835 111 102 6
96 101 153 144 108 514 425 102 436 502 105 95 7
106 105 105 105 111 106 107 110 102 106 106 102 8
106 104 162 159 104 182 180 102 136 151 105 104 9
106 112 153 141 113 160 162 106 133 143 107 109 10
103 99 96 99 108 101 103 104 103 105 107 15000 11
Chip#3
108 110 109 112 109 127 116 112 139 113 125 136 0
102 104 103 99 106 121 106 109 122 103 118 116 1
105 103 108 103 103 126 113 108 131 109 120 117 2
105 104 102 109 106 121 120 109 137 103 118 124 3
106 104 108 106 111 125 118 114 133 104 123 135 4
105 104 111 114 108 130 121 113 135 107 130 132 5
108 101 115 110 112 137 120 108 141 102 126 129 6
109 109 114 117 115 135 125 116 142 107 130 132 7
106 110 115 113 109 127 130 116 143 109 133 136 8
108 106 117 116 106 131 121 112 133 109 130 134 9
109 107 115 112 111 134 122 109 141 106 132 131 10
109 107 112 116 117 135 125 113 136 112 135 15000 11
Chip#4
100 93 94 95 94 95 88 94 97 90 101 97 0
101 106 99 104 101 103 97 105 105 104 108 102 1
105 104 95 99 98 96 97 97 106 96 104 102 2
108 106 100 105 104 105 103 106 107 104 111 105 3
102 105 98 99 100 99 96 102 102 101 106 103 4
109 111 109 108 106 108 103 108 111 107 113 107 5
106 104 101 102 102 102 99 102 105 105 112 104 6
105 107 104 104 100 103 99 103 106 99 106 106 7
110 110 104 106 105 99 96 107 108 104 106 104 8
107 105 100 106 101 102 100 101 107 104 108 102 9
108 107 100 102 105 102 99 105 106 104 109 107 10
107 104 99 100 98 100 92 101 102 101 110 15000 11
Chip#1
120 121 114 108 106 110 108 112 110 111 122 133 0
120 113 105 108 108 102 106 104 106 105 107 119 1
115 115 118 129 111 121 118 113 131 123 115 116 2
112 122 1452 1231 124 1707 1340 125 1459 1128 115 114 3
107 118 1402 1211 119 1083 809 115 735 546 116 113 4
103 116 121 145 111 115 111 113 118 122 113 113 5
102 111 1422 1681 117 689 730 112 723 723 106 104 6
106 114 1305 1462 121 602 645 117 446 451 113 110 7
106 111 118 129 114 119 119 111 132 128 113 108 8
110 106 110 129 114 834 926 115 747 871 118 112 9
99 103 102 103 100 512 563 107 363 458 106 110 10
107 116 115 129 110 111 107 111 110 106 118 15000 11
Chip#2
99 97 100 99 104 101 110 100 99 104 114 112 0
106 104 99 107 107 107 111 106 100 108 119 118 1
103 105 103 104 105 117 112 107 112 116 113 116 2
99 102 95 100 105 837 712 104 747 757 109 105 3
103 106 105 105 110 525 441 110 493 468 110 105 4
99 104 103 105 105 115 116 100 104 111 105 98 5
99 104 189 206 111 847 717 107 743 861 113 104 6
97 104 153 147 104 535 444 103 444 513 107 99 7
103 106 102 107 113 114 116 108 107 110 109 104 8
100 106 167 163 110 186 190 106 140 150 106 102 9
97 102 148 144 105 158 160 97 134 138 102 102 10
110 109 102 112 108 111 108 111 105 107 109 15000 11
Chip#3
103 104 108 105 106 124 109 105 127 105 114 123 0
109 103 108 106 108 127 116 112 129 110 123 124 1
106 107 106 137 103 126 115 109 132 107 120 123 2
111 109 114 112 109 127 124 115 139 106 117 121 3
109 110 111 110 108 135 120 111 133 107 126 130 4
102 109 112 110 103 126 117 111 131 106 118 128 5
108 104 112 113 106 128 117 112 131 103 117 117 6
109 110 111 109 109 127 113 109 127 104 118 120 7
111 109 112 110 105 126 119 111 137 107 118 130 8
103 107 111 109 101 124 113 108 122 101 116 114 9
105 106 105 107 104 122 110 108 130 105 118 121 10
105 103 109 109 102 128 116 109 131 103 126 15000 11
Chip#4
109 106 106 106 106 102 104 103 106 107 109 106 0
107 105 100 98 105 99 101 103 111 103 109 99 1
110 108 106 104 106 106 104 106 116 107 116 109 2
110 110 99 108 101 109 107 104 108 109 111 107 3
108 105 105 102 101 102 101 104 105 105 113 105 4
104 107 101 104 104 100 103 102 107 103 107 100 5
107 100 99 102 100 99 103 101 105 102 106 105 6
113 106 107 99 102 108 101 104 108 106 106 107 7
104 95 90 95 96 93 93 93 94 97 104 95 8
101 101 97 98 101 98 96 99 101 102 106 97 9
118 110 109 110 111 110 108 110 112 109 112 111 10
103 102 95 100 100 98 100 103 104 103 106 15000 11
Chip#1
123 122 114 129 108 110 108 112 108 112 124 133 0
127 116 114 129 106 108 108 107 108 106 114 125 1
110 110 114 129 108 121 115 109 131 120 108 113 2
114 122 1477 1250 121 1744 1367 129 1505 1164 124 116 3
107 114 1416 1221 110 1100 818 115 739 557 107 107 4
108 117 125 145 116 117 122 116 124 123 116 110 5
106 116 1443 1702 120 720 753 123 747 741 113 112 6
106 113 1313 1472 120 609 656 119 448 460 116 109 7
106 116 119 129 113 122 123 113 134 133 110 116 8
109 118 117 129 114 837 931 112 755 876 124 111 9
105 110 111 129 106 516 576 112 372 469 113 115 10
106 106 107 107 101 111 107 104 102 106 115 15000 11
Chip#2
106 109 100 108 110 103 112 107 106 109 121 113 0
107 106 99 108 107 106 110 106 105 106 123 123 1
112 110 109 109 111 122 120 113 118 119 115 117 2
103 105 100 105 110 840 710 104 758 766 106 104 3
102 104 106 104 111 527 439 107 499 467 110 105 4
105 108 108 111 110 114 120 103 108 116 110 104 5
105 108 192 178 111 870 733 108 734 868 118 100 6
107 106 165 152 113 547 455 106 462 522 109 101 7
109 112 108 113 115 111 120 110 110 110 111 108 8
99 99 164 160 101 182 179 102 140 147 103 101 9
102 108 153 151 110 165 166 107 134 144 109 109 10
102 104 102 105 105 104 106 106 105 107 106 15000 11
Chip#3
109 109 110 110 109 137 114 108 146 107 122 135 0
111 110 107 106 104 128 118 113 141 107 125 128 1
100 105 102 106 103 135 117 109 131 102 120 123 2
108 106 106 105 106 125 117 106 135 101 115 121 3
109 106 111 109 114 126 124 109 139 107 133 131 4
105 107 111 109 106 124 119 107 133 110 122 127 5
109 110 114 111 111 134 121 112 143 105 129 128 6
111 109 112 109 112 138 118 110 137 106 129 129 7
106 104 110 111 106 126 125 113 142 106 125 135 8
108 109 112 110 102 131 117 111 129 105 122 125 9
105 105 105 103 107 132 117 104 135 99 117 123 10
106 101 108 106 103 122 114 105 126 105 120 15000 11
Chip#4
102 100 97 103 99 96 96 101 99 102 104 102 0
111 111 107 115 107 111 106 110 112 109 118 112 1
111 106 106 106 107 104 101 106 107 104 112 109 2
110 104 99 102 101 107 103 101 106 105 109 106 3
104 104 97 100 101 99 96 99 104 97 107 102 4
112 113 106 106 105 105 104 108 107 110 110 103 5
109 106 105 108 102 107 97 101 106 102 112 109 6
107 106 99 104 102 103 98 105 108 104 107 103 7
101 99 94 100 99 97 95 101 98 97 101 99 8
112 109 107 109 108 108 104 108 109 107 111 113 9
106 107 99 102 106 104 101 105 104 101 104 103 10
106 102 97 103 99 100 99 101 104 101 104 15000 11
Chip#1
119 124 111 129 106 111 107 112 108 108 122 126 0
123 116 111 129 113 108 110 107 107 110 111 125 1
115 114 119 129 111 121 120 115 131 123 111 111 2
100 113 1486 1249 113 1744 1356 116 1512 1162 113 104 3
98 114 1435 1241 113 1099 822 115 755 563 110 104 4
102 114 121 129 115 116 114 113 120 117 107 110 5
101 107 1440 1697 111 708 742 113 737 734 107 106 6
106 116 1322 1484 122 618 659 116 455 462 116 109 7
108 119 119 129 121 129 128 117 137 134 120 118 8
101 110 107 111 114 833 930 107 755 875 113 107 9
103 109 110 109 105 517 576 112 373 472 118 119 10
102 105 106 129 102 100 98 100 102 96 110 15000 11
Chip#2
106 102 99 105 110 104 109 100 107 108 118 114 0
103 102 99 103 107 108 107 103 104 107 119 125 1
96 104 102 101 103 115 114 103 111 111 107 116 2
102 102 98 101 110 842 722 110 765 771 109 105 3
103 106 103 104 108 527 446 113 504 469 109 105 4
103 109 105 107 108 113 118 106 110 117 107 101 5
103 106 191 178 111 865 737 111 743 869 118 104 6
105 110 162 149 115 544 452 107 462 522 109 104 7
103 102 103 109 113 103 109 104 103 104 109 100 8
105 104 162 163 105 177 189 103 143 149 105 100 9
103 105 152 141 108 158 161 108 133 139 109 104 10
102 102 103 101 103 101 107 107 105 102 107 15000 11
Chip#3
109 106 108 103 106 124 112 105 131 106 118 127 0
111 111 116 113 109 125 114 112 133 111 129 129 1
106 106 108 107 104 129 118 105 135 105 120 125 2
111 107 115 110 109 126 118 107 131 111 116 120 3
103 99 107 104 104 125 109 108 123 107 122 124 4
106 107 114 110 105 128 117 108 129 105 118 129 5
106 109 120 112 109 128 123 115 141 107 123 120 6
108 104 107 109 108 127 113 106 129 105 118 121 7
106 105 110 109 103 127 124 110 137 107 124 132 8
111 110 121 111 103 128 120 110 135 109 125 128 9
115 113 117 109 111 132 124 115 142 110 129 127 10
108 105 108 106 100 114 113 105 128 106 117 15000 11
Chip#4
106 108 101 111 106 103 97 106 113 106 112 105 0
107 102 103 105 99 100 97 104 104 102 104 100 1
102 102 95 99 99 96 92 97 104 98 106 98 2
111 106 101 106 104 102 103 103 109 104 107 107 3
100 101 95 98 96 94 92 101 102 98 104 100 4
103 104 100 103 104 100 97 101 105 104 108 100 5
102 101 98 99 98 98 95 102 104 99 104 97 6
102 102 97 102 95 97 92 97 105 99 100 96 7
105 106 99 106 100 104 98 103 104 103 109 102 8
112 110 106 111 106 107 100 107 111 112 117 109 9
100 100 94 95 95 99 92 100 95 95 101 97 10
107 104 107 104 105 103 100 109 112 108 115 15000 11
Chip#1
120 122 111 111 108 108 109 99 108 111 116 129 0
124 114 114 129 110 105 105 103 107 105 115 121 1
114 117 119 129 119 127 122 116 134 127 117 118 2
105 114 1486 1260 115 1744 1370 117 1515 1168 110 106 3
102 113 1441 1243 117 1102 823 111 759 567 107 107 4
105 111 118 119 114 115 113 109 118 117 107 107 5
109 122 1453 1716 124 720 759 114 748 753 113 113 6
105 110 1324 1489 119 611 665 115 452 460 113 106 7
98 110 118 129 112 121 122 109 126 132 111 111 8
107 110 113 129 114 842 942 115 760 883 116 108 9
105 115 110 115 113 524 583 116 373 477 117 115 10
108 109 115 129 113 108 110 111 106 106 118 15000 11
Chip#2
102 100 102 104 104 103 113 100 102 108 115 114 0
102 102 98 101 103 101 107 102 98 102 109 115 1
103 106 103 107 107 114 122 104 114 116 114 114 2
103 105 100 103 111 840 716 107 765 769 107 108 3
102 106 106 105 113 531 449 113 509 476 113 109 4
102 108 106 111 107 111 117 107 111 119 107 100 5
100 99 195 182 114 872 739 107 743 868 113 102 6
107 104 164 151 113 546 455 110 462 516 109 97 7
107 108 103 109 111 114 113 108 104 109 109 104 8
105 101 167 166 105 186 191 103 145 157 103 99 9
110 113 159 151 110 164 166 111 136 147 110 105 10
105 105 102 101 108 100 108 106 103 106 105 15000 11
Chip#3
106 104 108 106 105 127 109 105 135 105 120 128 0
108 109 111 101 101 119 109 112 128 106 122 118 1
103 101 108 102 95 121 108 104 127 97 114 107 2
106 108 111 103 107 124 121 110 141 109 117 127 3
111 104 109 107 106 122 109 112 122 106 121 123 4
100 101 108 107 97 121 108 108 124 101 112 117 5
108 104 117 109 106 126 112 105 135 104 122 120 6
109 109 112 109 108 128 114 111 133 104 118 125 7
105 106 106 137 105 117 115 107 132 101 122 127 8
109 106 115 111 101 131 118 110 131 102 125 121 9
108 113 112 107 103 131 113 109 135 106 123 125 10
112 106 108 103 106 125 116 112 128 108 118 15000 11
Chip#4
102 101 98 100 92 95 95 94 102 96 101 99 0
101 105 99 104 100 104 100 102 104 104 105 102 1
104 107 99 102 100 100 101 100 102 102 106 103 2
107 104 103 103 100 99 97 99 104 99 106 102 3
100 101 95 96 96 96 95 100 98 101 102 98 4
106 105 99 104 102 98 100 102 106 105 105 103 5
111 105 105 104 104 105 100 107 107 105 112 104 6
106 105 103 108 106 100 100 99 107 103 106 106 7
107 105 98 99 98 98 101 99 106 103 109 100 8
104 105 101 108 104 106 97 102 107 102 112 104 9
110 106 100 100 100 104 98 101 105 102 106 102 10
107 96 99 99 99 94 92 100 100 98 105 15000 11
Chip#1
120 128 121 129 113 114 108 112 110 112 120 131 0
125 119 111 111 109 110 106 107 107 107 111 123 1
112 114 118 129 111 124 118 116 130 126 114 116 2
109 115 1492 1265 118 1760 1377 124 1520 1183 115 110 3
110 121 1455 1261 120 1117 836 120 765 579 116 115 4
109 121 127 129 117 121 121 120 124 126 116 116 5
102 109 1433 1708 114 705 754 113 747 742 108 106 6
106 120 1324 1495 120 619 665 115 455 460 117 111 7
105 111 117 129 114 125 124 115 134 130 113 115 8
102 111 107 129 111 829 933 113 758 874 115 110 9
107 110 106 129 108 522 583 109 375 476 110 116 10
103 107 104 129 105 107 104 105 106 102 111 15000 11
Chip#2
96 101 99 100 101 100 106 102 94 107 113 112 0
102 102 102 104 103 101 108 104 99 108 117 118 1
102 101 98 104 104 114 117 101 104 111 110 114 2
99 104 100 97 105 840 713 101 765 766 106 98 3
105 102 103 105 108 531 443 104 501 470 110 102 4
102 104 109 108 108 114 117 103 104 117 111 98 5
100 102 193 178 108 868 734 102 734 870 113 100 6
103 108 165 152 113 549 457 111 462 522 113 102 7
106 106 106 108 107 110 112 111 107 107 106 101 8
100 104 167 166 104 188 190 106 138 152 110 100 9
100 104 152 147 105 163 162 104 130 145 106 106 10
99 101 99 100 98 99 105 103 98 99 106 15000 11
Chip#3
105 104 111 110 109 134 120 109 144 109 123 134 0
108 110 109 105 109 128 112 116 135 107 130 128 1
106 106 108 107 112 134 117 119 141 111 131 122 2
106 107 111 113 114 137 124 111 141 106 127 128 3
105 109 111 111 111 126 116 108 131 108 129 135 4
106 107 114 116 112 138 121 109 136 107 127 127 5
100 106 115 112 105 123 116 105 135 105 119 121 6
111 107 108 111 114 131 116 113 134 107 124 123 7
106 107 111 114 106 127 121 112 137 107 121 125 8
106 103 110 110 103 128 116 108 123 105 122 125 9
99 101 102 109 108 125 112 107 131 104 122 121 10
105 104 107 110 108 127 114 112 131 111 127 15000 11
Chip#4
109 107 104 104 102 104 102 102 108 106 113 105 0
104 104 98 103 99 99 99 101 102 99 107 100 1
100 96 95 98 93 95 93 98 98 96 102 96 2
107 100 98 100 102 104 97 101 107 103 108 103 3
99 106 98 99 98 103 96 102 106 97 104 102 4
108 110 101 105 106 104 100 103 108 106 114 103 5
108 110 104 108 107 108 103 105 111 111 112 107 6
108 107 103 105 104 107 99 101 109 104 111 100 7
97 100 94 98 95 96 89 96 102 97 102 97 8
105 107 101 104 101 99 99 97 105 102 111 103 9
105 110 101 104 104 104 101 107 108 103 112 103 10
109 104 103 102 100 100 97 101 102 99 112 15000 11
Chip#1
122 125 114 112 110 107 109 109 107 114 122 132 0
127 118 118 112 111 106 108 109 110 110 118 127 1
109 113 115 129 110 124 115 109 123 123 113 114 2
109 122 1493 1270 119 1760 1378 120 1532 1195 117 114 3
101 114 1447 1253 109 1107 829 109 763 571 106 103 4
99 110 118 129 109 112 111 107 115 116 106 107 5
99 115 1434 1722 116 720 758 113 742 746 113 108 6
98 111 1319 1490 115 614 656 115 447 453 106 104 7
103 111 117 129 113 125 121 113 128 131 108 110 8
101 107 109 129 110 837 935 112 760 880 115 112 9
102 106 107 129 108 522 581 109 374 476 108 113 10
97 103 106 103 106 107 102 105 102 103 113 15000 11
Chip#2
106 102 103 104 108 103 112 106 106 108 117 115 0
109 109 108 108 110 107 116 108 106 109 119 125 1
106 109 108 104 110 117 120 108 118 115 109 118 2
102 105 102 104 107 838 713 107 761 763 107 106 3
105 102 103 103 103 526 439 110 501 469 107 104 4
99 100 103 107 105 113 113 100 106 115 103 96 5
105 105 195 178 113 868 734 111 743 869 113 105 6
106 108 162 152 114 549 460 114 451 519 111 106 7
102 101 99 105 104 106 107 106 103 107 106 97 8
107 99 170 160 108 186 185 107 143 154 110 98 9
106 109 159 147 105 160 169 107 136 145 107 102 10
109 104 105 105 107 108 111 110 107 106 111 15000 11
Chip#3
109 104 105 105 106 132 117 108 138 106 123 131 0
109 108 108 107 103 122 113 112 131 107 125 124 1
108 108 107 109 104 129 114 112 131 103 121 118 2
105 104 105 109 103 126 114 106 133 105 118 120 3
113 107 105 103 106 126 113 112 129 104 120 134 4
103 107 108 107 106 127 116 108 131 103 116 123 5
102 103 112 110 106 125 120 110 137 102 117 123 6
109 111 113 110 112 131 113 113 137 106 133 128 7
108 111 114 113 106 131 128 112 139 106 125 132 8
106 107 114 113 103 127 121 110 133 105 118 127 9
106 111 110 110 108 132 124 108 141 104 126 127 10
109 106 113 110 110 131 117 108 134 107 130 15000 11
Chip#4
109 106 98 103 104 104 103 101 107 101 109 109 0
113 113 106 113 104 111 111 109 112 109 112 112 1
113 112 105 109 104 109 108 109 109 105 121 111 2
111 109 101 105 102 104 105 104 107 107 108 103 3
102 102 98 103 98 98 98 101 102 102 102 104 4
111 108 105 110 104 105 103 106 106 109 110 109 5
108 101 98 103 95 103 100 102 106 105 108 102 6
110 111 103 111 104 108 104 103 108 106 109 103 7
107 107 103 102 98 100 99 101 104 103 102 99 8
110 110 99 110 104 105 106 108 108 105 113 107 9
109 104 99 103 99 96 98 100 104 101 108 104 10
102 100 94 100 96 97 95 97 102 99 105 15000 11
Chip#1
118 117 109 101 102 102 103 108 107 101 117 124 0
124 118 113 129 108 108 109 109 110 109 115 122 1
109 109 111 112 106 119 111 111 130 120 111 112 2
106 115 1491 1265 115 1744 1371 120 1527 1192 115 111 3
108 120 1455 1261 119 1117 835 120 777 579 116 113 4
107 117 125 145 115 121 113 121 126 118 113 115 5
109 117 1443 1724 119 720 757 119 743 751 115 112 6
105 114 1319 1497 115 617 661 112 455 457 114 113 7
102 113 110 116 115 124 122 111 135 130 113 108 8
107 113 110 129 114 842 939 115 765 885 117 114 9
105 107 104 129 105 521 581 112 375 471 113 115 10
106 114 110 129 106 108 103 109 110 107 115 15000 11
Chip#2
100 102 102 101 103 97 106 103 100 102 111 113 0
109 112 106 112 113 106 112 110 111 108 123 125 1
105 109 105 107 104 113 121 109 114 114 115 117 2
103 108 103 109 113 840 717 115 764 770 113 110 3
106 110 108 109 117 526 446 114 509 472 111 109 4
105 105 111 111 113 120 121 113 109 115 107 104 5
99 104 189 174 107 864 734 107 734 868 113 105 6
106 108 165 152 115 544 458 108 462 518 111 102 7
106 104 102 107 111 107 111 107 105 104 105 105 8
103 102 170 166 107 184 190 108 150 154 109 104 9
105 104 155 151 110 165 169 106 138 147 106 102 10
103 105 103 107 104 103 107 108 107 102 106 15000 11
Chip#3
103 103 103 109 112 132 117 109 143 103 125 134 0
108 106 110 112 107 120 112 108 130 102 120 125 1
105 103 102 137 103 124 109 109 130 106 122 112 2
114 109 117 116 115 128 121 113 145 112 123 124 3
106 104 109 113 109 131 116 111 134 101 126 135 4
103 106 111 113 111 128 116 109 134 104 130 125 5
106 109 115 114 114 132 120 109 148 105 129 128 6
111 110 114 117 120 132 116 118 137 109 135 136 7
111 113 117 120 111 134 130 115 149 109 133 139 8
108 107 115 112 108 139 120 112 134 110 129 134 9
109 114 112 112 109 132 121 112 138 109 123 132 10
105 106 110 106 105 126 116 106 129 102 119 15000 11
Chip#4
107 106 94 103 99 100 95 99 102 99 104 97 0
106 109 101 105 102 104 104 103 106 105 109 105 1
102 105 95 102 101 104 98 99 105 103 106 100 2
107 105 101 102 102 103 104 102 106 103 111 104 3
106 102 100 102 100 104 97 101 102 103 112 105 4
106 102 98 100 102 103 98 103 105 99 105 99 5
107 105 99 105 102 108 96 103 107 104 106 99 6
109 106 104 104 105 108 103 103 109 105 111 107 7
107 105 97 99 100 105 100 102 105 101 105 99 8
101 101 88 100 100 100 95 92 102 98 104 102 9
102 94 98 97 95 98 96 95 104 96 102 102 10
104 100 103 100 100 103 100 99 104 102 107 15000 11
Chip#1
116 122 117 112 108 109 103 108 107 107 120 127 0
122 117 111 104 108 106 97 107 104 106 113 120 1
110 114 117 129 109 121 116 109 126 118 110 113 2
110 115 1515 1276 118 1760 1384 121 1532 1200 115 114 3
102 113 1466 1265 120 1120 837 116 780 585 113 110 4
99 114 119 129 109 115 107 112 114 115 107 106 5
105 117 1441 1727 120 720 752 117 734 748 114 110 6
108 117 1326 1512 116 617 666 113 447 465 113 111 7
112 117 123 129 117 128 127 119 133 136 116 118 8
99 103 105 108 108 832 933 109 751 876 113 106 9
103 106 107 104 108 518 581 111 372 474 114 118 10
111 115 115 111 108 111 109 109 106 106 116 15000 11
Chip#2
105 102 102 103 105 107 105 104 104 107 114 114 0
97 101 99 101 104 100 103 100 100 104 115 119 1
103 105 102 107 107 114 121 104 120 119 109 119 2
106 106 100 105 108 838 717 107 764 768 111 108 3
107 108 106 107 111 530 447 110 504 471 113 108 4
103 104 105 105 107 114 118 106 110 115 109 101 5
107 104 186 178 113 861 728 111 734 863 113 101 6
106 109 168 155 114 545 454 117 462 523 110 105 7
110 109 109 109 113 110 114 108 106 109 110 109 8
109 110 177 173 114 192 196 113 155 158 110 109 9
107 105 155 148 108 164 165 107 136 142 107 105 10
103 106 100 104 101 101 103 104 103 102 106 15000 11
Chip#3
102 106 107 106 108 122 108 108 127 106 118 125 0
105 104 110 105 104 127 112 106 123 105 122 121 1
109 109 110 110 107 124 110 112 127 106 116 114 2
109 107 105 137 109 122 116 109 131 107 119 118 3
108 104 107 106 106 120 113 108 127 100 120 124 4
111 109 115 110 105 128 118 111 130 106 115 127 5
106 106 107 113 109 126 114 109 133 102 120 123 6
112 103 108 110 112 122 114 109 131 103 117 122 7
99 102 102 107 103 113 113 106 126 99 113 120 8
108 102 114 109 106 122 116 110 123 105 118 121 9
108 101 109 105 105 125 113 109 127 105 119 124 10
112 104 112 107 105 125 114 112 131 104 116 15000 11
Chip#4
105 99 92 96 98 91 92 100 99 91 100 97 0
111 110 105 110 108 105 107 113 109 107 114 111 1
107 105 105 106 102 100 95 104 108 105 107 102 2
105 102 99 100 101 103 98 101 105 105 106 100 3
110 109 107 104 102 104 101 110 106 109 109 110 4
109 110 104 105 105 104 105 110 111 104 106 107 5
111 106 106 110 108 106 110 112 116 109 110 109 6
102 104 101 102 100 97 96 101 102 97 105 103 7
105 101 100 98 99 98 98 99 100 104 106 103 8
115 107 105 109 106 105 105 111 113 110 116 109 9
111 109 104 105 104 104 105 109 109 105 108 105 10
117 107 109 109 111 106 103 109 111 110 114 15000 11
Chip#1
122 122 117 129 109 105 107 109 111 111 122 133 0
131 119 119 129 114 110 107 112 111 109 124 123 1
105 109 110 105 106 115 109 113 123 117 108 114 2
97 109 1475 1266 111 1744 1368 115 1521 1181 102 102 3
106 122 1465 1269 119 1114 835 120 775 581 116 110 4
105 110 111 129 111 111 107 109 115 111 106 107 5
103 121 1443 1724 122 720 754 124 737 749 115 113 6
105 114 1324 1511 117 612 661 114 450 462 111 107 7
101 110 115 129 110 117 118 109 122 128 108 104 8
106 111 106 129 110 832 935 113 756 882 116 111 9
112 118 117 129 117 526 597 119 382 483 121 120 10
111 118 119 129 116 115 113 120 118 113 121 15000 11
Chip#2
105 104 103 104 107 101 109 104 107 107 118 114 0
103 102 102 103 107 106 106 103 104 106 114 119 1
107 106 100 109 111 115 118 103 115 119 113 118 2
107 106 103 105 108 831 716 114 759 759 110 108 3
105 106 102 108 111 520 442 110 501 470 111 105 4
100 106 106 104 104 113 114 110 108 112 109 102 5
100 102 193 185 110 857 730 113 734 859 114 104 6
109 108 165 153 113 540 450 111 450 514 113 105 7
103 106 106 112 111 110 113 104 109 106 106 102 8
107 105 174 170 110 191 193 106 147 154 110 106 9
105 108 156 149 111 161 166 108 135 145 107 109 10
100 98 103 107 107 100 108 101 102 100 105 15000 11
Chip#3
105 104 105 105 106 124 110 110 133 105 117 131 0
105 106 103 137 103 120 113 108 127 106 123 121 1
108 110 102 111 106 127 114 115 133 109 122 124 2
111 109 109 110 111 125 119 112 137 107 116 124 3
105 104 110 111 111 125 121 111 131 105 123 132 4
106 107 114 114 111 128 120 112 137 107 125 125 5
106 105 117 113 106 124 116 105 128 106 118 117 6
105 104 102 107 109 125 114 105 130 103 114 120 7
105 103 113 109 107 124 122 110 137 103 124 132 8
111 106 117 114 106 131 125 112 138 109 121 123 9
108 109 113 111 113 137 123 112 146 107 125 129 10
105 105 110 107 103 122 113 106 128 105 120 15000 11
Chip#4
107 95 95 99 98 90 99 96 97 97 99 98 0
103 104 95 102 99 99 98 101 104 99 105 102 1
110 107 104 102 104 102 99 101 107 105 106 105 2
105 102 100 99 100 97 95 96 104 101 101 102 3
104 102 99 104 100 103 99 104 109 104 108 102 4
101 100 95 97 96 95 95 100 104 95 97 96 5
107 101 99 106 99 100 99 106 102 102 105 106 6
101 100 95 103 96 100 98 99 105 99 100 99 7
113 109 101 110 110 109 104 108 111 108 117 106 8
110 105 98 105 98 99 103 103 107 102 109 103 9
104 100 99 105 96 97 98 101 104 99 102 103 10
109 102 101 105 104 102 99 106 108 105 105 15000 11
Chip#1
128 126 117 129 115 110 109 111 110 112 127 137 0
131 122 113 129 114 114 105 111 106 106 120 127 1
111 118 111 129 114 121 121 112 128 121 108 116 2
111 121 1515 1281 121 1760 1386 124 1533 1197 121 115 3
109 121 1466 1270 122 1122 841 124 778 584 114 116 4
105 115 118 129 111 108 115 113 118 116 107 107 5
103 114 1433 1723 117 711 749 112 734 737 110 106 6
106 117 1335 1517 115 616 667 119 457 463 115 110 7
109 114 121 129 114 126 124 117 131 131 117 110 8
109 113 114 129 115 837 952 111 758 885 117 110 9
109 113 110 112 109 518 591 111 373 474 116 119 10
109 117 110 111 108 110 109 108 106 109 121 15000 11
Chip#2
102 105 102 105 103 100 106 106 103 110 115 114 0
106 105 102 108 107 103 109 104 105 104 117 122 1
107 101 103 105 105 117 116 111 112 115 109 115 2
106 106 100 105 108 834 710 113 752 764 110 106 3
103 102 106 105 110 519 437 104 497 459 109 105 4
102 105 103 105 107 113 113 113 114 115 110 98 5
102 98 184 174 107 850 722 101 712 856 107 98 6
105 104 165 149 111 540 451 110 445 518 113 102 7
105 98 102 107 110 107 107 104 102 104 106 100 8
105 102 162 166 104 188 183 107 143 151 105 104 9
103 104 150 148 104 158 157 106 131 146 107 104 10
105 105 102 103 105 101 106 113 104 104 106 15000 11
Chip#3
102 107 108 109 111 132 113 112 143 105 133 139 0
106 103 108 102 100 125 113 108 129 105 121 120 1
112 114 115 116 115 141 125 118 144 113 138 134 2
106 112 114 114 117 132 152 118 149 111 129 131 3
108 113 109 111 109 127 120 115 139 106 132 135 4
106 103 114 113 112 131 123 109 141 109 129 131 5
111 115 120 116 111 132 127 116 148 104 122 128 6
105 110 107 107 106 124 116 108 135 103 124 124 7
105 107 107 111 105 124 118 109 135 106 118 127 8
108 111 112 117 106 128 123 118 139 105 129 132 9
109 109 111 110 115 135 117 113 142 109 133 135 10
112 110 111 117 114 134 123 115 144 110 132 15000 11
Chip#4
100 100 90 98 96 93 96 99 101 102 105 95 0
111 113 105 109 106 107 106 111 114 109 116 109 1
107 104 101 108 106 102 100 106 106 103 111 102 2
113 111 111 111 106 108 109 107 116 107 113 110 3
109 107 104 110 106 103 104 107 111 106 109 106 4
106 105 101 102 100 99 103 101 107 99 108 100 5
111 110 104 109 102 108 105 109 114 109 111 109 6
113 106 100 107 104 100 106 103 111 106 109 103 7
110 105 105 110 104 99 104 105 109 106 108 104 8
107 106 100 103 101 99 100 102 107 103 104 99 9
106 106 99 105 104 99 103 104 106 102 106 103 10
107 106 100 102 104 104 99 107 106 102 108 15000 11
Chip#1
118 121 109 107 106 101 108 107 102 106 117 129 0
125 117 109 129 113 108 108 111 107 104 116 122 1
108 114 115 129 108 120 118 112 127 125 113 116 2
109 125 1501 1282 118 1744 1385 129 1532 1200 120 119 3
106 115 1468 1268 119 1117 844 115 778 579 107 109 4
109 118 123 129 117 115 119 116 122 117 110 110 5
108 118 1438 1722 126 720 755 124 747 746 118 116 6
106 117 1325 1503 119 609 654 116 443 453 108 113 7
106 115 117 129 111 121 120 113 127 132 107 109 8
107 114 114 129 115 829 936 120 754 879 120 113 9
110 114 115 129 110 521 588 117 374 474 116 124 10
110 114 113 129 110 111 108 112 108 110 115 15000 11
Chip#2
106 106 105 103 105 106 110 106 104 110 119 113 0
105 105 102 107 110 106 111 104 103 112 118 123 1
105 102 100 105 105 117 117 108 116 118 109 118 2
109 104 105 108 114 834 713 114 756 765 112 113 3
106 105 105 104 107 524 438 108 495 463 111 104 4
102 102 103 105 104 114 114 104 108 115 106 98 5
107 101 189 176 105 851 728 110 718 863 114 102 6
107 105 164 156 114 544 451 115 446 519 113 106 7
106 108 105 109 108 107 116 114 104 110 107 104 8
100 101 170 169 105 188 192 104 147 154 109 104 9
109 104 153 149 107 160 165 103 133 145 106 104 10
103 105 103 104 104 103 103 107 107 104 105 15000 11
Chip#3
109 110 109 114 118 141 127 118 149 110 135 141 0
111 107 111 110 111 126 120 112 137 107 132 124 1
109 111 117 111 108 132 114 120 134 110 120 124 2
111 109 112 113 111 129 124 116 140 110 122 123 3
113 103 108 111 114 131 120 108 137 106 129 135 4
100 105 108 105 103 126 114 110 130 105 116 121 5
99 101 112 106 97 122 112 106 131 102 112 113 6
111 110 111 110 111 129 118 112 131 106 119 131 7
111 109 118 113 112 128 131 113 147 110 127 131 8
105 106 114 113 106 122 114 109 131 104 115 120 9
108 110 108 113 109 128 117 109 135 110 125 125 10
106 106 113 107 106 128 120 110 138 109 123 15000 11
Chip#4
106 104 100 104 99 102 100 103 104 104 106 102 0
105 98 99 105 101 100 96 102 101 99 108 102 1
103 106 103 106 101 99 100 106 106 106 107 102 2
105 105 103 102 96 104 100 99 105 104 109 97 3
104 104 99 106 100 103 98 102 106 102 106 104 4
103 105 101 104 99 104 99 108 108 99 105 104 5
105 102 99 98 99 100 97 103 102 102 106 100 6
117 109 111 110 106 103 106 104 108 110 113 106 7
99 94 94 93 95 97 93 94 97 97 96 92 8
109 110 107 112 102 107 104 108 109 110 112 112 9
112 107 101 103 102 102 103 109 106 105 110 110 10
111 104 103 104 102 102 99 106 102 109 108 15000 11
Chip#1
124 124 110 129 108 108 105 112 108 107 121 130 0
128 117 113 129 108 111 107 112 106 106 110 127 1
107 114 109 129 106 117 114 111 127 120 104 110 2
102 113 1488 1274 110 1760 1375 116 1536 1196 111 107 3
105 118 1469 1270 114 1126 840 115 778 585 113 110 4
103 112 115 145 111 112 112 110 115 115 107 107 5
101 113 1429 1717 115 705 751 117 732 741 108 108 6
103 111 1326 1506 114 607 656 119 445 455 107 107 7
102 110 110 129 109 115 117 116 124 125 108 111 8
102 109 107 108 109 824 933 115 753 878 114 108 9
102 110 109 107 107 522 583 111 372 477 107 116 10
105 113 107 129 113 110 103 112 110 105 114 15000 11
Chip#2
105 102 102 104 107 104 108 106 104 108 118 110 0
102 104 99 105 107 103 110 106 100 108 114 117 1
106 105 103 109 110 118 117 108 116 118 115 118 2
106 106 98 103 105 827 715 113 757 763 103 102 3
109 110 105 109 107 526 443 113 501 472 109 102 4
96 101 96 99 98 106 102 102 102 110 97 95 5
102 99 187 174 107 850 724 111 734 856 114 101 6
105 110 165 153 114 541 452 114 448 517 110 102 7
103 106 103 107 105 108 110 114 105 106 109 102 8
105 110 173 169 111 188 191 113 149 158 113 105 9
100 104 149 144 103 157 161 106 133 143 109 102 10
96 100 102 100 103 101 105 107 100 100 105 15000 11
Chip#3
105 103 100 106 105 121 116 108 143 107 121 128 0
106 106 109 105 102 126 113 107 131 106 126 125 1
108 107 107 106 107 125 113 113 134 109 118 118 2
109 110 110 111 106 125 118 113 138 110 117 118 3
109 106 115 110 111 132 117 118 131 113 130 132 4
108 106 114 110 109 127 113 113 129 106 123 132 5
108 106 115 113 107 127 122 112 139 104 122 127 6
103 109 107 110 111 122 114 115 134 105 120 127 7
103 104 108 111 104 126 117 109 134 104 116 123 8
105 109 112 118 109 127 112 112 126 110 121 128 9
100 106 105 137 103 124 117 103 137 106 123 123 10
105 109 108 107 100 117 116 108 133 109 127 15000 11
Chip#4
105 100 94 96 92 90 95 97 99 95 104 95 0
109 104 103 104 100 104 101 103 102 106 108 105 1
103 102 101 103 99 99 100 102 105 99 111 100 2
106 99 101 104 99 104 100 104 99 104 111 106 3
97 95 94 98 95 93 92 95 93 97 104 92 4
105 106 99 100 100 103 100 101 101 103 108 103 5
106 102 101 102 101 100 100 107 106 105 101 104 6
106 101 103 104 99 99 100 100 102 98 104 100 7
111 107 100 109 104 105 105 104 107 110 114 111 8
101 98 98 99 100 97 97 103 101 105 108 99 9
107 99 100 102 102 100 100 100 101 102 107 102 10
111 112 104 109 106 106 104 111 107 111 113 15000 11
Chip#1
115 116 106 104 99 100 101 98 99 105 113 122 0
116 117 110 105 104 105 99 104 102 104 111 115 1
103 113 111 129 108 115 113 109 124 121 107 109 2
101 116 1496 1280 113 1744 1377 122 1533 1197 113 107 3
105 118 1475 1280 116 1128 844 121 782 587 111 107 4
102 115 122 129 117 115 111 112 118 117 110 110 5
98 111 1429 1717 114 697 747 113 727 732 108 102 6
102 117 1323 1514 117 608 657 116 448 457 114 107 7
99 113 115 129 110 121 119 112 124 123 110 107 8
103 114 114 116 115 833 935 116 754 878 116 113 9
99 114 110 129 109 512 580 108 365 468 110 113 10
95 109 109 107 105 101 104 103 102 100 111 15000 11
Chip#2
103 101 99 105 107 101 110 104 103 104 114 110 0
102 105 102 104 107 103 107 106 104 110 115 122 1
106 106 102 107 111 120 122 110 119 118 114 118 2
96 98 92 99 103 826 705 106 752 758 105 101 3
104 105 99 107 111 526 441 110 497 469 110 104 4
106 101 105 105 108 113 117 106 111 114 111 101 5
112 109 193 185 117 857 737 114 734 863 118 109 6
106 105 159 152 111 535 447 110 448 516 106 100 7
105 102 100 109 105 108 111 107 103 107 102 105 8
102 98 161 164 104 186 188 106 143 148 103 97 9
103 101 148 147 104 157 161 107 132 142 106 105 10
106 105 98 105 104 103 110 107 104 110 113 15000 11
Chip#3
106 106 108 107 111 125 110 109 137 107 120 132 0
105 103 105 106 103 121 108 106 125 105 120 124 1
109 106 109 110 108 131 113 108 129 109 119 116 2
108 107 110 107 108 132 120 108 138 106 124 121 3
106 108 110 106 106 135 120 112 137 103 130 134 4
108 106 112 112 108 130 116 113 133 106 123 136 5
102 102 110 111 103 129 117 108 135 102 120 127 6
112 109 107 105 106 122 110 112 127 107 121 123 7
109 107 111 112 108 127 119 115 132 110 125 132 8
108 109 120 114 106 130 120 118 135 111 127 134 9
112 106 116 113 108 132 122 110 144 107 128 128 10
113 113 118 113 108 131 117 113 135 110 130 15000 11
Chip#4
108 110 101 103 101 102 99 101 107 101 104 100 0
108 110 105 105 104 100 101 107 104 106 112 106 1
109 106 104 104 102 99 101 104 109 106 111 100 2
109 106 103 100 100 99 102 102 105 103 108 103 3
107 103 101 100 100 98 97 102 105 101 108 103 4
108 106 100 105 101 98 99 107 108 104 108 102 5
111 109 107 109 105 109 104 109 111 112 113 104 6
104 105 100 100 102 99 98 97 106 102 107 99 7
106 107 101 100 99 98 102 98 103 102 106 104 8
104 102 97 97 95 93 98 102 104 97 102 103 9
106 101 103 102 99 100 99 103 104 99 104 100 10
111 107 110 105 102 105 105 108 108 105 109 15000 11
Chip#1
120 125 113 129 104 106 104 109 104 109 121 131 0
124 119 106 107 107 104 103 105 107 107 111 120 1
107 110 107 129 111 122 113 109 128 118 113 114 2
111 118 1515 1282 121 1760 1380 126 1541 1202 111 114 3
105 121 1472 1276 120 1123 846 120 779 591 116 110 4
98 110 114 112 105 110 106 107 111 111 99 102 5
106 114 1428 1723 122 720 747 120 734 743 115 113 6
105 118 1318 1508 121 613 663 115 448 464 113 113 7
103 111 113 111 110 120 119 114 124 127 111 110 8
103 110 109 129 113 823 933 119 749 876 115 113 9
105 113 107 105 111 518 584 111 370 472 108 118 10
102 114 107 107 111 106 104 108 108 105 114 15000 11
Chip#2
106 105 105 104 107 104 112 111 103 114 117 110 0
105 102 100 103 105 103 110 110 102 106 118 121 1
100 105 105 103 104 113 116 106 114 111 111 112 2
105 104 100 100 107 824 705 111 754 752 110 106 3
107 102 105 103 108 522 436 107 498 465 107 101 4
106 100 105 108 105 111 112 106 108 114 109 97 5
105 104 193 176 111 852 721 111 718 853 115 102 6
105 106 156 145 111 531 444 113 446 505 111 105 7
112 108 111 112 113 111 113 115 108 113 107 108 8
102 102 165 165 103 179 185 106 143 148 105 102 9
107 108 158 153 108 167 168 114 136 150 113 112 10
99 97 98 96 101 99 103 102 97 101 107 15000 11
Chip#3
102 96 102 102 98 122 103 105 128 99 113 120 0
100 107 109 107 103 121 112 107 123 105 114 117 1
102 106 99 103 103 118 109 104 125 104 114 116 2
108 111 111 111 109 120 116 113 134 111 112 114 3
105 104 100 105 100 118 105 108 124 102 105 117 4
106 103 106 137 103 130 111 108 126 105 112 124 5
109 106 112 110 108 126 114 109 135 104 115 117 6
109 109 107 106 105 121 109 110 126 107 115 113 7
100 101 103 106 101 108 108 106 123 98 109 117 8
105 109 111 110 103 125 116 113 130 106 120 125 9
108 109 106 106 104 121 110 105 135 106 120 121 10
105 102 110 109 100 117 105 108 122 102 114 15000 11
Chip#4
109 108 107 109 104 104 112 108 109 105 113 109 0
108 107 104 109 102 105 103 107 107 101 113 106 1
104 105 99 102 100 102 99 102 102 101 108 104 2
109 104 105 106 106 104 105 105 106 106 111 105 3
106 107 101 105 102 107 103 105 109 106 109 106 4
106 107 104 106 106 105 106 108 111 105 112 107 5
101 104 98 103 99 98 103 103 105 102 109 102 6
115 112 111 112 106 109 107 108 112 111 117 109 7
108 105 103 106 104 103 104 104 108 106 113 103 8
106 107 103 105 101 102 103 107 111 106 114 107 9
108 104 103 104 100 102 105 103 107 103 108 106 10
106 101 97 102 99 99 98 100 102 102 109 15000 11
Chip#1
122 126 110 129 108 109 109 109 104 112 117 135 0
125 118 113 108 106 107 105 107 106 107 115 123 1
110 111 113 129 105 120 111 108 124 122 107 114 2
110 121 1515 1285 125 1760 1391 125 1546 1209 118 111 3
102 113 1474 1272 117 1119 847 113 787 592 108 107 4
94 105 114 111 108 107 107 107 111 112 96 102 5
101 117 1427 1721 119 720 756 123 735 741 110 111 6
101 109 1317 1502 113 605 656 112 445 457 110 103 7
105 111 119 129 111 121 127 111 130 132 111 110 8
107 113 111 129 116 833 948 121 758 879 118 115 9
101 110 108 107 103 513 579 106 364 470 110 111 10
95 105 106 129 102 106 102 105 102 97 108 15000 11
Chip#2
99 104 100 104 107 101 106 104 103 110 115 110 0
105 104 95 105 104 106 106 103 104 110 117 118 1
99 99 95 104 103 110 114 106 109 110 107 112 2
103 102 98 104 104 831 709 111 757 755 105 102 3
106 106 105 109 111 525 441 110 503 468 110 105 4
99 101 99 103 104 108 112 100 105 114 105 93 5
102 101 192 181 111 853 728 106 734 857 111 101 6
105 106 161 149 108 535 446 110 450 508 107 102 7
106 106 102 111 105 107 113 111 107 108 107 101 8
96 97 165 164 105 181 184 100 144 151 99 96 9
106 102 153 147 105 164 157 110 136 143 107 104 10
105 102 99 104 105 103 104 100 104 106 106 15000 11
Chip#3
99 98 103 99 98 118 102 104 121 102 111 123 0
105 107 112 137 108 122 110 113 126 107 111 121 1
100 104 102 103 101 120 108 108 122 101 114 117 2
97 99 100 96 94 107 104 104 119 99 105 110 3
102 101 103 107 108 126 112 109 130 109 117 125 4
102 99 105 105 97 124 109 104 115 102 104 116 5
103 109 111 110 105 122 116 109 134 105 114 120 6
108 109 107 106 101 122 109 108 122 105 114 120 7
106 109 112 113 100 120 119 111 127 105 120 123 8
105 99 110 113 103 124 110 106 119 105 118 117 9
106 104 105 107 98 128 118 106 137 105 117 124 10
109 107 114 107 106 127 112 116 130 107 121 15000 11
Chip#4
106 102 103 104 96 99 99 105 103 101 102 104 0
107 101 99 102 101 98 98 102 105 102 104 100 1
104 105 98 102 99 102 103 104 101 102 105 97 2
105 100 100 97 94 98 100 99 98 101 100 99 3
103 104 99 99 96 100 100 100 105 103 106 97 4
108 107 105 105 100 103 105 104 104 106 106 103 5
99 99 93 96 94 93 95 96 97 98 100 95 6
108 106 107 105 101 102 104 105 109 99 106 102 7
109 105 103 103 100 103 98 103 108 106 108 104 8
111 105 99 107 100 98 100 105 106 102 104 103 9
112 111 109 108 105 108 110 110 111 110 113 107 10
109 105 104 104 101 100 100 103 106 104 105 15000 11
Chip#1
119 121 111 105 106 102 103 107 102 109 120 126 0
122 114 104 104 108 102 103 103 102 105 111 118 1
111 115 114 113 111 124 118 116 130 127 108 116 2
107 117 1500 1277 117 1744 1386 120 1546 1205 110 110 3
110 125 1478 1282 122 1129 848 121 787 597 115 117 4
107 117 123 129 114 117 114 116 120 120 111 110 5
98 110 1422 1712 120 696 742 114 725 731 102 101 6
99 114 1323 1506 120 606 656 116 446 460 108 108 7
102 115 111 129 111 127 118 113 126 128 108 110 8
101 107 105 129 111 827 935 115 748 875 116 109 9
107 114 106 129 110 518 587 113 373 473 114 115 10
105 110 109 104 109 106 108 107 107 106 114 15000 11
Chip#2
102 100 99 101 104 101 103 106 102 108 114 112 0
102 105 99 101 103 101 107 104 98 104 114 119 1
105 106 105 105 108 117 121 106 114 116 111 118 2
106 106 106 109 114 829 712 117 755 758 111 109 3
103 105 105 105 110 519 438 111 490 463 106 105 4
100 102 103 104 104 107 112 107 106 114 106 100 5
103 95 183 170 107 841 713 107 713 847 111 101 6
106 105 167 153 113 531 447 114 447 512 109 106 7
103 102 102 100 104 101 109 106 102 103 102 102 8
107 105 171 165 107 186 192 110 150 154 109 105 9
102 102 150 137 98 158 157 106 127 138 105 101 10
106 105 108 105 105 100 108 110 104 110 110 15000 11
Chip#3
100 104 103 102 100 115 102 105 127 102 109 125 0
105 110 106 110 105 121 112 109 133 106 125 131 1
106 103 110 102 103 124 115 107 134 102 120 121 2
111 106 108 113 111 129 119 111 136 109 120 124 3
111 113 111 111 111 127 122 114 139 109 118 129 4
106 104 108 113 107 131 121 109 137 101 115 132 5
109 107 116 115 108 129 117 105 134 106 114 114 6
105 109 102 113 109 124 113 109 135 102 119 123 7
108 110 107 113 108 120 118 110 134 109 118 125 8
105 104 114 113 105 122 120 111 123 105 118 120 9
105 109 107 109 108 127 120 112 137 109 122 124 10
106 98 97 107 100 122 106 104 123 98 121 15000 11
Chip#4
110 110 105 110 105 102 107 109 106 106 112 107 0
104 101 99 106 101 100 99 103 102 106 106 102 1
106 102 103 108 98 102 98 103 102 104 105 104 2
108 102 101 109 100 107 104 106 109 104 107 99 3
103 102 105 105 100 104 101 102 103 104 108 104 4
107 106 106 110 105 105 104 108 106 110 112 106 5
109 116 107 111 107 111 104 111 112 113 113 110 6
108 107 104 108 102 109 98 104 106 106 107 102 7
113 112 107 112 101 111 107 107 109 111 109 109 8
106 105 101 106 99 102 93 105 102 105 109 103 9
105 104 99 103 96 100 97 102 102 101 107 98 10
111 107 104 106 102 104 103 105 107 106 112 15000 11
Chip#1
122 118 115 105 109 106 101 106 108 109 116 128 0
125 115 109 129 106 103 102 108 103 105 113 120 1
120 119 126 129 119 133 121 120 137 132 115 124 2
109 118 1519 1290 120 1760 1386 124 1549 1209 114 114 3
105 118 1491 1297 119 1123 849 120 784 591 113 111 4
95 107 118 129 108 112 109 112 115 115 99 106 5
103 110 1427 1711 113 698 737 113 727 736 106 106 6
111 118 1326 1509 121 608 658 117 452 458 111 114 7
106 109 121 129 110 121 120 112 127 130 110 104 8
107 114 114 129 114 831 933 120 754 875 118 114 9
105 114 110 129 108 518 587 117 369 474 114 121 10
107 113 113 129 108 108 108 108 107 106 117 15000 11
Chip#2
106 101 96 105 104 99 108 107 104 110 117 110 0
100 102 98 101 104 100 109 100 105 104 117 114 1
106 106 109 104 104 114 120 110 116 114 111 117 2
102 104 99 103 107 825 707 108 752 755 113 105 3
103 104 102 104 104 511 432 108 490 461 107 98 4
109 108 111 116 114 115 120 111 116 122 113 104 5
102 104 189 177 111 841 720 111 734 847 113 101 6
105 105 165 151 114 529 449 113 444 513 113 104 7
107 109 108 113 114 108 114 113 110 109 114 110 8
112 105 168 174 111 191 195 110 155 163 110 106 9
103 101 152 143 103 152 157 101 131 139 105 101 10
107 104 102 108 103 101 107 109 103 103 110 15000 11
Chip#3
105 103 104 104 101 121 107 107 134 102 112 127 0
103 103 105 103 104 117 108 105 125 102 116 117 1
100 106 107 106 100 121 110 102 133 102 116 114 2
111 111 117 112 117 126 121 118 138 113 120 123 3
105 107 107 106 108 129 116 112 133 104 121 128 4
102 104 105 109 105 126 112 104 125 102 116 127 5
99 98 103 107 98 127 113 102 126 98 115 111 6
113 116 116 113 115 129 122 111 135 109 119 127 7
103 105 110 113 104 122 121 110 131 103 117 125 8
109 113 115 116 114 130 120 118 130 113 126 125 9
106 110 111 109 108 132 119 108 141 106 126 129 10
100 104 108 103 103 120 109 108 130 104 120 15000 11
Chip#4
103 102 103 100 99 98 99 98 101 102 105 100 0
99 100 98 102 94 96 95 100 100 102 104 98 1
106 105 104 104 100 102 103 101 107 101 106 105 2
101 102 100 104 101 99 100 102 107 102 100 100 3
108 110 107 106 102 104 103 106 107 106 108 110 4
115 112 116 113 108 108 111 110 118 112 116 111 5
107 104 104 106 102 109 105 104 109 103 111 105 6
99 95 97 99 90 92 95 96 99 94 97 95 7
111 111 107 109 107 110 107 108 106 107 113 111 8
104 100 106 104 95 104 99 101 107 104 106 105 9
102 100 97 100 96 97 96 101 100 95 101 97 10
104 100 99 98 96 102 95 99 104 97 100 15000 11
Chip#1
122 122 115 107 104 110 106 108 108 109 121 126 0
129 118 113 129 110 110 103 107 110 107 116 123 1
111 113 115 129 113 118 115 117 127 125 115 114 2
103 116 1515 1295 113 1760 1385 122 1545 1205 114 107 3
105 120 1487 1289 117 1129 847 116 783 590 114 107 4
105 113 123 129 116 116 110 112 120 116 110 110 5
110 118 1428 1712 124 700 745 119 733 737 113 116 6
110 124 1332 1507 126 609 656 120 450 463 117 114 7
105 110 118 129 115 124 122 117 127 130 113 109 8
106 115 115 129 119 827 931 118 754 875 117 114 9
107 113 111 129 112 521 586 117 372 474 117 119 10
105 111 111 111 109 107 104 109 106 108 116 15000 11
Chip#2
103 102 99 100 103 101 105 106 105 108 118 109 0
106 106 103 108 110 103 110 106 107 107 121 118 1
106 105 109 104 107 110 114 113 112 113 114 113 2
102 102 93 99 104 815 694 104 743 745 105 101 3
109 104 103 101 107 515 433 111 491 462 114 105 4
97 101 103 100 107 113 112 97 105 113 105 100 5
108 106 190 178 110 835 715 114 710 849 114 106 6
107 109 162 152 110 529 443 113 446 503 107 100 7
103 102 103 105 105 106 110 106 104 100 103 101 8
106 104 168 168 105 185 190 107 147 152 111 104 9
96 101 150 140 101 153 156 103 135 138 106 102 10
105 101 100 100 101 103 103 103 102 98 105 15000 11
Chip#3
106 109 109 110 113 130 118 108 140 113 120 134 0
111 110 110 107 111 131 120 115 138 109 127 129 1
106 111 109 113 109 134 121 116 141 110 129 125 2
105 101 107 113 106 129 118 110 138 107 116 121 3
103 105 102 102 98 121 104 106 127 103 114 123 4
105 107 111 112 111 127 117 110 130 104 116 124 5
102 109 111 110 104 129 116 108 141 105 117 123 6
108 106 111 110 111 129 113 112 133 105 123 120 7
99 104 107 110 105 121 119 112 134 101 115 123 8
106 110 116 113 104 130 114 110 133 105 120 124 9
103 107 105 106 106 131 113 105 133 105 122 118 10
108 105 108 106 104 132 118 105 135 106 130 15000 11
Chip#4
104 96 90 97 89 98 92 95 101 97 96 91 0
108 106 101 106 99 105 99 106 107 103 111 105 1
98 96 99 104 99 96 98 100 103 101 105 102 2
102 101 94 100 98 94 97 94 101 101 105 100 3
102 102 98 99 98 99 96 100 101 103 101 99 4
108 106 99 106 102 107 101 107 105 108 114 103 5
108 99 98 98 98 99 98 101 101 98 102 103 6
104 105 103 106 99 103 98 106 107 101 105 99 7
102 99 97 102 98 100 96 97 100 99 99 97 8
110 107 104 108 105 107 105 107 111 108 114 104 9
111 111 106 113 102 107 107 110 108 106 114 106 10
108 106 101 105 102 104 105 106 104 108 109 15000 11
Chip#1
119 118 110 107 106 102 101 103 100 105 118 126 0
127 118 117 111 114 111 112 113 111 114 121 127 1
108 113 117 129 110 119 116 116 128 123 111 111 2
105 115 1521 1294 115 1760 1386 121 1547 1204 113 110 3
100 111 1489 1295 113 1121 842 113 776 583 103 103 4
98 113 114 112 104 112 109 106 111 110 103 102 5
109 118 1428 1716 128 720 742 120 747 742 117 115 6
107 117 1320 1497 119 606 652 113 442 456 111 108 7
105 113 119 129 115 125 128 117 128 133 116 109 8
106 111 110 129 111 827 930 112 747 869 117 109 9
110 113 113 129 111 519 581 112 375 470 111 122 10
105 108 106 104 104 104 103 106 102 101 113 15000 11
Chip#2
106 104 105 103 107 103 110 104 105 110 115 114 0
106 102 100 104 105 101 105 108 102 107 114 118 1
105 109 101 100 101 108 113 102 112 111 106 110 2
105 105 103 100 108 822 703 107 748 758 110 108 3
109 105 106 109 107 521 437 115 497 465 113 105 4
100 105 100 108 108 111 113 104 107 114 107 97 5
106 105 193 181 113 846 721 110 718 860 114 108 6
107 109 164 149 111 526 443 111 446 513 110 100 7
103 105 108 113 108 113 113 107 111 111 109 101 8
109 108 175 174 110 188 194 108 155 159 113 109 9
103 104 157 146 103 159 161 102 135 142 107 101 10
94 95 96 95 94 93 96 101 94 100 99 15000 11
Chip#3
102 106 109 109 108 125 114 111 142 107 120 134 0
106 99 108 101 100 124 114 109 133 105 125 128 1
103 107 103 107 98 125 110 108 127 103 122 114 2
111 104 111 109 111 131 127 112 142 109 125 123 3
105 102 107 106 100 126 116 105 123 106 120 127 4
102 102 105 106 104 128 114 109 126 101 114 124 5
106 103 108 106 98 120 108 108 127 98 115 118 6
106 106 110 105 104 122 112 108 127 107 115 124 7
106 106 110 109 106 118 120 113 135 105 115 124 8
105 101 114 111 101 125 114 106 122 102 118 116 9
106 105 111 107 101 125 117 112 138 101 114 121 10
108 106 111 107 103 124 111 108 129 105 120 15000 11
Chip#4
104 107 97 102 101 97 99 102 104 104 106 100 0
106 107 100 106 100 107 101 103 105 102 109 104 1
113 111 109 111 106 110 103 109 112 106 112 106 2
106 105 98 104 104 103 100 103 106 101 105 102 3
105 106 101 105 99 103 97 108 105 105 107 106 4
106 105 104 106 102 104 104 104 108 104 107 103 5
102 101 97 102 98 99 96 96 100 99 100 99 6
109 109 101 105 102 104 103 107 111 102 108 106 7
102 102 98 102 96 103 98 99 99 101 101 103 8
101 101 94 98 98 100 93 99 100 99 107 97 9
104 100 98 100 98 98 98 99 105 99 104 104 10
99 98 95 100 94 100 93 96 104 98 101 15000 11
Chip#1
122 118 107 101 100 100 101 101 102 104 120 126 0
127 117 110 129 110 111 109 109 108 110 115 122 1
114 113 117 129 114 121 122 117 128 125 108 115 2
114 122 1523 1299 120 1760 1392 121 1559 1210 116 112 3
110 121 1494 1302 119 1128 850 120 789 594 108 113 4
102 109 119 129 111 114 110 112 112 117 107 106 5
110 117 1433 1715 124 699 743 120 737 739 114 113 6
106 111 1320 1506 120 611 656 125 447 461 115 113 7
106 109 115 129 115 124 122 115 124 131 113 111 8
106 111 108 113 113 827 929 117 750 870 115 112 9
99 107 104 100 108 513 577 105 365 463 104 114 10
106 110 111 109 107 107 108 107 106 104 115 15000 11
Chip#2
105 104 100 108 107 103 109 106 102 107 119 112 0
106 106 100 105 107 107 112 111 102 107 121 121 1
107 106 105 104 104 117 117 107 114 116 110 112 2
113 109 108 108 113 824 709 113 750 755 114 109 3
109 108 106 108 108 515 430 115 495 460 106 101 4
105 105 106 105 107 114 113 104 108 114 107 100 5
106 104 187 180 108 835 710 107 709 847 110 97 6
110 109 164 149 111 527 443 110 444 510 110 105 7
106 102 98 109 111 107 112 107 103 108 105 102 8
107 105 165 166 108 184 187 110 145 152 111 98 9
105 102 148 148 103 156 160 104 133 145 102 102 10
105 102 102 103 103 104 109 109 103 105 105 15000 11
Chip#3
103 103 97 107 105 134 117 107 139 102 126 131 0
109 107 110 109 107 126 116 112 135 108 128 128 1
103 110 111 114 105 135 117 115 137 109 129 129 2
106 107 107 110 109 127 116 113 131 110 123 124 3
105 106 107 117 115 131 122 113 137 105 130 132 4
103 107 108 111 105 134 117 112 131 110 128 131 5
108 110 118 120 114 143 125 115 144 109 132 134 6
114 111 115 118 117 142 128 122 148 113 132 138 7
106 108 107 115 109 131 124 114 142 106 130 134 8
106 111 115 118 106 142 124 113 140 113 137 135 9
109 117 112 117 115 141 124 118 149 110 140 141 10
105 107 105 106 103 129 117 112 135 109 130 15000 11
Chip#4
106 104 101 108 101 102 97 100 104 97 105 100 0
100 99 97 102 95 98 96 101 99 98 104 96 1
117 118 114 113 112 110 107 112 116 111 117 113 2
115 111 109 111 108 103 107 109 111 109 113 105 3
105 106 101 100 101 100 96 100 104 102 100 99 4
105 107 108 109 105 105 106 110 109 104 112 104 5
104 106 101 108 99 102 98 101 108 104 105 102 6
114 109 110 110 102 104 105 107 109 109 111 107 7
99 98 97 102 98 98 95 101 97 99 105 98 8
100 99 100 100 93 97 94 100 104 101 105 100 9
106 104 107 104 101 102 99 108 107 103 109 105 10
110 110 109 112 104 111 105 108 111 106 113 15000 11
Chip#1
127 125 113 129 111 111 107 109 112 110 124 133 0
123 116 106 129 105 105 99 103 107 104 116 116 1
112 113 117 129 111 125 116 113 126 125 114 115 2
107 114 1515 1290 117 1760 1382 124 1544 1201 114 113 3
111 125 1495 1302 122 1133 850 124 789 596 114 113 4
102 118 115 129 109 114 111 112 118 117 104 106 5
103 114 1425 1714 120 696 743 115 732 737 110 113 6
99 109 1318 1492 111 600 644 111 441 452 104 103 7
111 117 125 145 117 124 126 124 135 137 116 116 8
107 109 115 112 114 833 933 121 755 874 118 112 9
101 105 104 129 102 514 571 105 363 469 107 113 10
102 109 106 107 109 106 102 107 104 102 113 15000 11
Chip#2
107 105 105 111 113 107 121 111 114 112 121 118 0
106 106 103 108 108 106 111 110 104 113 123 119 1
109 104 103 107 107 117 117 113 116 115 114 117 2
103 105 93 104 107 821 699 114 743 747 103 98 3
103 102 102 105 108 517 432 108 492 462 105 102 4
105 105 106 103 103 113 114 110 108 115 105 98 5
112 110 193 180 115 842 717 115 734 846 117 104 6
113 110 165 153 115 536 441 113 442 509 113 104 7
110 110 105 109 108 107 113 111 108 108 109 105 8
109 102 168 168 108 188 188 107 144 155 110 102 9
103 102 148 145 105 158 158 106 129 141 107 102 10
106 102 102 101 103 101 107 110 100 103 105 15000 11
Chip#3
102 106 107 106 105 126 110 105 133 104 116 127 0
102 101 97 98 100 117 106 104 122 105 112 111 1
106 106 105 106 108 124 116 112 135 105 120 123 2
105 103 103 102 103 120 114 109 130 106 112 110 3
100 102 102 100 97 119 106 106 122 97 112 116 4
102 107 103 110 107 130 120 110 134 104 122 121 5
106 105 117 110 107 128 118 110 137 106 120 118 6
112 115 109 112 115 130 119 115 134 109 120 130 7
106 106 105 111 105 124 121 108 136 106 122 128 8
106 107 112 109 105 126 120 111 131 105 119 120 9
102 99 102 102 100 124 112 101 131 99 112 113 10
106 103 108 106 103 124 105 106 127 107 118 15000 11
Chip#4
99 104 99 98 94 97 97 100 101 98 100 102 0
104 104 103 103 94 97 99 99 107 101 104 104 1
113 111 109 111 106 108 109 109 111 111 115 109 2
104 101 100 102 100 102 97 103 100 101 102 103 3
101 100 101 103 100 103 96 103 106 102 107 105 4
105 102 103 103 102 100 100 103 100 99 103 103 5
101 100 104 103 100 107 98 99 105 102 104 102 6
98 95 93 92 89 92 92 91 98 92 99 92 7
106 105 104 105 100 103 99 104 109 108 109 105 8
108 107 110 112 105 106 106 110 113 111 116 110 9
110 106 109 108 104 106 103 104 109 106 112 106 10
112 109 107 111 101 111 106 109 114 104 114 15000 11
Chip#1
118 121 111 129 106 108 104 105 104 107 120 129 0
123 116 111 107 108 106 103 104 107 105 110 122 1
114 113 121 108 110 122 119 116 131 123 116 111 2
105 117 1518 1287 119 1760 1382 120 1544 1198 106 111 3
106 119 1495 1288 120 1129 846 120 783 594 110 111 4
110 120 125 145 117 121 120 117 123 121 115 118 5
102 113 1421 1710 118 694 740 115 729 731 106 109 6
105 111 1317 1501 118 600 647 111 441 455 110 103 7
107 113 119 129 117 124 126 117 131 129 113 111 8
106 109 109 105 110 827 933 111 749 873 115 110 9
109 118 114 112 111 518 582 115 372 470 117 119 10
109 110 110 129 109 107 104 108 104 109 113 15000 11
Chip#2
106 104 103 105 107 103 106 110 107 108 114 114 0
105 105 99 104 103 103 109 106 100 106 114 115 1
113 106 109 111 110 117 125 114 115 122 114 118 2
103 102 102 109 113 820 699 113 748 752 109 100 3
107 105 105 107 108 512 433 114 488 458 111 102 4
102 98 103 107 101 107 113 104 107 108 102 96 5
107 101 191 176 114 830 715 114 707 842 117 106 6
107 105 162 157 115 530 441 114 448 507 111 104 7
108 104 102 109 111 107 115 111 107 110 109 106 8
106 104 174 170 110 185 188 110 146 157 110 105 9
102 102 151 142 103 157 161 107 133 141 102 101 10
106 105 108 107 110 101 110 108 105 106 107 15000 11
Chip#3
105 103 103 137 111 126 116 111 145 102 118 136 0
109 105 105 107 103 126 118 114 135 106 117 125 1
106 110 114 116 111 130 120 113 142 109 127 128 2
102 103 102 110 109 131 124 112 141 105 122 125 3
105 110 111 110 111 135 117 110 133 107 126 131 4
100 103 105 107 101 120 114 106 123 102 111 114 5
108 108 116 115 107 128 121 112 131 113 122 129 6
102 106 100 109 107 127 116 108 129 106 117 127 7
106 112 105 114 109 123 124 113 139 110 122 132 8
103 104 108 109 103 127 124 108 133 107 123 127 9
105 113 107 113 108 132 128 113 149 107 129 134 10
103 98 103 109 105 128 113 108 133 104 123 15000 11
Chip#4
113 104 105 110 104 103 103 105 113 105 107 106 0
104 105 103 112 106 106 101 107 107 107 113 109 1
107 102 104 105 100 105 101 103 102 101 112 103 2
116 110 109 112 112 110 109 106 108 111 117 111 3
105 104 97 105 99 103 98 102 102 103 108 104 4
112 107 104 110 106 108 107 108 109 104 114 110 5
108 105 107 112 104 104 103 103 109 109 110 107 6
104 100 98 99 92 93 98 95 105 94 104 102 7
106 102 100 108 102 97 101 107 106 103 105 103 8
108 110 111 105 106 105 104 108 105 106 112 104 9
110 104 105 108 105 107 104 102 106 105 113 104 10
106 105 99 109 101 104 97 103 105 104 107 15000 11
Chip#1
118 126 111 129 108 107 100 108 102 109 121 129 0
122 111 105 105 109 106 99 107 103 105 107 120 1
114 115 115 129 115 124 119 116 127 126 114 116 2
110 118 1524 1303 125 1776 1386 126 1551 1210 115 115 3
111 124 1494 1304 120 1133 852 121 787 602 113 115 4
107 116 125 129 113 116 111 117 116 118 108 110 5
102 110 1419 1710 115 692 735 115 723 722 108 107 6
98 106 1313 1492 111 595 643 107 441 451 104 102 7
107 116 117 129 112 124 121 114 132 130 115 115 8
98 107 105 108 109 817 926 111 747 869 113 107 9
102 105 110 129 109 514 581 111 366 474 108 115 10
103 107 109 129 105 106 102 104 102 102 108 15000 11
Chip#2
109 105 103 107 110 104 113 110 104 110 117 114 0
102 97 98 100 98 100 109 100 104 104 110 114 1
100 101 102 97 101 108 113 104 112 108 103 114 2
99 98 102 100 103 817 689 107 743 743 105 102 3
106 101 102 105 107 514 433 117 487 460 105 105 4
103 101 103 105 103 106 115 106 109 113 102 97 5
102 98 180 174 107 832 703 107 707 840 109 100 6
106 106 162 152 116 530 447 111 448 506 111 105 7
106 105 103 111 110 107 113 115 107 104 105 104 8
97 97 162 166 101 179 188 102 147 152 107 101 9
97 98 145 144 101 156 156 107 131 142 103 101 10
106 106 103 105 104 103 106 108 104 107 107 15000 11
Chip#3
111 110 108 111 120 132 123 113 149 105 119 138 0
100 106 105 102 103 122 113 99 131 103 119 120 1
100 105 105 109 112 129 117 108 138 106 135 125 2
105 106 100 109 108 125 113 106 131 105 112 121 3
109 107 111 109 108 131 115 111 129 105 132 132 4
106 107 112 110 111 131 121 107 133 104 122 125 5
105 107 117 109 105 123 117 109 135 106 121 121 6
103 104 105 110 109 124 117 110 137 105 118 129 7
105 107 103 112 106 126 125 105 141 107 120 128 8
102 106 112 110 106 117 112 109 123 102 118 120 9
100 100 100 137 106 127 117 101 137 102 115 121 10
108 107 109 137 105 123 115 112 127 107 126 15000 11
Chip#4
105 96 100 100 100 97 98 96 101 99 106 100 0
100 99 93 99 95 96 95 96 100 95 103 96 1
109 106 103 104 100 102 98 103 107 101 106 104 2
106 100 100 104 105 102 99 102 102 102 108 102 3
108 101 99 103 98 102 100 100 104 101 105 104 4
106 105 101 103 100 100 101 106 104 101 105 103 5
112 112 109 113 108 110 104 109 114 109 116 111 6
107 104 98 108 102 103 96 99 107 101 108 103 7
105 100 100 110 98 102 99 102 106 101 108 100 8
115 107 106 111 108 104 106 108 111 106 115 109 9
108 101 99 100 98 100 100 103 104 104 111 102 10
107 102 99 102 104 103 98 107 104 102 108 15000 11
Chip#1
116 118 110 111 105 105 105 107 106 109 120 125 0
124 115 107 129 102 106 99 105 98 97 111 120 1
105 105 111 129 104 117 110 112 123 120 111 111 2
103 116 1531 1290 116 1776 1377 121 1549 1215 111 109 3
106 116 1515 1303 120 1131 844 118 801 602 114 115 4
106 122 125 145 116 120 116 117 119 121 115 110 5
106 118 1420 1709 120 694 741 119 728 739 113 111 6
107 115 1325 1513 122 606 652 119 446 459 111 110 7
99 106 111 112 106 116 111 111 119 128 106 106 8
97 109 110 111 111 825 926 111 747 866 111 106 9
112 114 117 129 113 521 586 112 369 471 115 122 10
103 110 111 129 110 107 105 107 106 106 117 15000 11
Chip#2
110 109 105 108 110 104 114 117 108 112 119 117 0
96 99 98 103 98 99 103 100 98 99 113 118 1
107 102 102 103 105 111 116 114 111 114 115 113 2
107 106 105 105 111 818 704 120 749 751 111 108 3
103 105 106 104 108 506 430 110 487 454 110 102 4
109 109 108 109 113 114 122 110 112 118 107 101 5
107 104 196 181 118 835 709 118 708 845 118 105 6
102 104 156 147 108 520 431 111 436 498 106 101 7
112 110 112 112 117 108 113 114 108 108 109 106 8
105 106 171 172 110 186 192 107 149 158 109 105 9
102 100 152 143 105 157 158 111 135 141 109 106 10
107 106 111 104 103 103 110 115 104 107 110 15000 11
Chip#3
100 103 100 102 104 110 105 102 124 98 111 114 0
106 109 111 105 108 125 113 112 131 105 126 121 1
99 106 106 109 101 125 109 105 129 104 118 120 2
106 106 109 112 106 120 117 105 134 102 118 116 3
105 104 108 105 104 122 106 106 126 102 117 123 4
98 97 102 102 95 121 108 101 122 97 109 117 5
103 105 113 109 103 122 110 106 127 99 114 109 6
109 110 108 110 109 121 112 110 127 105 116 117 7
108 107 111 114 106 120 118 109 131 101 114 125 8
103 103 108 105 98 121 110 102 119 101 116 116 9
100 106 109 106 101 125 112 108 129 102 117 117 10
103 99 102 101 100 114 106 103 122 97 114 15000 11
Chip#4
107 102 100 104 100 107 100 105 104 104 113 104 0
100 95 93 97 93 93 95 101 99 95 106 95 1
109 104 103 104 104 100 105 106 102 98 112 99 2
107 101 105 108 100 103 104 108 103 104 113 102 3
110 105 100 104 105 103 101 106 104 103 111 106 4
109 105 105 106 100 99 104 108 105 103 112 100 5
106 106 105 103 101 98 104 105 104 104 111 104 6
120 117 112 115 108 112 111 111 116 111 120 109 7
110 107 110 109 107 104 106 111 109 109 115 110 8
107 104 100 102 98 99 99 105 101 101 109 104 9
100 95 93 99 93 96 93 97 97 94 101 96 10
107 109 108 104 106 108 100 109 106 108 115 15000 11
Chip#1
125 125 114 129 109 110 108 109 107 112 122 134 0
122 117 106 108 108 103 103 104 102 105 111 118 1
110 107 113 129 108 117 115 109 124 123 108 110 2
114 121 1525 1299 124 1776 1397 127 1564 1227 118 119 3
101 117 1525 1305 116 1130 849 116 791 601 111 109 4
105 114 117 129 110 110 115 111 116 117 110 110 5
100 104 1418 1703 111 688 731 105 724 730 103 101 6
103 117 1318 1506 115 603 649 118 445 455 114 111 7
103 111 115 129 111 120 118 112 128 129 110 107 8
101 110 110 105 110 826 929 113 749 872 115 114 9
97 107 105 108 105 512 576 104 364 468 111 113 10
98 105 105 103 107 106 104 107 103 102 106 15000 11
Chip#2
106 101 102 101 101 99 100 104 104 108 114 112 0
107 105 102 107 101 103 107 108 103 110 117 119 1
110 108 105 109 113 118 122 118 120 119 114 117 2
109 105 106 103 110 815 698 111 743 749 109 101 3
109 105 108 103 110 511 428 114 487 458 111 105 4
109 109 108 107 103 114 116 110 114 114 106 105 5
105 104 186 174 110 827 701 107 705 835 111 100 6
109 104 161 149 107 520 435 108 439 498 107 98 7
112 108 108 108 111 111 117 117 108 110 110 104 8
105 98 161 160 103 177 184 100 143 153 99 97 9
99 98 148 139 98 154 156 103 130 137 101 100 10
110 98 100 103 103 104 105 106 104 102 107 15000 11
Chip#3
105 106 103 137 109 127 109 105 139 105 125 125 0
103 109 107 100 106 122 111 106 131 108 122 125 1
111 107 108 110 105 122 112 109 129 105 123 116 2
99 103 108 106 104 126 124 109 139 102 122 118 3
105 102 103 104 103 121 114 109 130 103 118 124 4
108 107 113 114 115 138 122 112 137 110 132 132 5
105 111 115 110 105 121 114 111 131 107 120 124 6
112 117 116 113 120 129 120 116 137 113 127 132 7
105 107 108 112 103 126 120 112 135 105 126 128 8
106 103 108 105 100 125 112 109 127 102 126 116 9
109 111 113 107 112 134 125 116 142 109 126 123 10
111 110 112 113 112 135 121 112 135 109 133 15000 11
Chip#4
110 107 106 110 107 108 106 107 108 106 114 109 0
110 106 104 109 105 103 99 106 106 105 110 103 1
110 109 104 108 104 105 105 106 108 103 113 104 2
102 104 98 105 99 102 98 103 100 101 108 100 3
106 101 100 108 104 104 99 103 102 102 108 104 4
115 105 105 110 108 107 107 110 108 106 111 109 5
108 104 100 106 99 102 99 101 105 104 106 103 6
108 104 104 109 104 104 101 106 109 102 107 103 7
112 112 106 112 110 108 111 110 114 109 114 113 8
109 102 101 110 100 102 104 103 107 104 111 109 9
104 101 99 103 100 102 99 104 107 103 106 105 10
103 105 103 105 96 103 102 100 105 102 108 15000 11
Chip#1
123 126 117 129 108 107 107 108 106 110 124 134 0
119 113 106 129 104 102 101 105 100 105 108 119 1
110 111 117 129 105 120 115 115 126 117 108 114 2
111 120 1518 1300 119 1760 1382 125 1553 1219 116 114 3
101 110 1485 1290 114 1121 847 112 787 596 103 106 4
101 111 111 129 110 112 113 111 116 116 106 110 5
103 117 1418 1708 121 694 734 116 727 732 116 114 6
102 113 1311 1501 113 597 646 115 435 452 108 108 7
107 111 117 129 113 120 123 115 126 127 111 113 8
105 110 107 109 112 817 922 112 745 870 114 107 9
101 106 109 129 105 516 578 111 367 470 113 116 10
111 115 109 112 114 111 110 112 106 108 116 15000 11
Chip#2
103 108 102 103 105 101 108 113 104 110 115 112 0
100 101 96 103 104 103 110 103 100 100 113 114 1
105 109 108 108 115 118 120 110 115 116 114 118 2
106 104 106 104 107 815 692 113 743 744 113 104 3
105 105 109 108 107 514 428 115 489 455 109 106 4
97 100 109 105 104 114 112 101 108 113 106 101 5
100 106 186 174 110 830 704 110 706 836 111 104 6
103 106 159 149 113 520 436 115 436 494 113 104 7
109 106 111 109 108 107 112 115 104 110 111 104 8
113 109 171 166 113 188 193 114 149 159 107 105 9
103 109 152 149 107 160 162 115 135 142 107 108 10
106 102 108 105 108 104 110 107 104 106 111 15000 11
Chip#3
105 106 103 106 105 124 106 106 131 107 114 127 0
108 104 103 101 100 116 108 109 126 106 115 117 1
108 111 106 137 101 127 112 112 131 114 122 120 2
106 107 103 106 102 121 112 109 130 106 115 116 3
106 103 107 110 98 122 109 106 122 103 115 121 4
103 101 107 110 100 125 109 105 125 102 115 124 5
103 101 108 137 101 126 111 99 129 101 112 116 6
103 103 100 102 100 121 110 105 123 103 116 114 7
112 109 110 114 106 127 124 112 141 111 125 130 8
109 107 114 137 103 131 117 109 127 109 123 124 9
103 105 99 106 100 123 109 106 130 102 118 120 10
106 104 108 105 105 118 114 105 125 109 118 15000 11
Chip#4
102 104 103 104 100 105 99 104 101 105 110 102 0
101 106 99 103 96 99 97 102 104 102 105 103 1
104 101 101 102 100 102 102 104 107 102 107 99 2
107 105 99 104 98 102 100 100 104 103 111 99 3
107 105 104 105 104 102 104 106 108 103 110 106 4
115 115 109 109 105 110 107 110 112 110 113 109 5
111 107 104 110 101 104 107 106 107 105 113 109 6
110 102 103 111 105 107 104 104 108 109 112 107 7
105 101 97 102 96 98 98 100 99 101 105 98 8
99 98 95 99 93 94 96 99 102 97 105 98 9
116 110 104 110 105 105 105 103 109 105 113 111 10
104 99 94 100 99 98 97 96 98 99 102 15000 11
Chip#1
115 115 105 99 100 101 101 103 99 104 118 127 0
118 110 106 107 101 98 102 105 102 105 108 120 1
116 118 118 129 114 121 119 116 132 127 118 122 2
103 110 1515 1287 115 1776 1386 118 1555 1210 113 111 3
110 119 1496 1305 119 1132 852 121 797 606 117 115 4
106 111 121 129 113 115 113 115 119 122 115 115 5
102 110 1420 1711 115 690 736 111 723 732 108 103 6
102 111 1314 1497 115 600 652 113 443 452 106 110 7
105 111 117 129 108 122 123 116 130 132 113 115 8
103 110 114 129 106 821 929 109 747 869 118 113 9
105 109 106 107 104 513 575 106 368 468 111 115 10
107 111 111 112 113 109 107 111 110 110 116 15000 11
Chip#2
105 102 105 108 107 103 106 110 104 112 118 113 0
102 100 99 101 103 103 106 104 102 107 113 119 1
102 100 102 103 104 114 113 108 111 116 107 112 2
102 104 98 99 103 818 696 106 734 743 105 101 3
100 101 105 105 111 500 432 108 489 457 110 101 4
100 102 105 108 107 111 117 104 108 115 107 101 5
99 100 186 174 110 824 700 108 700 830 110 102 6
105 105 162 148 107 521 433 110 440 503 105 100 7
102 101 104 104 105 104 111 111 99 105 107 102 8
102 105 170 164 108 182 184 107 149 154 103 101 9
100 102 150 148 103 159 160 104 131 138 103 101 10
103 104 103 104 103 97 109 108 100 102 109 15000 11
Chip#3
105 101 100 104 100 123 111 104 131 105 110 128 0
106 103 102 102 100 121 108 108 126 104 116 118 1
106 106 103 106 100 121 106 109 125 105 116 116 2
105 104 108 110 104 118 117 108 134 106 120 120 3
106 104 108 105 106 126 120 108 134 109 121 128 4
105 105 110 109 104 126 114 113 126 109 117 127 5
109 106 117 113 111 127 116 112 133 106 117 127 6
105 103 105 106 103 118 109 109 121 102 115 120 7
102 103 100 105 94 111 116 106 127 97 111 121 8
108 104 113 110 101 132 124 116 134 110 129 131 9
102 103 107 106 104 125 121 112 139 106 124 122 10
103 96 102 103 97 117 108 106 122 103 111 15000 11
Chip#4
102 101 97 99 92 96 98 95 102 97 97 98 0
110 102 104 108 101 105 100 103 103 107 108 99 1
108 108 109 103 102 100 103 108 108 102 108 103 2
107 101 95 102 98 98 97 99 104 101 105 103 3
101 101 94 97 94 98 95 100 100 97 100 98 4
107 101 100 104 99 99 98 102 99 101 107 103 5
106 104 99 106 96 100 96 102 105 101 107 100 6
107 105 100 102 95 101 97 95 101 97 103 99 7
109 105 100 103 98 102 103 103 109 102 102 104 8
106 99 100 100 102 97 97 103 105 103 107 102 9
108 109 105 111 108 103 101 105 108 105 112 107 10
109 102 103 107 102 100 101 103 107 104 107 15000 11
Chip#1
128 124 113 112 113 107 111 116 110 111 129 131 0
127 118 115 145 110 110 107 109 107 110 116 127 1
110 109 118 129 108 122 115 111 127 123 115 114 2
107 117 1515 1282 118 1744 1384 124 1552 1210 115 113 3
112 127 1515 1303 127 1134 852 123 804 607 120 118 4
110 115 125 129 113 121 115 119 122 123 117 115 5
107 118 1419 1714 125 695 742 119 729 739 117 115 6
99 113 1312 1500 120 601 644 117 443 450 111 110 7
110 113 115 129 113 122 121 114 126 130 116 114 8
103 107 107 129 108 822 917 109 747 865 115 111 9
110 112 109 129 110 518 577 114 365 469 116 118 10
105 107 111 109 108 111 103 108 103 102 117 15000 11
Chip#2
107 109 109 108 110 106 111 114 105 108 119 115 0
109 101 106 104 107 101 109 111 105 107 115 119 1
113 110 111 107 114 121 126 111 118 116 118 118 2
100 101 103 101 110 816 700 118 743 743 107 105 3
106 100 109 104 107 499 433 117 487 453 113 104 4
100 104 103 104 103 108 114 104 110 108 103 95 5
107 105 193 182 118 832 707 114 734 837 117 105 6
99 100 158 149 104 521 436 107 436 494 106 93 7
103 102 108 109 105 104 110 107 105 103 105 98 8
107 102 164 165 110 184 188 111 149 152 107 100 9
102 105 155 147 104 162 161 108 140 141 102 106 10
105 101 103 103 105 103 107 115 111 104 107 15000 11
Chip#3
105 103 100 105 106 125 109 109 130 107 117 125 0
105 105 107 109 103 126 117 114 137 105 125 127 1
109 113 111 109 106 135 121 113 137 110 121 124 2
106 107 107 111 106 126 118 116 134 109 120 116 3
106 110 112 107 110 132 118 117 133 111 132 134 4
103 101 107 109 107 129 121 108 130 106 122 128 5
106 107 112 114 106 130 128 111 139 109 126 127 6
109 106 102 101 102 126 112 109 127 106 118 123 7
102 106 100 111 101 125 121 108 138 104 125 128 8
108 106 117 114 105 134 121 111 131 106 127 131 9
105 107 103 109 108 131 121 110 137 107 129 135 10
105 103 109 137 103 126 119 113 135 109 131 15000 11
Chip#4
111 101 103 111 99 99 105 106 106 105 111 107 0
105 111 107 106 105 105 105 106 108 106 109 109 1
115 113 110 110 110 109 111 111 114 109 114 114 2
107 110 104 104 104 105 104 104 107 104 108 105 3
109 109 105 104 104 105 101 107 106 106 113 106 4
105 106 100 108 105 100 105 109 108 102 107 103 5
110 102 101 108 105 108 104 106 107 109 110 105 6
101 100 99 104 98 100 101 103 104 101 106 102 7
109 105 101 105 102 102 103 101 105 105 104 102 8
107 102 97 104 98 96 96 95 101 101 107 104 9
108 109 105 105 101 104 105 108 108 104 111 109 10
110 104 106 106 102 105 97 104 104 108 109 15000 11
Chip#1
123 122 111 107 108 110 107 106 104 110 121 126 0
124 121 109 129 113 101 104 108 103 106 114 120 1
110 113 113 129 110 125 118 115 123 125 111 119 2
111 124 1519 1295 122 1776 1394 129 1569 1224 120 120 3
111 125 1519 1302 121 1131 857 125 798 611 117 118 4
107 118 125 129 115 117 111 119 119 122 114 112 5
112 124 1418 1718 122 698 742 124 732 738 116 114 6
107 118 1319 1509 122 605 654 119 452 462 114 111 7
99 109 114 129 113 122 119 109 127 126 104 111 8
105 110 107 112 106 821 923 115 744 867 111 110 9
110 116 111 129 111 522 580 114 370 474 116 125 10
109 113 110 112 109 108 107 109 107 107 115 15000 11
Chip#2
100 102 95 105 105 100 105 108 107 108 111 109 0
99 101 95 97 103 103 103 102 98 104 113 115 1
103 105 103 105 107 115 117 111 114 118 110 114 2
106 102 102 105 111 818 700 113 743 748 106 108 3
113 108 106 107 114 517 432 117 488 457 113 104 4
105 104 106 108 107 113 114 113 107 112 103 98 5
100 101 183 174 104 824 706 110 702 840 109 98 6
103 101 156 147 108 521 431 108 436 499 102 98 7
112 104 102 107 110 110 110 110 108 104 110 106 8
106 98 158 161 105 184 185 109 143 150 106 97 9
105 102 149 141 104 158 160 103 134 138 106 99 10
102 95 100 99 101 101 102 103 99 100 99 15000 11
Chip#3
102 103 103 101 97 122 105 102 127 102 109 121 0
105 111 108 105 103 121 111 110 128 106 121 122 1
103 101 107 101 100 121 106 106 125 106 114 113 2
109 109 111 110 112 127 118 116 133 107 124 120 3
103 103 102 98 98 114 100 104 115 101 105 113 4
103 106 107 106 106 128 113 108 127 107 115 125 5
105 105 113 106 107 128 113 109 131 105 114 122 6
106 106 105 102 109 121 114 107 130 105 113 127 7
106 110 113 111 106 125 121 114 138 102 120 132 8
108 113 115 110 117 130 119 118 134 109 122 128 9
106 109 111 103 108 126 118 108 135 110 122 127 10
100 101 102 101 100 119 110 105 124 101 115 15000 11
Chip#4
106 102 101 109 102 106 101 107 105 104 107 102 0
107 107 101 106 100 103 104 108 107 106 108 106 1
101 95 97 96 96 96 95 101 100 99 104 98 2
105 101 101 99 98 102 99 104 104 103 107 100 3
104 112 105 108 105 105 104 108 108 106 116 103 4
107 108 104 105 102 106 104 108 112 107 109 102 5
104 99 100 102 98 97 97 103 104 101 104 100 6
107 100 100 105 100 99 98 104 112 105 107 100 7
106 102 103 106 100 103 101 101 108 108 107 103 8
106 106 104 104 102 102 100 106 109 105 111 100 9
112 108 110 109 106 111 107 115 114 110 114 110 10
101 105 100 102 98 103 97 104 104 99 106 15000 11
Chip#1
118 122 113 109 105 105 109 109 106 108 125 133 0
124 119 111 108 105 107 104 109 106 102 115 123 1
112 111 115 129 111 120 120 112 131 121 116 115 2
111 115 1515 1291 119 1760 1386 125 1565 1212 117 114 3
106 115 1488 1294 119 1134 847 116 794 598 114 113 4
99 109 113 129 108 114 107 107 112 112 107 106 5
103 113 1420 1711 119 689 735 112 723 727 114 113 6
98 105 1311 1500 115 598 643 109 439 448 106 107 7
102 106 110 113 113 116 118 112 124 122 107 107 8
102 106 111 129 110 826 930 111 750 872 116 111 9
103 106 106 104 105 513 580 107 366 463 106 114 10
103 107 104 113 105 107 106 110 107 104 115 15000 11
Chip#2
106 102 96 103 103 99 109 110 99 108 114 112 0
106 108 99 104 110 108 109 111 103 106 119 122 1
103 101 100 101 104 114 116 110 112 115 106 119 2
100 102 95 99 107 815 693 111 743 744 102 101 3
102 100 98 104 107 512 428 114 488 454 103 102 4
103 104 102 109 107 115 114 106 108 115 103 101 5
102 104 183 176 104 822 696 110 711 832 107 102 6
105 104 159 152 111 524 434 110 433 497 113 102 7
105 101 102 104 110 107 113 107 102 104 105 100 8
106 101 167 164 108 186 193 106 147 157 103 106 9
103 108 153 143 107 161 161 104 136 146 106 102 10
103 104 102 101 103 103 102 107 100 104 107 15000 11
Chip#3
103 104 102 105 105 114 105 108 125 106 112 120 0
108 104 108 103 105 126 116 112 132 105 125 121 1
105 107 102 103 104 124 113 106 130 102 114 111 2
105 107 108 109 109 127 123 111 140 105 120 118 3
105 109 108 105 108 126 120 109 135 103 125 127 4
106 108 107 107 104 129 116 104 130 103 115 121 5
105 109 114 114 108 131 122 110 134 109 126 123 6
106 109 102 103 108 127 110 104 127 101 129 124 7
108 109 107 109 100 118 118 108 130 105 117 124 8
108 107 111 111 103 129 121 112 126 107 127 125 9
106 110 107 107 104 121 112 105 129 106 121 116 10
103 103 106 137 105 126 113 108 133 105 123 15000 11
Chip#4
95 90 90 95 88 89 90 89 94 90 93 91 0
105 102 100 105 99 99 99 103 105 103 107 100 1
106 107 103 106 101 98 103 102 107 106 109 109 2
102 104 97 106 99 99 99 100 98 104 105 102 3
104 105 101 106 104 102 99 99 107 102 106 104 4
105 101 99 107 95 102 101 100 104 96 105 104 5
101 101 103 106 101 103 103 103 105 102 107 103 6
105 99 100 104 99 102 107 100 106 103 106 102 7
104 105 98 104 95 102 100 97 102 103 100 98 8
108 106 99 107 100 102 100 101 108 103 109 105 9
105 99 97 102 98 100 99 103 102 99 105 105 10
105 104 98 105 98 107 103 101 104 104 105 15000 11
Chip#1
122 124 110 129 108 106 103 108 106 112 121 133 0
127 121 114 129 113 111 109 111 106 110 114 129 1
111 110 113 129 106 117 115 108 126 122 111 111 2
112 124 1515 1292 121 1776 1388 127 1563 1217 116 115 3
107 118 1482 1295 115 1129 845 115 797 603 108 111 4
106 116 119 145 112 114 112 112 115 118 110 106 5
105 111 1418 1714 115 691 736 112 723 737 110 109 6
103 117 1321 1500 119 597 655 116 450 453 111 110 7
105 114 114 129 113 124 125 113 132 132 111 111 8
102 109 111 129 110 822 929 117 747 874 118 113 9
103 111 107 129 108 512 575 107 365 468 113 116 10
102 107 109 104 108 108 103 105 103 106 118 15000 11
Chip#2
107 106 102 103 108 104 108 107 103 115 121 115 0
103 99 99 105 105 104 109 102 100 102 117 117 1
105 104 98 105 107 115 113 104 107 112 109 112 2
109 105 99 103 110 816 694 113 743 751 110 104 3
103 104 102 103 110 515 432 113 491 457 110 101 4
102 101 99 101 104 110 109 100 102 110 101 97 5
107 105 187 173 114 825 701 108 703 832 113 102 6
100 99 150 143 105 517 430 106 434 494 105 92 7
103 102 100 100 103 104 101 107 102 102 101 96 8
106 104 167 164 103 182 184 107 146 149 105 101 9
100 100 150 141 103 154 156 101 131 135 103 100 10
106 106 104 104 104 106 110 106 102 101 110 15000 11
Chip#3
105 106 105 103 104 121 108 108 130 106 115 124 0
103 102 97 94 95 111 99 106 116 101 109 110 1
102 106 99 99 101 121 106 105 122 105 120 106 2
109 103 112 110 103 120 116 112 130 107 114 118 3
105 104 103 98 104 120 114 107 126 102 115 120 4
109 111 111 110 109 136 125 112 131 103 122 128 5
108 106 111 109 105 124 121 107 134 106 120 120 6
111 110 103 107 115 121 116 109 136 107 121 125 7
102 106 108 109 104 117 117 104 133 102 114 118 8
106 107 113 107 103 127 116 108 126 106 121 123 9
113 113 115 111 115 135 125 116 144 110 132 134 10
108 102 105 102 101 120 108 106 123 102 118 15000 11
Chip#4
97 89 94 93 88 90 93 92 97 92 101 93 0
108 107 106 106 105 102 105 108 108 104 110 106 1
102 104 104 102 102 102 96 103 105 102 108 102 2
106 102 104 102 105 104 102 107 107 103 108 107 3
104 108 105 104 101 103 102 103 109 103 113 105 4
110 107 106 108 106 105 101 107 107 106 108 103 5
108 111 106 110 105 105 109 109 112 105 113 107 6
107 100 103 104 99 99 100 103 105 103 108 102 7
115 115 115 115 111 115 109 115 116 112 113 112 8
106 105 101 99 98 103 98 100 105 99 109 104 9
104 104 103 105 100 98 99 102 101 102 102 100 10
94 94 94 97 90 92 91 95 99 95 96 15000 11
Chip#1
127 122 115 129 114 112 110 113 114 113 125 135 0
123 114 105 115 109 110 102 109 106 106 115 123 1
110 110 114 129 109 117 115 112 124 123 114 111 2
105 119 1503 1295 119 1760 1388 121 1560 1219 116 113 3
105 118 1487 1293 120 1131 847 117 800 603 111 111 4
102 113 113 129 108 111 107 108 118 117 104 107 5
100 113 1414 1702 119 687 736 113 720 727 110 106 6
105 114 1317 1508 118 598 652 111 442 453 113 109 7
107 113 118 129 116 125 121 118 132 130 115 116 8
102 111 110 129 113 823 926 113 747 870 118 113 9
112 118 115 129 111 513 583 117 379 472 116 120 10
101 103 106 129 102 105 102 105 103 104 113 15000 11
Chip#2
100 97 96 97 98 99 105 104 96 104 110 106 0
99 101 96 96 103 99 103 103 96 100 110 115 1
99 101 95 100 100 108 113 104 105 106 106 110 2
105 102 99 105 108 817 701 107 734 749 110 106 3
103 102 102 105 105 499 430 108 489 460 107 104 4
103 105 108 101 103 113 117 107 103 112 107 99 5
99 102 184 170 104 824 694 104 701 831 103 97 6
109 110 170 157 116 530 441 121 441 505 114 105 7
113 108 109 109 117 115 120 111 108 108 110 108 8
103 98 165 161 105 184 185 104 144 154 105 100 9
106 108 150 145 108 160 161 107 135 136 109 104 10
99 98 98 100 98 99 109 103 94 100 101 15000 11
Chip#3
109 111 115 111 117 135 120 118 148 111 133 146 0
112 110 109 137 109 130 123 116 141 105 132 138 1
106 107 114 114 109 137 121 115 144 110 129 130 2
102 104 107 137 111 126 121 110 139 102 116 125 3
103 101 108 103 104 124 112 109 130 103 121 128 4
111 112 114 110 105 131 124 112 140 109 123 131 5
102 108 111 106 100 125 116 109 132 102 124 122 6
112 113 112 114 115 127 118 117 135 110 123 136 7
108 111 108 107 101 120 125 108 135 105 125 132 8
105 106 113 111 104 129 124 110 137 102 128 125 9
108 111 117 116 112 135 124 113 144 110 133 128 10
106 101 110 101 98 118 112 108 126 104 115 15000 11
Chip#4
103 105 95 102 96 96 94 100 101 101 105 102 0
100 102 99 104 100 99 100 103 102 101 105 103 1
106 104 99 102 99 98 99 101 99 99 106 97 2
101 104 101 100 99 98 97 97 98 103 102 99 3
105 104 101 102 98 100 95 101 100 101 106 102 4
104 107 103 106 101 100 103 105 104 104 109 106 5
107 107 103 109 102 102 106 109 108 107 111 107 6
104 107 105 108 102 102 103 103 106 102 105 102 7
101 107 104 106 99 98 100 103 104 104 107 102 8
110 106 104 109 101 102 101 105 111 105 111 105 9
108 109 109 104 105 107 101 107 106 103 111 106 10
112 108 106 110 105 106 104 108 112 105 112 15000 11
Chip#1
127 126 115 129 110 107 104 113 107 113 125 135 0
123 117 106 108 106 103 102 104 104 106 111 124 1
107 106 111 129 110 120 109 107 126 121 108 113 2
107 115 1515 1283 116 1760 1390 120 1561 1218 114 114 3
115 121 1491 1297 123 1134 851 121 804 611 117 116 4
107 113 121 129 111 117 114 111 120 123 107 114 5
105 113 1420 1706 122 690 736 115 727 729 115 114 6
110 117 1320 1507 121 608 653 121 450 461 117 115 7
102 111 113 113 110 121 119 113 124 131 113 114 8
101 109 101 129 111 821 926 108 747 873 110 110 9
107 110 114 129 109 517 577 112 364 469 111 120 10
103 105 105 129 105 106 105 104 99 105 114 15000 11
Chip#2
106 104 102 107 110 103 110 108 103 111 113 114 0
99 104 100 100 105 103 109 102 99 102 115 115 1
100 104 96 100 100 114 117 106 110 112 107 114 2
105 104 102 101 110 816 696 111 734 749 102 105 3
104 110 108 109 115 521 432 111 492 458 111 106 4
103 100 108 108 104 113 117 104 105 111 107 100 5
99 99 183 174 111 827 704 106 702 832 109 95 6
102 101 155 148 104 517 428 107 432 497 106 96 7
97 98 99 101 107 100 105 101 100 100 101 98 8
99 104 167 166 104 185 189 106 143 152 102 98 9
97 98 146 138 101 157 156 100 128 136 101 101 10
105 105 102 100 104 100 107 108 103 103 110 15000 11
Chip#3
106 102 108 110 104 125 109 108 133 105 118 127 0
103 103 103 105 104 117 116 110 130 105 120 127 1
108 101 102 106 103 128 109 109 130 105 115 121 2
103 106 100 137 102 120 117 113 136 106 114 124 3
111 111 109 109 106 127 118 116 134 107 127 135 4
102 101 106 111 105 125 120 110 123 109 118 125 5
103 107 109 109 105 128 120 108 136 105 122 123 6
105 107 103 106 106 125 114 109 127 104 115 120 7
103 101 99 102 100 118 120 102 128 101 117 125 8
103 102 107 111 101 126 113 108 122 104 120 120 9
105 103 103 105 109 129 114 106 134 103 125 124 10
111 107 111 107 104 129 120 109 137 107 124 15000 11
Chip#4
102 99 100 103 101 98 102 101 103 101 107 102 0
104 104 101 103 102 103 99 100 105 103 106 99 1
111 106 107 106 107 106 104 109 111 110 112 111 2
104 107 103 104 100 102 99 101 104 104 102 104 3
107 110 107 105 106 108 103 110 109 105 112 107 4
102 99 101 102 101 93 97 100 100 101 102 97 5
105 107 100 105 104 104 101 102 107 108 108 104 6
106 104 104 106 102 107 99 101 105 106 105 103 7
99 100 92 98 98 96 100 101 99 98 100 97 8
96 98 95 99 93 90 97 96 97 96 101 95 9
99 104 104 102 100 99 97 102 98 98 101 100 10
106 102 98 102 96 98 97 96 101 98 105 15000 11
Chip#1
119 121 105 105 105 104 104 103 103 107 121 129 0
129 117 110 129 110 111 105 107 106 106 111 123 1
110 109 118 129 109 120 114 111 126 123 113 114 2
106 111 1513 1295 118 1760 1385 117 1559 1221 113 115 3
107 113 1493 1292 117 1131 847 112 801 607 110 111 4
107 117 125 129 117 116 116 112 118 121 113 118 5
105 107 1412 1698 117 685 739 116 719 731 108 107 6
105 113 1317 1506 119 605 653 115 442 458 113 111 7
105 105 109 129 111 114 115 109 128 127 107 106 8
101 103 99 107 106 816 920 105 747 867 113 104 9
103 106 111 105 108 512 575 109 366 467 113 116 10
102 106 105 111 107 106 106 109 106 106 116 15000 11
Chip#2
105 101 100 104 101 101 105 104 104 107 114 110 0
100 108 102 104 104 103 111 104 105 104 115 115 1
106 102 102 101 105 117 117 111 112 111 110 113 2
107 104 102 104 110 817 695 113 743 751 110 105 3
104 105 102 103 107 512 432 108 487 458 111 104 4
105 101 106 105 108 111 116 103 105 113 106 100 5
106 104 186 176 111 829 698 108 702 837 115 104 6
103 102 158 151 108 520 433 108 435 498 105 101 7
105 102 106 108 110 111 116 107 106 107 107 104 8
105 99 165 163 104 184 184 110 143 152 105 100 9
102 101 149 140 100 156 162 106 128 142 101 98 10
99 101 103 101 105 104 110 106 104 106 107 15000 11
Chip#3
105 106 111 106 105 131 113 108 140 105 125 132 0
111 111 105 106 106 128 120 108 141 106 125 129 1
102 103 105 102 101 125 113 106 133 105 122 124 2
103 103 107 106 109 127 118 109 137 105 117 120 3
100 98 96 102 98 120 105 101 125 98 114 121 4
105 102 108 107 108 127 117 110 133 104 121 131 5
108 103 111 112 109 132 117 109 137 107 124 132 6
109 107 107 105 105 125 118 113 135 102 120 120 7
111 108 111 110 106 124 121 109 135 109 120 125 8
112 109 117 112 107 129 121 112 131 109 123 127 9
105 107 111 115 110 128 121 112 138 106 121 129 10
108 105 111 105 110 129 117 106 135 101 127 15000 11
Chip#4
108 108 105 105 100 99 100 102 107 102 108 107 0
100 102 89 100 93 97 96 101 100 97 104 99 1
109 110 104 106 110 108 105 108 112 105 109 106 2
97 99 95 99 96 99 97 97 100 99 100 97 3
103 106 99 102 98 102 98 102 101 101 104 99 4
109 116 106 112 108 109 107 110 111 109 116 110 5
102 102 97 98 96 100 97 100 104 102 101 99 6
107 104 100 102 101 104 100 102 111 104 111 106 7
108 106 100 104 99 106 103 103 109 105 108 99 8
109 112 108 110 106 109 105 107 112 106 112 107 9
112 105 106 104 106 105 105 108 109 102 104 107 10
102 102 99 104 96 100 98 99 104 99 108 15000 11
Chip#1
122 118 113 107 108 107 108 111 107 109 122 132 0
125 117 107 103 110 106 103 109 106 109 116 124 1
110 116 114 129 111 121 118 111 128 121 111 114 2
108 114 1515 1290 119 1760 1393 125 1568 1228 115 111 3
102 114 1486 1291 115 1124 846 117 804 603 111 113 4
105 114 118 113 113 112 110 112 118 117 108 112 5
102 113 1408 1708 113 689 735 115 718 726 108 108 6
106 117 1321 1505 121 602 653 122 445 458 116 113 7
101 113 118 129 110 121 120 114 128 133 116 111 8
107 110 110 129 110 820 922 115 747 869 117 114 9
105 111 107 129 111 513 579 113 369 474 114 122 10
105 111 111 109 110 108 109 115 108 110 118 15000 11
Chip#2
107 105 108 108 107 104 114 110 110 114 119 117 0
100 98 99 99 101 100 107 103 99 102 115 113 1
102 101 103 101 105 114 117 106 110 115 111 116 2
106 102 105 101 113 807 695 113 743 743 114 101 3
110 109 109 108 111 516 433 120 488 460 115 108 4
112 105 113 108 113 118 118 111 110 119 110 105 5
99 95 183 168 108 826 698 107 696 826 111 100 6
107 108 162 151 107 522 438 114 432 500 113 101 7
103 99 98 104 104 107 107 106 103 104 106 100 8
105 105 167 166 108 188 193 106 154 152 110 104 9
105 102 153 149 107 162 169 107 135 143 111 105 10
106 104 102 105 105 107 109 109 100 106 113 15000 11
Chip#3
103 103 103 102 102 121 106 105 134 105 118 124 0
106 104 100 102 101 118 105 108 126 101 112 116 1
106 101 107 103 104 122 108 112 123 105 115 113 2
106 103 102 103 107 124 120 108 135 103 121 118 3
111 106 103 107 102 124 113 108 125 102 115 127 4
108 110 114 114 111 128 116 111 131 109 118 124 5
100 101 108 105 97 122 113 108 129 101 116 113 6
112 108 105 107 106 122 114 110 130 103 118 118 7
109 106 111 110 106 125 123 112 139 106 123 128 8
110 108 110 109 103 127 115 113 131 105 121 127 9
106 107 107 105 109 130 116 108 137 105 123 118 10
109 104 108 103 106 124 114 108 130 105 122 15000 11
Chip#4
107 104 99 99 101 98 98 99 105 101 111 100 0
101 105 95 99 98 99 95 97 105 103 106 105 1
112 110 111 115 110 109 105 111 111 108 118 106 2
108 105 101 104 102 102 99 106 105 104 105 106 3
108 110 100 103 104 104 104 104 105 105 106 104 4
104 112 104 104 106 104 105 106 104 108 113 103 5
106 101 101 103 99 103 100 100 104 102 106 98 6
109 107 105 104 100 104 104 104 102 103 106 102 7
109 107 104 110 102 104 104 109 108 107 110 106 8
106 101 101 102 98 100 98 101 105 101 111 100 9
104 101 98 97 94 96 97 99 99 101 106 104 10
100 101 95 97 98 94 90 99 97 97 105 15000 11
