
DEF 18823092 {
Version {
0x2
}
Kb {
-0.099, 22.286, -0.132, -5.633, 1.855, 1.176,
-0.125, 73.074, -0.179, 94.582, 1.562, -2.507,
-0.446, 52.856, -0.566, 104.550, 2.272, -5.322,
-0.264, 2.369, -0.251, 33.036, 2.459, 1.304,
-0.078, 14.017, -0.044, 7.349, 1.796, 1.165,
-0.062, 13.227, -0.094, 23.382, 1.006, 1.481,
0.228, -1.927, 0.275, -44.987, 1.517, 6.912,
-0.112, -0.502, -0.156, -20.244, 1.362, 7.388,
-0.150, 11.842, -0.234, 53.882, 2.285, 0.031,
-0.440, -13.646, -0.257, -17.656, 2.212, -5.841,
0.182, -14.645, 0.280, -65.757, 1.448, 6.276,
-0.442, 67.163, -0.452, 66.791, 2.918, 0.000
}
Fpn_lg {
89.111, 196.111, 186.361, 122.306, 181.528, 51.000, 82.333, 43.167, 165.528, 153.028, 150.444, 132.583
}
Fpn_hg {
108.500, 216.000, 204.972, 143.472, 203.472, 71.417, 103.333, 62.833, 185.972, 172.361, 170.472, 154.083
}
AutoV20_lg {
0x8
}
AutoV20_hg {
0xa
}
Rampgen {
0x71
}
Range {
0xf
}
AutoV15 {
0x4
}
Temp_calib {
29.500, -27.094, 0.000, 0.000, 0.000, 0.000, 0.000, 0.000, 0.000, 0.000, 0.000, 0.000
}
}

DEF 18823100 {
Version {
0x2
}
Kb {
-0.280, 55.674, -0.234, 60.674, 3.933, 0.177,
0.020, 38.136, 0.041, 70.888, 3.757, -15.553,
0.119, 21.856, 0.147, 10.850, 2.369, 2.626,
-0.112, 5.927, -0.028, 5.175, 2.521, 3.097,
-0.093, -16.706, 0.054, -19.780, 2.484, 6.557,
0.278, -36.570, 0.413, -50.129, 2.399, 9.379,
0.307, 9.626, 0.411, -6.370, 2.370, 10.358,
-0.220, -11.060, -0.148, -36.543, 2.968, 3.837,
0.060, 21.269, 0.064, 23.407, 3.119, -5.325,
0.195, -12.326, 0.244, -6.917, 2.369, 3.997,
-0.343, -18.509, -0.207, -30.042, 3.091, -10.684,
0.065, -51.259, 0.146, -53.260, 2.976, 0.000
}
Fpn_lg {
421.972, 454.500, 372.611, 374.611, 275.250, 349.639, 311.250, 325.722, 434.028, 400.389, 300.194, 384.611
}
Fpn_hg {
438.444, 471.500, 387.472, 389.389, 291.361, 365.583, 327.278, 341.722, 449.639, 416.278, 315.111, 400.389
}
AutoV20_lg {
0x8
}
AutoV20_hg {
0xa
}
Rampgen {
0x99
}
Range {
0xf
}
AutoV15 {
0xc
}
Temp_calib {
29.500, 0.389, 0.000, 0.000, 0.000, 0.000, 0.000, 0.000, 0.000, 0.000, 0.000, 0.000
}
}


DEF 18823098 {
Version {
0x2
}
Kb {
0.162, -55.929, 0.163, -32.667, 1.982, 3.986,
-0.137, 68.153, -0.182, 108.900, 3.206, -6.470,
-0.045, -12.191, 0.023, -36.139, 3.300, -0.645,
0.204, 4.836, 0.223, 15.471, 2.780, -8.822,
-0.208, 42.553, -0.195, 89.235, 3.135, -5.489,
0.042, 17.834, 0.072, 34.980, 2.863, 0.000,
-0.045, 42.611, -0.042, 94.179, 3.386, -8.031,
0.157, -39.444, 0.240, -11.891, 2.556, -3.366,
0.176, 9.787, 0.278, -13.360, 3.164, -7.018,
0.119, -34.946, 0.171, -54.116, 1.891, 5.532,
0.330, -41.408, 0.388, -26.361, 2.128, 3.193,
-0.189, 39.797, -0.250, 38.009, 3.606, 0.000
}
Fpn_lg {
47.194, 144.917, 131.111, 159.778, 210.722, 259.611, 151.083, 195.556, 142.250, 94.111, 93.528, 182.500
}
Fpn_hg {
61.333, 160.111, 147.139, 174.556, 226.472, 273.806, 165.556, 210.778, 158.083, 112.194, 111.000, 199.722
}
AutoV20_lg {
0x8
}
AutoV20_hg {
0xa
}
Rampgen {
0xba
}
Range {
0xf
}
AutoV15 {
0x5
}
Temp_calib {
29.500, -23.358, 0.000, 0.000, 0.000, 0.000, 0.000, 0.000, 0.000, 0.000, 0.000, 0.000
}
}


DEF 18823099 {
Version {
0x2
}
Kb {
-0.008, 51.626, 0.127, -0.182, 4.172, 10.491,
-0.050, 7.988, 0.005, -7.750, 3.231, 7.714,
-0.019, -23.174, 0.078, -71.633, 2.548, 16.724,
-0.135, -27.314, -0.047, -47.819, 3.309, 13.440,
0.067, 42.239, 0.125, -2.206, 3.093, 11.050,
-0.004, 25.847, 0.099, 29.890, 3.313, 13.820,
-0.095, 28.772, -0.017, 18.494, 3.164, 18.203,
0.041, -19.653, 0.220, -56.094, 3.316, 12.137,
-0.042, -6.233, 0.059, -2.942, 3.224, 4.271,
0.060, -10.106, 0.141, -28.773, 2.857, 4.596,
-0.068, 73.442, 0.025, 50.960, 4.661, 5.775,
-0.260, -2.064, -0.087, -30.772, 4.146, 0.000
}
Fpn_lg {
178.583, 153.028, 131.583, 130.944, 153.778, 120.250, 158.722, 48.528, 122.722, 154.361, 185.000, 181.833
}
Fpn_hg {
202.750, 177.861, 156.889, 156.667, 180.167, 142.556, 184.750, 75.111, 145.861, 177.500, 210.222, 204.111
}
AutoV20_lg {
0x8
}
AutoV20_hg {
0xa
}
Rampgen {
0xa1
}
Range {
0xf
}
AutoV15 {
0x5
}
Temp_calib {
29.500, -25.959, 0.000, 0.000, 0.000, 0.000, 0.000, 0.000, 0.000, 0.000, 0.000, 0.000
}
}


